Adult + paed ART totals
2000	11	0	387
2001	11	0	964
2002	11	0	1654
2003	11	0	2496
2004	0	9	2567
2004	6	935	2995
2004	11	2223	3351
2005	5	4661	4154
2005	6	5239	4288
2005	11	8497	4958
2006	5	12809	5735
2006	6	13726	5865
2006	11	17325	6512
2007	5	22353	7493
2007	6	23762	7657
2007	11	32405	8474
2008	5	43427	10205
2008	6	45196	10494
2008	7	47068	10782
2008	8	49421	11071
2008	9	51641	11359
2008	10	54000	11648
2008	11	56617	11936
2009	0	58853	12243
2009	1	61088	12550
2009	2	55477	12856
2009	3	57139	13163
2009	4	58189	13470
2009	5	59307	13776
2009	6	60517	14083
2009	7	62706	14390
2009	8	64980	14696
2009	9	68138	15003
2009	10	68792	15310
2009	11	88293	15616
2010	0	90318	15922
2010	1	91639	16227
2010	2	92830	16533
2010	3	95146	16839
2010	4	97773	17144
2010	5	99574	17450
2010	6	102347	17756
2010	7	105077	18061
2010	8	107780	18367
2010	8	96409	18367
2010	9	108245	18673
2010	10	108711	18978
2010	11	109121	19284
2011	8	147726	19657
2011	8	147726	19657
2012	0	136610	19790
2012	1	140974	19798
2012	2	142888	19806
2012	3	145270	19814
2012	4	152240	19822
2012	5	152410	19830
2012	6	153805	19838
2012	7	157195	19846
2012	8	159431	19854
2012	9	162816	19862
2012	10	166550	19870
2012	11	167456	19878
2013	0	172694	19912
2013	1	173258	19947
2013	2	175696	19981
2013	3	178003	20016
2013	4	179835	20050
2013	5	181582	20084
2013	6	184663	20119
2013	7	187999	20153
2013	8	188989	20188
2013	9	198907	20222
2013	10	199921	20257
2013	11	201108	20291
2014	0	203673	20290
2014	1	205444	20290
2014	2	208354	20289
2014	3	212104	20288
2014	4	215564	20288
2014	5	213373	20287
2014	6	218870	20286
2014	7	222858	20286
2014	8	224676	20285
2014	9	229056	20284
2014	10	233109	20283
2014	11	233095	20283
2015	0	238867	20275
2015	1	243825	20267
2015	2	245343	20259
2015	3	252650	20251
2015	4	251934	20243
2015	5	254518	20235
2015	6	257474	20227
2015	7	259971	20219
2015	8	261490	20211
2015	9	265917	20203
2015	10	269249	20196
2015	11	272183	20188
2016	0	275935	20337
2016	1	279665	20486
2016	2	284562	20636
2016	3	290872	20785
2016	4	295784	20934
2016	5	295537	21084
2016	6	299295	21233
2016	7	302361	21382
2016	8	305421	21532
2016	9	308195	21681
2016	10	311391	21830
2016	11	311847	21979
2017	0	315692	21951
2017	1	317975	21923
2017	2	318836	21895
2017	3	321615	21867
2017	4	323225	21839
2017	5	323455	21810
2017	6	324988	21782
2017	7	326316	21754
2017	8	329044	21726
2017	9	330276	21698
2017	10	332401	21669
2017	11	332920	21641
2018	0	335765	21900
2018	1	338061	22159
2018	2	338300	22417
2018	3	344154	22676
2018	4	349105	22935
2018	5	349286	23193
2018	6	351498	23452
2018	7	353621	23711
2018	8	356915	23969
2018	9	360240	24228
2018	10	362407	24487
2018	11	364530	24745
2019	0	366811	24585
2019	1	369631	24425
2019	2	373419	24265
2019	3	376511	24105
2019	4	378161	23945
2019	5	378047	23785
2019	6	378916	23625
2019	7	380390	23464
2019	8	381733	23304
2019	9	381895	23144
2019	10	384865	22984
2019	11	383744	22824
2020	0	383894	23123
2020	1	382568	23422
2020	2	379430	23722
2020	3	381736	24021
2020	4	385072	24320
2020	5	386296	24619
2020	6	389275	24919
2020	7	391381	25218
2020	8	394335	25517
2020	9	389191	25816
2020	10	395978	26115
2020	11	398581	26415
2021	0	399590	26501
2021	1	401323	26588
2021	2	402717	26675
2021	3	404606	26762
2021	4	406583	26849
2021	5	406907	26936
2021	6	405896	27023
2021	7	406809	27110
2021	8	410881	27196
2021	9	413969	27283
2021	10	415526	27370
2021	11	414687	27457
2022	0	417381	27545
2022	1	422414	27633
2022	2	424159	27721
2022	3	425740	27809
2022	4	426987	27897
2022	5	426109	27985
2022	6	425168	28073
2022	7	424945	28161
2022	8	430632	28249
Paed ART totals
2000	11	0	32
2001	11	0	80
2002	11	0	137
2003	11	0	207
2004	0	0	213
2004	5	88	242
2004	6	101	248
2004	11	246	278
2005	5	441	344
2005	6	457	336
2005	11	722	389
2006	5	1068	450
2006	6	1124	433
2006	11	1408	481
2007	5	2061	554
2007	6	2139	531
2007	11	3472	588
2008	5	4136	708
2008	6	4244	673
2008	11	5114	766
2009	5	5897	884
2009	6	6090	829
2009	11	6717	919
2010	0	6745	937
2010	1	6749	955
2010	2	6789	973
2010	3	6814	991
2010	4	6857	1009
2010	5	6893	1027
2010	6	7087	952
2010	7	7302	968
2010	8	7814	985
2010	9	7909	1001
2010	10	8124	1017
2010	11	8529	1034
2011	8	11547	950
2012	0	9024	957
2012	1	9223	957
2012	2	9243	957
2012	3	9698	958
2012	4	9848	958
2012	5	9865	958
2012	6	9991	854
2012	7	10127	855
2012	8	10329	855
2012	9	10722	855
2012	10	10828	856
2012	11	11017	856
2013	0	11240	858
2013	1	11164	859
2013	2	11351	861
2013	3	11374	862
2013	4	11552	864
2013	5	11790	865
2013	6	11556	760
2013	7	11641	762
2013	8	11786	763
2013	9	12739	764
2013	10	12253	766
2013	11	12173	767
2014	0	12339	767
2014	1	12270	767
2014	2	13013	767
2014	3	12620	767
2014	4	12552	767
2014	5	12597	767
2014	6	12933	660
2014	7	12772	660
2014	8	12655	660
2014	9	13129	660
2014	10	13174	660
2014	11	13130	660
2015	0	13131	660
2015	1	13707	659
2015	2	13635	659
2015	3	14844	659
2015	4	13900	659
2015	5	13922	658
2015	6	15692	551
2015	7	15597	551
2015	8	13884	551
2015	9	13874	551
2015	10	14070	551
2015	11	14101	550
2016	0	14201	554
2016	1	14937	559
2016	2	14592	563
2016	3	14624	567
2016	4	14639	571
2016	5	14713	575
2016	6	14526	467
2016	7	14490	470
2016	8	14492	474
2016	9	14341	477
2016	10	14793	480
2016	11	14947	483
2017	0	14913	483
2017	1	14839	482
2017	2	14739	482
2017	3	14733	481
2017	4	14697	480
2017	5	14570	480
2017	6	14692	391
2017	7	14719	390
2017	8	14832	390
2017	9	14570	389
2017	10	14627	389
2017	11	14526	388
2018	0	14540	393
2018	1	14587	397
2018	2	14560	402
2018	3	14659	407
2018	4	14719	411
2018	5	14669	416
2018	6	14581	365
2018	7	14508	369
2018	8	14506	373
2018	9	14463	377
2018	10	14430	381
2018	11	14380	385
2019	0	14343	383
2019	1	14420	380
2019	2	14367	378
2019	3	14287	375
2019	4	14231	373
2019	5	14112	370
2019	6	13918	332
2019	7	14031	329
2019	8	13977	327
2019	9	13932	325
2019	10	13651	323
2019	11	13579	320
2020	0	13464	325
2020	1	13025	329
2020	2	12566	333
2020	3	12628	337
2020	4	12394	341
2020	5	12370	345
2020	6	12391	287
2020	7	12421	291
2020	8	12372	294
2020	9	12376	298
2020	10	12643	301
2020	11	12792	304
2021	0	12128	305
2021	1	12053	306
2021	2	11982	307
2021	3	12029	308
2021	4	12686	309
2021	5	11707	310
2021	6	11660	264
2021	7	12079	265
2021	8	11638	266
2021	9	11536	267
2021	10	11427	268
2021	11	11370	268
2022	0	11330	269
2022	1	11312	270
2022	2	11248	271
2022	3	11102	272
2022	4	11085	273
2022	5	11061	274
2022	6	11419	274
2022	7	10789	275
2022	8	11031	276
LastDateCum, AnnSwitchingCumToCurr
2009.080	0.4952
Paed age distribution
0.10	0.09	0.08	0.11	0.12	0.14	0.15	0.16	0.18	0.21
0.45	0.44	0.40	0.38	0.35	0.35	0.32	0.29	0.30	0.32
Paed age distribution on ART
0.3236	0.2872	0.2520	0.2326	0.2163	0.2121	0.1881	0.1674
0.4123	0.4207	0.4209	0.4132	0.3957	0.3766	0.3596	0.3464
Adult male age distribution on ART
0.01137	0.01284	0.01488	0.01612	0.01636	0.01816	0.01983
0.03715	0.03634	0.03767	0.03553	0.03245	0.02956	0.02889
0.09986	0.09776	0.09588	0.09069	0.08395	0.07640	0.07077
0.15893	0.15168	0.14623	0.13963	0.13541	0.13013	0.12884
0.18714	0.18845	0.18351	0.17817	0.17280	0.16529	0.15788
0.16633	0.16390	0.16670	0.16728	0.17031	0.16897	0.17298
0.12491	0.12603	0.12326	0.12642	0.12930	0.13775	0.13898
0.08771	0.08761	0.08963	0.09314	0.09732	0.10168	0.10378
0.10265	0.10922	0.11444	0.12272	0.13046	0.13955	0.14515
Adult female age distribution on ART
0.05500	0.05377	0.05255	0.04873	0.04443	0.04011	0.03852
0.12238	0.11745	0.11444	0.10697	0.09986	0.09200	0.08630
0.17666	0.17388	0.16633	0.16012	0.15298	0.14429	0.13833
0.18039	0.17587	0.17325	0.17381	0.17329	0.17126	0.17124
0.14903	0.15475	0.15605	0.15588	0.15689	0.15763	0.15626
0.11021	0.10860	0.11252	0.11683	0.12201	0.12668	0.13320
0.08332	0.08537	0.08570	0.08830	0.09039	0.09552	0.09567
0.05080	0.05288	0.05719	0.06250	0.06750	0.07182	0.07464
0.05648	0.06070	0.06476	0.07023	0.07614	0.08404	0.08905
2012 ARV metabolite data (M then F, mean and SD)	
0.2177	0.0767
0.1911	0.0421
2017 ARV metabolite data (M then F, mean and SD)	
0.5204	0.0851
0.6342	0.0473
2022 ARV metabolite data (M then F, mean and SD)	
0.6840	0.1296
0.8220	0.0485
Fraction of adult ART patients who are male (mean, SD)
2012	0.2921	0.0200
2015	0.2490	0.0100
2016	0.2500	0.0100
2017	0.2327	0.0100
2018	0.2521	0.0100
2019	0.2337	0.0100
2020	0.2526	0.0100
2021	0.2531	0.0100