Adult + paed ART totals
2000	11	0	464
2001	11	0	1157
2002	11	0	1966
2003	11	30	2892
2004	0	194	2972
2004	6	2625	3448
2004	11	5907	3845
2005	5	11749	4651
2005	6	12499	4786
2005	11	18157	5458
2006	5	25034	6210
2006	6	26088	6335
2006	11	31303	6962
2007	5	37261	8002
2007	6	38543	8175
2007	11	45897	9042
2008	5	56761	10864
2008	6	58700	11168
2008	7	60645	11472
2008	8	63045	11775
2008	9	64925	12079
2008	10	66891	12383
2008	11	68950	12687
2009	0	71264	13022
2009	1	73245	13357
2009	2	75304	13693
2009	3	80652	14028
2009	4	82888	14364
2009	5	84662	14699
2009	6	86617	15034
2009	7	89180	15370
2009	8	90930	15705
2009	9	91437	16041
2009	10	94000	16376
2009	11	96822	16711
2010	0	97012	17020
2010	1	99779	17329
2010	2	102748	17638
2010	3	105756	17946
2010	4	109386	18255
2010	5	112105	18564
2010	6	115386	18873
2010	7	118694	19182
2010	8	122379	19490
2010	8	122379	19490
2010	9	124993	19799
2010	10	128297	20108
2010	11	130901	20417
2015	6	200661	25549
2015	7	199018	25612
2015	8	204184	25675
2015	9	210419	25738
2015	10	212536	25801
2015	11	212531	25864
2016	0	215002	26136
2016	1	217386	26409
2016	2	218020	26681
2016	3	217791	26954
2016	4	219325	27226
2016	5	218046	27498
2016	6	216781	27771
2016	7	219433	28043
2016	8	222856	28316
2016	9	233126	28588
2016	10	236659	28861
2016	11	235873	29133
2017	0	236779	29025
2017	1	239731	28918
2017	2	241422	28810
2017	3	245067	28703
2017	4	245576	28595
2017	5	243393	28487
2017	6	248345	28380
2017	7	248254	28272
2017	8	244088	28165
2017	9	250624	28057
2017	10	251904	27950
2017	11	253329	27842
2018	0	255898	27916
2018	1	255137	27990
2018	2	252740	28064
2018	3	263286	28138
2018	4	268190	28211
2018	5	268672	28285
2018	6	272184	28359
2018	7	275195	28433
2018	8	278802	28507
2018	9	285795	28581
2018	10	287056	28655
2018	11	289348	28729
2019	0	294170	28355
2019	1	297127	27981
2019	2	300105	27608
2019	3	303953	27234
2019	4	307666	26860
2019	5	307295	26487
2019	6	309614	26113
2019	7	312106	25739
2019	8	315571	25366
2019	9	329068	24992
2019	10	329848	24618
2019	11	329295	24245
2020	0	329738	24846
2020	1	328723	25447
2020	2	328490	26048
2020	3	329729	26648
2020	4	331962	27249
2020	5	331162	27850
2020	6	332772	28451
2020	7	335374	29052
2020	8	339672	29653
2020	9	343277	30254
2020	10	338438	30855
2020	11	339797	31456
2021	0	339961	31553
2021	1	340797	31650
2021	2	342085	31746
2021	3	341406	31843
2021	4	338416	31940
2021	5	336109	32037
2021	6	343347	32133
2021	7	344561	32230
2021	8	345780	32327
2021	9	347527	32424
2021	10	349650	32521
2021	11	349175	32617
2022	0	348115	32722
2022	1	350138	32826
2022	2	352624	32931
2022	3	347756	33036
2022	4	355244	33140
2022	5	353802	33245
2022	6	355896	33349
2022	7	355611	33454
2022	8	358482	33559
Paed ART totals
2000	11	0	38
2001	11	0	96
2002	11	0	163
2003	11	0	240
2004	0	15	246
2004	5	131	279
2004	6	137	286
2004	11	306	319
2005	5	616	386
2005	6	689	375
2005	11	1179	428
2006	5	1804	487
2006	6	1895	468
2006	11	2679	515
2007	5	3502	591
2007	6	3641	567
2007	11	4700	628
2008	5	5530	754
2008	6	5653	716
2008	11	6464	814
2009	5	7319	943
2009	6	7496	885
2009	11	8341	984
2010	0	8583	1002
2010	1	8764	1020
2010	2	8764	1038
2010	3	8764	1057
2010	4	8764	1075
2010	5	8790	1093
2010	6	8941	1012
2010	7	9152	1028
2010	8	9405	1045
2010	9	9566	1061
2010	10	9724	1078
2010	11	9860	1094
2015	6	10634	697
2015	7	10212	698
2015	8	10533	700
2015	9	10742	702
2015	10	10838	703
2015	11	10763	705
2016	0	10856	713
2016	1	10703	720
2016	2	11297	727
2016	3	10700	735
2016	4	10499	742
2016	5	10879	750
2016	6	10438	611
2016	7	10316	617
2016	8	10083	623
2016	9	10353	629
2016	10	10194	635
2016	11	10096	641
2017	0	10019	638
2017	1	10056	636
2017	2	9989	634
2017	3	9773	631
2017	4	9867	629
2017	5	9610	627
2017	6	9564	509
2017	7	9393	507
2017	8	9332	505
2017	9	9211	503
2017	10	9195	501
2017	11	9229	499
2018	0	9190	501
2018	1	9220	502
2018	2	9093	503
2018	3	9264	505
2018	4	9377	506
2018	5	9639	507
2018	6	9389	441
2018	7	9664	443
2018	8	9386	444
2018	9	9435	445
2018	10	9439	446
2018	11	9372	447
2019	0	9487	441
2019	1	9357	435
2019	2	9374	430
2019	3	9468	424
2019	4	9985	418
2019	5	9457	412
2019	6	10221	366
2019	7	10531	361
2019	8	9309	356
2019	9	9127	351
2019	10	9027	345
2019	11	8913	340
2020	0	9467	349
2020	1	8826	357
2020	2	8757	366
2020	3	9093	374
2020	4	8789	382
2020	5	10029	391
2020	6	8478	328
2020	7	8477	335
2020	8	8516	342
2020	9	8280	349
2020	10	8186	356
2020	11	8076	363
2021	0	8062	364
2021	1	8036	365
2021	2	7995	366
2021	3	7984	367
2021	4	7900	368
2021	5	7925	369
2021	6	7809	314
2021	7	8396	315
2021	8	7669	316
2021	9	7636	317
2021	10	7639	318
2021	11	7623	319
2022	0	7525	320
2022	1	7591	321
2022	2	7603	322
2022	3	7573	323
2022	4	7652	324
2022	5	7501	325
2022	6	7500	326
2022	7	8909	327
2022	8	7434	328
LastDateCum, AnnSwitchingCumToCurr
2010.920	0.3223
Paed age distribution
0.10	0.09	0.08	0.11	0.12	0.14	0.15	0.16	0.18	0.21
0.45	0.44	0.40	0.38	0.35	0.35	0.32	0.29	0.30	0.32
Paed age distribution on ART
0.2880	0.2549	0.2289	0.2123	0.1863	0.1860	0.1669	0.1524
0.4237	0.4151	0.4032	0.3856	0.3654	0.3503	0.3406	0.3318
Adult male age distribution on ART
0.01442	0.01571	0.01746	0.01923	0.01986	0.02005	0.02167
0.05298	0.05245	0.05427	0.05226	0.04919	0.04313	0.04019
0.12239	0.11971	0.11836	0.11168	0.10932	0.10287	0.09707
0.17509	0.16881	0.16369	0.16286	0.15953	0.15265	0.15163
0.19625	0.19468	0.18979	0.18226	0.17761	0.17474	0.16983
0.15791	0.15680	0.15927	0.16343	0.16661	0.16603	0.16976
0.11909	0.11965	0.11833	0.11799	0.11812	0.12663	0.12817
0.07618	0.07896	0.07917	0.08362	0.08710	0.09052	0.09328
0.06456	0.06917	0.07388	0.08021	0.08623	0.09627	0.10208
Adult female age distribution on ART
0.06189	0.06277	0.06233	0.06038	0.05754	0.05277	0.05046
0.12987	0.12811	0.12644	0.12278	0.11690	0.10652	0.10133
0.18186	0.17895	0.17239	0.16457	0.15944	0.15458	0.15020
0.17821	0.17411	0.17275	0.17393	0.17436	0.17061	0.17124
0.15094	0.15190	0.15058	0.14873	0.14784	0.14996	0.14990
0.10851	0.10770	0.11161	0.11580	0.11799	0.12198	0.12556
0.07753	0.07937	0.07977	0.08105	0.08413	0.09062	0.09091
0.04894	0.05008	0.05304	0.05659	0.06014	0.06381	0.06677
0.04293	0.04638	0.04958	0.05440	0.06003	0.06846	0.07378
2012 ARV metabolite data (M then F, mean and SD)	
0.3289	0.0758
0.4314	0.0448
2017 ARV metabolite data (M then F, mean and SD)	
0.5237	0.0683
0.6516	0.0413
2022 ARV metabolite data (M then F, mean and SD)	
0.7430	0.0566
0.8230	0.0301
Fraction of adult ART patients who are male (mean, SD)
2012	0.3606	0.0200
2015	0.3078	0.0100
2016	0.3059	0.0100
2017	0.2943	0.0100
2018	0.3017	0.0100
2019	0.2972	0.0100
2020	0.3089	0.0100
2021	0.3109	0.0100