cholIMIS 0
	              0	              0	              0	              0	              0	              0	              0	              0	              0	              0	              0
	              0	              0	              0	              0	              0	              0	              0	              0	              0	              0	              0
	              0	              0	              0	              0	              0	              0	              0	              0	              0	              0	              0
	              0	              0	              0	              0	              0	              0	              0	              0	              0	              0	              0
	              0	              0	              0	              0	              0	              0	              0	              0	              0	              0	              0
	              0	              0	              0	              0	              0	              0	              0	              0	              0	              0	              0
	              0	              0	              0	              0	              0	              0	              0	              0	              0	              0	              0
	              0	              0	              0	              0	              0	              0	              0	              0	              0	              0	              0
	              0	              0	              0	              0	              0	              0	              0	              0	              0	              0	              0
	              0	              0	              0	              0	              0	              0	              0	              0	              0	              0	              0
	              0	              0	              0	              0	              0	              0	              0	              0	              0	              0	              0
cholIMIS 1
	       0.530961	         -0.262	     -0.0722069	      0.0246075	      0.0116123	     -0.0288205	     -0.0282619	       0.178306	      0.0108467	     -0.0202192	       0.140927
	              0	       0.809473	      0.0267669	     0.00559428	    -0.00569004	      0.0113457	     0.00958182	     -0.0653488	      0.0161608	     -0.0128317	     -0.0524095
	              0	              0	       0.263516	    -0.00370045	    -0.00480944	     0.00946144	     0.00456864	     -0.0408383	     0.00924431	    -0.00544105	     -0.0181172
	              0	              0	              0	       0.211934	     0.00122745	   -0.000124198	    -0.00132295	     0.00472475	    -0.00129977	     0.00104864	     0.00126702
	              0	              0	              0	              0	      0.0574924	    0.000388176	    -0.00613558	      0.0361143	     -0.0537198	     0.00708749	      0.0150143
	              0	              0	              0	              0	              0	      0.0846648	     0.00714621	     -0.0478415	      0.0184499	    -0.00831843	     -0.0316208
	              0	              0	              0	              0	              0	              0	      0.0568488	     -0.0323837	      0.0273533	     0.00514616	     -0.0374837
	              0	              0	              0	              0	              0	              0	              0	        0.26914	     -0.0348232	    -0.00915825	      0.0632335
	              0	              0	              0	              0	              0	              0	              0	              0	       0.773726	   -4.23895e-05	      0.0027872
	              0	              0	              0	              0	              0	              0	              0	              0	              0	       0.282383	     0.00649335
	              0	              0	              0	              0	              0	              0	              0	              0	              0	              0	       0.230832
cholIMIS 2
	       0.420278	       0.183323	     -0.0106917	    -0.00878364	     -0.0325399	    -0.00716908	     -0.0220661	       0.041722	       -0.20626	       0.135647	     -0.0233901
	              0	       0.923143	      0.0197047	     -0.0220268	      -0.031325	    -0.00206669	     -0.0165522	     0.00782599	      -0.206953	      0.0912294	     -0.0544561
	              0	              0	       0.234704	   -0.000418676	     0.00117693	     0.00388124	     0.00319125	     -0.0152611	     -0.0043187	      -0.030806	     -0.0107972
	              0	              0	              0	       0.213447	      0.0103676	    -0.00185159	     0.00334683	     -0.0188712	      0.0850811	     -0.0402322	     0.00572843
	              0	              0	              0	              0	      0.0803255	      0.0126142	      0.0218728	     -0.0365675	       0.275417	      -0.143358	      0.0333149
	              0	              0	              0	              0	              0	      0.0805458	     0.00271862	     -0.0134093	      0.0485382	     -0.0243146	      -0.001818
	              0	              0	              0	              0	              0	              0	      0.0572001	     -0.0164077	      0.0806391	      -0.058792	      0.0031856
	              0	              0	              0	              0	              0	              0	              0	       0.245158	     -0.0528865	      0.0446129	      0.0153701
	              0	              0	              0	              0	              0	              0	              0	              0	       0.847855	     -0.0370093	     0.00684433
	              0	              0	              0	              0	              0	              0	              0	              0	              0	       0.309972	     -0.0131697
	              0	              0	              0	              0	              0	              0	              0	              0	              0	              0	       0.233876
cholIMIS 3
	       0.531105	       0.172855	     -0.0303596	    -0.00807308	     -0.0137693	     0.00783098	      0.0220543	      0.0202582	       0.289918	       0.134223	      0.0891328
	              0	       0.796612	     -0.0115048	     0.00083361	    -0.00441728	       0.012962	      0.0133249	     -0.0295628	       0.106826	      0.0554839	      0.0419924
	              0	              0	       0.231226	     -0.0156926	    0.000573793	   -0.000980492	    -0.00088946	    -0.00200505	     0.00170061	     0.00167034	     -0.0220206
	              0	              0	              0	        0.20405	     0.00321656	    -0.00393133	   -0.000576264	    0.000480773	     -0.0411712	     -0.0224967	     0.00285767
	              0	              0	              0	              0	       0.055731	     0.00125427	    -0.00357462	     0.00821994	      -0.063767	     -0.0327294	     -0.0134817
	              0	              0	              0	              0	              0	      0.0781166	     0.00521682	     -0.0140032	     0.00447711	     0.00337575	       0.024711
	              0	              0	              0	              0	              0	              0	      0.0558777	     -0.0186272	       0.129283	      0.0483985	      0.0494668
	              0	              0	              0	              0	              0	              0	              0	       0.230163	     -0.0619384	     -0.0130593	    -0.00368278
	              0	              0	              0	              0	              0	              0	              0	              0	        0.81577	      0.0286202	      0.0330867
	              0	              0	              0	              0	              0	              0	              0	              0	              0	        0.28071	      0.0361145
	              0	              0	              0	              0	              0	              0	              0	              0	              0	              0	       0.233045
cholIMIS 4
	       0.368806	     -0.0370931	     -0.0129592	      0.0213003	    -0.00967088	    -0.00411339	     -0.0081721	     -0.0295091	      0.0422301	     -0.0322732	      0.0530458
	              0	       0.833355	      0.0325724	     -0.0631793	      0.0152573	       0.014859	      0.0166671	       0.104822	    -0.00971815	       0.134745	       -0.08899
	              0	              0	       0.223008	     -0.0221437	     0.00194732	     0.00229773	     0.00723256	       0.040368	      -0.008553	      0.0321818	     -0.0222461
	              0	              0	              0	       0.235436	     -0.0146722	     -0.0156714	     -0.0186535	      -0.126311	     -0.0210343	      -0.121159	       0.112697
	              0	              0	              0	              0	      0.0601242	      0.0143529	      0.0187429	       0.100416	      0.0363554	        0.10298	     -0.0777629
	              0	              0	              0	              0	              0	      0.0775408	     0.00705458	      0.0201833	      0.0312419	      0.0194646	     -0.0221789
	              0	              0	              0	              0	              0	              0	      0.0556902	      0.0837363	     0.00712336	       0.079971	     -0.0565686
	              0	              0	              0	              0	              0	              0	              0	       0.261281	     -0.0546384	       0.091558	     -0.0680771
	              0	              0	              0	              0	              0	              0	              0	              0	       0.714473	    -0.00716015	      0.0121971
	              0	              0	              0	              0	              0	              0	              0	              0	              0	       0.283401	     -0.0497298
	              0	              0	              0	              0	              0	              0	              0	              0	              0	              0	       0.256626
cholIMIS 5
	        0.34973	       -1.29549	    -0.00100389	     -0.0135295	     -0.0226737	     -0.0334391	      0.0124502	      -0.162426	     -0.0126097	       0.129931	       0.294978
	              0	       0.660705	   -0.000395748	      0.0131036	      0.0050653	      0.0136916	     0.00262302	      0.0591315	     0.00476317	     -0.0650313	     -0.0704205
	              0	              0	      0.0872016	     -0.0081326	     0.00306285	     0.00107094	    -0.00205406	      0.0124201	    -0.00357793	      0.0202299	     -0.0237217
	              0	              0	              0	      0.0874783	    -0.00398731	    -0.00284942	    0.000551962	     -0.0371517	    -0.00645259	     -0.0429904	      0.0502606
	              0	              0	              0	              0	      0.0235473	     0.00224727	    -0.00438354	      0.0330287	      0.0196634	      0.0356915	     -0.0606022
	              0	              0	              0	              0	              0	      0.0306803	     0.00490586	      0.0078017	      0.0380632	     0.00152037	      0.0050539
	              0	              0	              0	              0	              0	              0	      0.0317108	      0.0080197	     -0.0271875	      0.0104719	       0.059337
	              0	              0	              0	              0	              0	              0	              0	       0.100206	     -0.0126551	      0.0306804	     -0.0465102
	              0	              0	              0	              0	              0	              0	              0	              0	       0.275409	   -0.000717126	    -0.00258906
	              0	              0	              0	              0	              0	              0	              0	              0	              0	        0.12353	      -0.015035
	              0	              0	              0	              0	              0	              0	              0	              0	              0	              0	       0.116325
cholIMIS 6
	       0.169601	      -0.652484	     -0.0424956	      0.0151266	    -0.00127559	     -0.0167664	     0.00510001	     -0.0153195	     -0.0194662	      0.0380131	      0.0932571
	              0	       0.494932	      0.0123988	       0.007565	     0.00363961	      0.0137022	    0.000770654	     0.00604872	      0.0065594	     -0.0358297	     -0.0545089
	              0	              0	      0.0629828	     -0.0324627	    -0.00385885	     0.00175145	    -0.00247316	     0.00876903	      -0.034709	     -0.0218716	      0.0346353
	              0	              0	              0	      0.0517269	    -0.00275907	     0.00535151	     0.00128743	     -0.0260634	   -0.000920291	     0.00884127	      -0.021396
	              0	              0	              0	              0	      0.0174111	    -0.00705095	    -0.00212152	      0.0325063	      0.0511441	     -0.0130191	     -0.0131299
	              0	              0	              0	              0	              0	      0.0247083	     0.00824827	     0.00152479	     -0.0643373	    -0.00834016	     -0.0173324
	              0	              0	              0	              0	              0	              0	      0.0202663	     0.00643507	     -0.0393259	     -0.0349506	      0.0629374
	              0	              0	              0	              0	              0	              0	              0	      0.0567235	     -0.0155771	     0.00234404	     -0.0236449
	              0	              0	              0	              0	              0	              0	              0	              0	       0.240887	      0.0168856	     -0.0175861
	              0	              0	              0	              0	              0	              0	              0	              0	              0	        0.10117	     -0.0773939
	              0	              0	              0	              0	              0	              0	              0	              0	              0	              0	      0.0846047
cholIMIS 7
	       0.149047	       0.145511	     -0.0381022	      0.0355246	        0.01049	     0.00577147	      0.0367923	      0.0239749	      -0.135351	     -0.0868693	      0.0292224
	              0	       0.492769	     -0.0110646	      0.0361172	      0.0108951	      0.0190322	      0.0171517	     -0.0153428	     -0.0328673	      -0.113072	      0.0234091
	              0	              0	      0.0510731	     -0.0439636	    -0.00508644	     -0.0032411	    -0.00282679	      0.0175986	     -0.0765331	     0.00712029	      0.0199646
	              0	              0	              0	      0.0481322	     0.00403998	     0.00578576	    -0.00254011	     -0.0290992	      0.0109751	     -0.0477877	      0.0322508
	              0	              0	              0	              0	      0.0168973	    -0.00100448	     0.00388063	      0.0315768	       0.012125	     -0.0447697	     -0.0147975
	              0	              0	              0	              0	              0	      0.0171518	     0.00900955	     -0.0142449	      -0.066291	    -0.00832838	      0.0247297
	              0	              0	              0	              0	              0	              0	      0.0226709	      0.0129569	     -0.0397709	    -0.00190518	      -0.007063
	              0	              0	              0	              0	              0	              0	              0	      0.0537342	    -0.00800767	     0.00450792	     -0.0377809
	              0	              0	              0	              0	              0	              0	              0	              0	       0.238849	       0.047626	     -0.0578833
	              0	              0	              0	              0	              0	              0	              0	              0	              0	      0.0873539	     -0.0761354
	              0	              0	              0	              0	              0	              0	              0	              0	              0	              0	      0.0728095
cholIMIS 8
	       0.170474	     -0.0590721	     -0.0272377	    -0.00850568	     -0.0164918	      -0.016012	      0.0176774	      0.0623855	      -0.136653	    -0.00828686	    -0.00330975
	              0	       0.268912	    -0.00504245	      0.0139168	     0.00421393	     0.00895691	     0.00946172	    -0.00875684	    -0.00357229	     -0.0247469	     -0.0106959
	              0	              0	      0.0462836	     -0.0436083	    -0.00857672	    -0.00396517	    -0.00301735	      0.0154292	     -0.0157965	      0.0196455	    -0.00525983
	              0	              0	              0	      0.0388687	     0.00316184	     0.00547247	    -0.00661921	     -0.0546963	      0.0317178	     -0.0153086	      0.0265852
	              0	              0	              0	              0	      0.0182238	     0.00233888	     0.00129234	     0.00784964	      0.0108498	     -0.0307487	      0.0183116
	              0	              0	              0	              0	              0	      0.0164313	      0.0160292	     -0.0111011	     -0.0773481	    -0.00157758	       0.016116
	              0	              0	              0	              0	              0	              0	      0.0177102	      0.0102204	     -0.0507726	     -0.0232351	      0.0310665
	              0	              0	              0	              0	              0	              0	              0	      0.0586817	     -0.0106936	     -0.0113849	     -0.0555759
	              0	              0	              0	              0	              0	              0	              0	              0	       0.177215	       0.030735	     -0.0379313
	              0	              0	              0	              0	              0	              0	              0	              0	              0	      0.0688101	     -0.0653889
	              0	              0	              0	              0	              0	              0	              0	              0	              0	              0	      0.0518448
cholIMIS 9
	       0.165882	       -0.05061	     -0.0221523	    -0.00225746	    -0.00822324	    -0.00879205	      0.0194609	      0.0458989	      -0.149857	     -0.0105843	     0.00133926
	              0	       0.364876	      0.0154231	    -0.00956206	    -0.00705302	      0.0101351	      0.0121738	      0.0122203	      0.0229105	     0.00333243	     -0.0734273
	              0	              0	      0.0487685	     -0.0447254	     -0.0129998	    0.000486451	     0.00043141	       0.025418	     -0.0141952	      0.0492189	       -0.07301
	              0	              0	              0	      0.0322902	     0.00104704	     0.00571476	    -0.00219546	     -0.0405974	    0.000504621	    -0.00468502	    -0.00785744
	              0	              0	              0	              0	       0.020685	    -0.00135533	    -0.00531829	      0.0269017	      0.0973436	     -0.0475927	      0.0244827
	              0	              0	              0	              0	              0	      0.0181509	       0.014822	     -0.0232679	     -0.0527905	     0.00210651	      0.0175161
	              0	              0	              0	              0	              0	              0	      0.0169587	     0.00966696	     -0.0230677	     -0.0163897	      0.0166917
	              0	              0	              0	              0	              0	              0	              0	      0.0660528	      0.0711974	     -0.0121729	     -0.0839453
	              0	              0	              0	              0	              0	              0	              0	              0	       0.213771	       0.035399	     -0.0578563
	              0	              0	              0	              0	              0	              0	              0	              0	              0	       0.069376	     -0.0754702
	              0	              0	              0	              0	              0	              0	              0	              0	              0	              0	      0.0630672
cholIMIS 10
	       0.242573	      -0.201787	     -0.0253505	      -0.023436	     -0.0158806	     -0.0350649	     -0.0144651	      0.0825367	      -0.258165	      0.0859254	     -0.0604762
	              0	       0.310361	     -0.0118106	     0.00711083	    -0.00389785	     0.00688733	      0.0104238	      0.0458695	      0.0350987	     -0.0299882	     -0.0605834
	              0	              0	      0.0367414	     -0.0263221	    -0.00186212	     0.00408221	     0.00470743	     -0.0268146	    -0.00117485	       0.036378	     -0.0105343
	              0	              0	              0	      0.0286308	      0.0015891	     0.00586268	   -0.000191499	     -0.0565498	      0.0433131	    0.000587198	      0.0124363
	              0	              0	              0	              0	      0.0171767	     0.00230582	     0.00375449	    -0.00156098	      0.0561324	      -0.032616	       0.031268
	              0	              0	              0	              0	              0	      0.0139209	      0.0196116	     -0.0114871	     -0.0102522	     -0.0115869	      0.0113928
	              0	              0	              0	              0	              0	              0	      0.0142272	     0.00228511	      0.0073763	     -0.0167838	       0.014121
	              0	              0	              0	              0	              0	              0	              0	      0.0652039	    -0.00422239	     -0.0396223	     -0.0282774
	              0	              0	              0	              0	              0	              0	              0	              0	       0.174419	      0.0315503	     -0.0485331
	              0	              0	              0	              0	              0	              0	              0	              0	              0	      0.0576672	     -0.0590239
	              0	              0	              0	              0	              0	              0	              0	              0	              0	              0	      0.0420034
cholIMIS 11
	       0.179836	     0.00638211	     -0.0448495	      0.0317386	    -0.00225036	    -0.00669372	      0.0144601	   -3.50287e-05	     -0.0669285	     0.00814256	     -0.0072975
	              0	       0.478043	     -0.0238671	      0.0407598	     0.00761216	      0.0105302	     0.00689577	     -0.0495364	      0.0380184	     -0.0231817	     -0.0120966
	              0	              0	      0.0612611	     -0.0643563	     -0.0111638	     0.00421762	     0.00231178	       0.049443	      -0.141703	    -0.00910755	     0.00323097
	              0	              0	              0	      0.0381114	     0.00164326	     0.00253112	    -0.00687424	     -0.0464171	      0.0456722	    -0.00558256	      0.0159752
	              0	              0	              0	              0	      0.0163099	    -0.00126219	     0.00156705	      0.0163456	      0.0150584	     -0.0183296	     0.00421527
	              0	              0	              0	              0	              0	      0.0170737	       0.010606	    -0.00246553	     -0.0778728	    0.000889657	    -0.00764819
	              0	              0	              0	              0	              0	              0	      0.0195042	      0.0106023	     -0.0181809	     0.00425762	    0.000544273
	              0	              0	              0	              0	              0	              0	              0	      0.0647964	     -0.0161819	     -0.0126245	     -0.0537997
	              0	              0	              0	              0	              0	              0	              0	              0	       0.213187	      0.0103834	     -0.0154291
	              0	              0	              0	              0	              0	              0	              0	              0	              0	      0.0818886	     -0.0785485
	              0	              0	              0	              0	              0	              0	              0	              0	              0	              0	      0.0606142
cholIMIS 12
	       0.157517	     -0.0573487	     -0.0248006	     0.00119177	    -0.00925614	    -0.00854844	      0.0244662	      0.0412934	     -0.0681915	      0.0102202	     -0.0201321
	              0	       0.394282	     0.00965329	     0.00331365	    -0.00100443	      0.0092069	    -0.00305094	    0.000244393	       0.149049	      0.0178145	      -0.102589
	              0	              0	      0.0518352	      -0.051028	    -0.00867996	    -0.00245721	     0.00345359	      0.0204159	     -0.0175751	      0.0187592	    -0.00324758
	              0	              0	              0	      0.0442524	     0.00655217	     0.00477913	     -0.0143721	     -0.0648085	       0.171394	     0.00752745	     0.00115224
	              0	              0	              0	              0	      0.0198471	     0.00648965	      0.0040117	     -0.0088768	      0.0334299	     -0.0112146	      0.0166916
	              0	              0	              0	              0	              0	      0.0190924	      0.0214762	    -0.00996047	    -0.00985797	      0.0181693	     -0.0114158
	              0	              0	              0	              0	              0	              0	       0.028174	     0.00473539	      -0.096989	     -0.0245719	      0.0491017
	              0	              0	              0	              0	              0	              0	              0	      0.0814795	      0.0284351	     -0.0125303	     -0.0874918
	              0	              0	              0	              0	              0	              0	              0	              0	        0.32734	      0.0472951	     -0.0713276
	              0	              0	              0	              0	              0	              0	              0	              0	              0	      0.0716019	     -0.0637379
	              0	              0	              0	              0	              0	              0	              0	              0	              0	              0	      0.0628069
cholIMIS 13
	       0.147258	      -0.122136	     -0.0316492	      0.0119395	     -0.0077854	    -0.00877426	      0.0134773	      0.0226896	      -0.150306	     0.00270873	    -0.00144306
	              0	       0.433709	      0.0159938	     -0.0134502	   -0.000169625	     0.00105526	    -0.00344643	     0.00272063	       0.214099	     0.00897372	     -0.0565832
	              0	              0	       0.042321	     -0.0418832	    -0.00751681	    -0.00142069	    7.90265e-05	      0.0173672	     -0.0449247	       0.021384	     -0.0109899
	              0	              0	              0	      0.0298785	     0.00323508	     0.00584621	    -0.00529007	     -0.0474431	     0.00443456	     -0.0119516	      0.0178031
	              0	              0	              0	              0	      0.0175219	    -0.00190644	     -0.0105388	    -0.00512229	       0.112475	   -0.000340585	     0.00635758
	              0	              0	              0	              0	              0	      0.0186408	      0.0247067	    -0.00328727	     -0.0739021	     -0.0172641	      0.0138262
	              0	              0	              0	              0	              0	              0	      0.0185231	      0.0217796	     -0.0385148	     -0.0444262	      0.0324829
	              0	              0	              0	              0	              0	              0	              0	      0.0623569	      0.0056009	      -0.033711	     -0.0467787
	              0	              0	              0	              0	              0	              0	              0	              0	       0.201763	      0.0232136	     -0.0328718
	              0	              0	              0	              0	              0	              0	              0	              0	              0	      0.0734918	     -0.0842068
	              0	              0	              0	              0	              0	              0	              0	              0	              0	              0	      0.0465593
cholIMIS 14
	       0.177842	      0.0229552	     -0.0295733	      0.0286466	    -0.00494774	    -0.00558602	    -0.00762181	      0.0199702	      -0.168409	    -0.00231269	      -0.049767
	              0	       0.411995	     0.00744241	      -0.011032	    -0.00347195	    -0.00275131	     0.00192085	     0.00847505	       0.214892	    -0.00504419	     -0.0390841
	              0	              0	       0.030941	     -0.0256547	    -0.00668057	     0.00375532	    0.000635345	      0.0149232	     -0.0935918	     0.00410245	     -0.0128797
	              0	              0	              0	      0.0302608	     0.00812481	      0.0112588	     -0.0102286	     -0.0382606	      0.0222612	    -0.00811713	     -0.0158076
	              0	              0	              0	              0	       0.015901	   -0.000653309	     -0.0048184	    -0.00765501	       0.209323	    -0.00362165	       0.010524
	              0	              0	              0	              0	              0	      0.0145378	      0.0189117	     0.00411861	     -0.0191338	    -0.00824585	     -0.0164878
	              0	              0	              0	              0	              0	              0	      0.0158862	    -0.00395101	      0.0732294	     -0.0128305	       0.024221
	              0	              0	              0	              0	              0	              0	              0	      0.0564185	     -0.0548445	     -0.0352898	     -0.0375294
	              0	              0	              0	              0	              0	              0	              0	              0	        0.24348	      0.0146386	     -0.0266911
	              0	              0	              0	              0	              0	              0	              0	              0	              0	      0.0547984	     -0.0732681
	              0	              0	              0	              0	              0	              0	              0	              0	              0	              0	      0.0302547
cholIMIS 15
	        0.22136	      -0.120084	     -0.0429723	      0.0382875	    -0.00368591	    -0.00191367	      0.0208275	     -0.0350457	       0.119643	      0.0211199	     0.00945132
	              0	       0.415064	     0.00143807	    -0.00724761	    -0.00374532	    -0.00318404	    -0.00477764	        0.02989	      -0.055988	     -0.0389971	     -0.0287981
	              0	              0	      0.0285466	     -0.0230064	    -0.00337824	   -0.000198307	    -0.00162138	     0.00800556	      -0.068601	      0.0103714	     -0.0093764
	              0	              0	              0	      0.0234575	     0.00313075	     0.00987748	    0.000386641	     -0.0319313	    -0.00664729	   -0.000455906	    -0.00822857
	              0	              0	              0	              0	      0.0143842	    0.000450689	      0.0022988	   -0.000375521	       0.198959	     -0.0192123	      0.0167729
	              0	              0	              0	              0	              0	      0.0173922	      0.0278761	     -0.0208194	       0.162604	    -0.00708481	      0.0257214
	              0	              0	              0	              0	              0	              0	      0.0179618	    -0.00813842	       0.200242	     -0.0160281	      0.0371789
	              0	              0	              0	              0	              0	              0	              0	      0.0486249	       -0.12902	     -0.0410559	     -0.0188008
	              0	              0	              0	              0	              0	              0	              0	              0	       0.256844	     0.00646601	    -0.00889095
	              0	              0	              0	              0	              0	              0	              0	              0	              0	      0.0565667	      -0.069988
	              0	              0	              0	              0	              0	              0	              0	              0	              0	              0	      0.0324072
cholIMIS 16
	       0.193006	    -0.00783667	      -0.030387	      0.0214589	    -0.00703302	     -0.0113543	    0.000763567	     -0.0181003	     -0.0181676	      0.0128858	     0.00794015
	              0	       0.435211	     -0.0218315	      0.0249732	    -0.00219118	    8.23684e-05	    -0.00147416	      -0.031476	     -0.0739946	    -0.00896004	     -0.0251343
	              0	              0	      0.0304852	     -0.0231162	     -0.0010686	     0.00372458	    0.000120023	     0.00789975	       0.105317	      0.0138486	     -0.0207254
	              0	              0	              0	      0.0262254	     0.00825487	      0.0129589	      0.0017281	     -0.0300592	      0.0794794	     0.00302652	     -0.0272112
	              0	              0	              0	              0	      0.0132571	     0.00332982	     0.00137876	      0.0139354	      0.0763983	    -0.00569722	     -0.0210947
	              0	              0	              0	              0	              0	      0.0136418	      0.0173123	    -0.00488212	     0.00567263	      0.0249709	     -0.0371128
	              0	              0	              0	              0	              0	              0	      0.0106868	      0.0084157	     0.00408513	     -0.0165436	      0.0125884
	              0	              0	              0	              0	              0	              0	              0	      0.0438221	      0.0160251	     -0.0254712	     -0.0306998
	              0	              0	              0	              0	              0	              0	              0	              0	       0.208324	     0.00871416	     -0.0121972
	              0	              0	              0	              0	              0	              0	              0	              0	              0	      0.0587482	      -0.068929
	              0	              0	              0	              0	              0	              0	              0	              0	              0	              0	      0.0274954
cholIMIS 17
	       0.237618	       -0.22244	     -0.0301368	      0.0108422	     0.00371829	     -0.0243069	    -0.00881252	      0.0177641	      0.0457027	      0.0351568	      -0.034418
	              0	       0.365371	     -0.0091222	      0.0109098	    -0.00846665	     -0.0019215	    -0.00789323	   -0.000169737	        -0.1265	     -0.0135864	     -0.0348493
	              0	              0	      0.0349595	     -0.0326599	     -0.0042945	    -0.00280921	    -0.00734597	      0.0198388	      0.0238392	     0.00916046	     -0.0169976
	              0	              0	              0	      0.0219372	     0.00271077	      0.0132808	     0.00449084	     -0.0303914	    -0.00318421	     -0.0169657	      0.0080044
	              0	              0	              0	              0	      0.0157559	    -0.00292299	    -0.00560102	    -0.00171219	       0.195443	      0.0148344	     -0.0226387
	              0	              0	              0	              0	              0	      0.0185545	       0.024838	     -0.0047222	    -0.00353565	    -0.00524913	      0.0110052
	              0	              0	              0	              0	              0	              0	      0.0135711	    -0.00693808	      0.0889828	     -0.0184325	      0.0312773
	              0	              0	              0	              0	              0	              0	              0	      0.0430273	      -0.100634	     -0.0331257	     -0.0210323
	              0	              0	              0	              0	              0	              0	              0	              0	       0.263928	       0.021004	     -0.0274246
	              0	              0	              0	              0	              0	              0	              0	              0	              0	      0.0525513	      -0.065448
	              0	              0	              0	              0	              0	              0	              0	              0	              0	              0	      0.0235215
cholIMIS 18
	       0.150832	     -0.0535663	       -0.01236	     0.00455379	     0.00191343	     -0.0119829	    -0.00899114	     0.00607589	      0.0227219	      0.0177033	     -0.0190523
	              0	       0.327615	      0.0023758	     0.00332104	     0.00034427	     0.00549765	      0.0075752	     -0.0318916	       0.119492	      0.0035446	     -0.0127546
	              0	              0	      0.0392749	     -0.0434464	     0.00953433	    -0.00571575	     -0.0108572	       0.014849	       0.228752	      0.0461889	     -0.0401744
	              0	              0	              0	      0.0254415	    -0.00178974	      0.0148823	      0.0141515	     -0.0467487	      0.0263928	     -0.0136178	      0.0269056
	              0	              0	              0	              0	      0.0172809	    -0.00106775	    -0.00142984	     -0.0120639	       0.195857	      0.0183141	     -0.0141014
	              0	              0	              0	              0	              0	      0.0152688	      0.0251288	      -0.023923	       0.086099	      0.0141468	     0.00543467
	              0	              0	              0	              0	              0	              0	      0.0147047	     -0.0155517	      0.0677313	      0.0150862	     0.00855283
	              0	              0	              0	              0	              0	              0	              0	      0.0484107	     -0.0713686	     -0.0482317	    -0.00660824
	              0	              0	              0	              0	              0	              0	              0	              0	       0.189922	      0.0103727	     -0.0145331
	              0	              0	              0	              0	              0	              0	              0	              0	              0	      0.0463252	     -0.0554602
	              0	              0	              0	              0	              0	              0	              0	              0	              0	              0	      0.0261932
cholIMIS 19
	       0.110848	     -0.0971631	     -0.0237907	      0.0159891	   -0.000188057	    -0.00263166	     0.00903454	      0.0128046	     -0.0433577	     -0.0100683	     0.00557705
	              0	       0.265494	    0.000106119	     0.00405874	    -0.00232867	     0.00295678	     0.00262082	     -0.0115496	      0.0246115	     0.00256824	     -0.0390697
	              0	              0	      0.0510078	      -0.025816	     -0.0172785	     0.00610416	     -0.0145418	     -0.0155411	       0.216278	      -0.017629	      0.0287823
	              0	              0	              0	      0.0233047	   -0.000530433	     0.00898222	    -0.00378784	     -0.0585826	       0.109642	     -0.0109888	      0.0421982
	              0	              0	              0	              0	      0.0142607	     0.00810983	      0.0154147	     0.00717572	      0.0845714	     -0.0253964	     0.00650539
	              0	              0	              0	              0	              0	      0.0126319	      0.0210877	   -0.000424175	      0.0352985	   -0.000848936	     -0.0118459
	              0	              0	              0	              0	              0	              0	     0.00995813	      0.0052692	       0.105359	     -0.0128873	     0.00641205
	              0	              0	              0	              0	              0	              0	              0	        0.03915	    -0.00599158	     -0.0162316	     -0.0396414
	              0	              0	              0	              0	              0	              0	              0	              0	       0.204122	     0.00409009	    -0.00950216
	              0	              0	              0	              0	              0	              0	              0	              0	              0	      0.0469817	     -0.0652067
	              0	              0	              0	              0	              0	              0	              0	              0	              0	              0	      0.0173012
cholIMIS 20
	       0.148412	      0.0048482	     -0.0177988	      0.0206003	    0.000908778	    -0.00729226	    -0.00686213	     -0.0361135	     -0.0402702	       0.017451	     0.00868523
	              0	       0.420928	     -0.0152131	      0.0214152	      0.0030999	    -0.00144889	    -0.00928103	     -0.0628981	      -0.106728	     0.00438148	     0.00258653
	              0	              0	      0.0343042	     -0.0421288	     -0.0045622	    -0.00249381	     0.00309981	      0.0308663	       0.254826	      0.0400658	     -0.0467456
	              0	              0	              0	      0.0335617	     0.00962787	     0.00893716	     -0.0131424	     -0.0703844	       -0.20114	     -0.0254116	      0.0584952
	              0	              0	              0	              0	      0.0148853	    -0.00047261	    -0.00384266	     0.00761019	      0.0339891	      -0.012606	   -0.000984831
	              0	              0	              0	              0	              0	       0.013745	      0.0197857	     -0.0120395	       0.145883	      0.0204449	     -0.0202866
	              0	              0	              0	              0	              0	              0	      0.0118125	      0.0224113	       0.121682	     -0.0150587	       -0.01165
	              0	              0	              0	              0	              0	              0	              0	      0.0604487	     -0.0330938	     -0.0577168	     -0.0185688
	              0	              0	              0	              0	              0	              0	              0	              0	       0.266061	      0.0210398	     -0.0316069
	              0	              0	              0	              0	              0	              0	              0	              0	              0	      0.0486316	     -0.0563579
	              0	              0	              0	              0	              0	              0	              0	              0	              0	              0	      0.0250372
