Male deaths
815.99	1162.71	1211.79	1068.15	1168.50	1332.30	1609.35	1806.88	2070.59	2552.33	2749.19	2895.01	2597.03	2405.12	2098.18	2514.32	2488.31	2559.71	2476.45	2220.56	2112.37	2043.47
360.32	473.67	433.33	512.15	567.11	591.15	666.42	862.76	954.78	1123.67	1061.21	1082.58	960.16	1078.01	776.26	973.59	853.26	751.81	701.57	588.32	534.93	464.08
151.69	173.44	168.53	215.80	203.12	213.41	245.69	319.64	283.76	344.14	296.97	285.42	252.08	237.42	236.46	307.59	246.92	266.17	245.23	194.42	154.40	152.18
163.02	177.59	172.63	194.88	186.54	182.72	198.81	235.59	238.30	258.42	231.34	223.33	245.54	237.42	234.95	250.42	211.31	239.53	217.67	255.55	201.52	222.38
249.93	278.96	317.66	338.74	321.31	342.18	360.21	381.71	366.41	378.97	372.55	366.54	384.38	375.73	330.83	377.48	343.32	372.94	370.02	350.76	353.92	315.94
425.24	471.26	518.97	489.16	529.86	567.44	629.48	651.85	613.12	647.42	679.20	684.00	682.94	622.54	653.46	656.30	594.19	604.38	626.27	659.01	572.49	478.09
564.52	712.77	745.36	823.68	939.10	1032.95	1188.03	1176.09	1103.30	1137.11	1132.02	1195.12	1128.59	1077.26	967.63	1034.13	950.10	875.80	901.73	900.48	929.42	826.52
670.24	820.49	993.36	1068.29	1272.29	1513.73	1841.30	1930.57	1923.01	1957.14	1946.13	1882.59	1822.79	1635.11	1495.51	1457.27	1360.15	1299.61	1197.38	1275.24	1143.98	1089.74
705.22	896.23	1050.67	1223.82	1372.67	1716.58	1966.64	2177.93	2164.26	2296.39	2308.90	2241.27	2179.84	1977.49	1901.28	1899.31	1664.27	1629.16	1441.91	1458.84	1305.91	1264.07
739.56	925.34	1034.62	1129.06	1356.43	1483.65	1883.34	1947.59	2101.38	2338.77	2261.50	2164.70	2183.37	2062.23	1893.01	1917.90	1763.34	1734.05	1649.82	1559.60	1504.46	1319.19
808.80	994.39	1072.81	1209.34	1270.50	1377.19	1691.87	1746.46	1828.52	1946.30	1940.99	2044.56	2147.89	1940.25	1843.13	1894.54	1734.71	1694.65	1560.50	1593.67	1452.78	1376.35
760.44	939.96	956.71	1198.70	1258.72	1492.89	1608.96	1763.41	1696.39	1935.30	1810.67	1899.37	1872.32	1832.69	1799.11	1713.02	1779.22	1712.60	1668.74	1655.71	1602.75	1437.33
887.45	1029.63	1102.81	1092.79	1116.67	1167.68	1356.58	1421.14	1609.05	1732.43	1851.36	1876.37	1889.78	1759.37	1803.20	1798.31	1729.85	1744.49	1748.40	1751.58	1660.32	1682.16
783.71	972.79	1108.70	1172.51	1196.66	1347.34	1450.08	1483.18	1341.77	1374.33	1391.05	1402.05	1573.64	1671.98	1770.79	1917.17	2021.15	2156.81	1992.93	1910.30	1936.04	1794.88
1070.30	1072.92	993.28	910.31	1056.40	1056.76	1306.30	1363.97	1406.85	1662.66	1669.03	1715.07	1757.03	1543.89	1492.62	1543.70	1493.09	1745.06	1832.83	1914.13	1948.07	1970.89
905.53	1200.70	1172.93	1155.53	1303.98	1206.01	1357.73	1125.05	1043.02	1227.50	1292.90	1406.05	1568.45	1625.89	1772.18	1764.13	1728.98	1730.39	1674.71	1551.50	1487.87	1403.67
1102.10	1264.31	1028.96	980.04	1016.77	1011.06	1145.68	1183.87	1177.45	1279.87	1262.86	1219.78	1171.58	1073.32	1073.35	1196.05	1366.43	1507.28	1597.34	1674.61	1541.01	1558.31
629.03	872.46	819.51	920.67	982.83	1038.84	1055.17	923.16	836.13	874.41	882.72	920.34	1013.23	1023.88	1015.46	1092.66	994.70	930.03	895.48	943.04	966.87	1020.31
420.21	505.70	546.20	552.93	561.33	497.90	649.26	544.43	589.59	700.20	752.45	726.06	728.61	643.14	663.43	696.33	708.65	761.33	769.42	805.29	740.93	700.38
257.97	337.85	302.27	314.24	390.59	425.93	458.29	452.81	449.81	550.31	547.81	520.76	800.76	637.39	642.60	640.57	630.86	644.68	675.38	686.72	665.73	580.32
Female deaths
731.49	981.33	1131.54	994.78	1053.25	1188.87	1352.96	1620.69	1834.08	2255.69	2329.06	2451.01	2210.10	2178.54	1826.54	2094.38	2089.42	2191.02	2162.53	1812.17	1769.80	1741.37
312.17	422.45	431.45	471.68	527.22	580.13	639.29	848.51	826.64	992.10	945.84	1042.34	883.52	904.49	731.57	906.48	783.22	686.50	588.68	556.23	460.64	438.57
128.85	162.23	141.85	164.30	160.68	175.71	215.28	277.50	280.63	261.39	261.60	278.09	225.62	206.13	235.04	289.65	207.34	192.60	197.55	182.09	132.05	156.04
122.62	120.78	146.80	110.01	176.23	158.25	153.95	185.22	209.81	212.98	200.10	187.06	210.13	197.13	188.43	196.32	190.79	192.18	190.03	163.08	160.06	173.92
192.70	227.06	258.92	264.01	340.07	357.77	395.33	404.79	381.43	382.64	347.18	351.11	336.68	335.16	339.29	335.22	314.48	301.17	308.16	299.15	286.11	236.49
343.51	450.07	595.83	698.19	762.71	844.29	992.60	1042.35	1048.88	1090.78	1012.32	963.31	888.13	823.09	715.84	700.67	619.05	563.49	531.74	456.65	452.17	413.57
528.20	649.05	804.35	1021.56	1293.37	1633.05	1896.81	2064.01	2117.42	2264.13	2100.73	2007.27	1936.13	1677.72	1528.82	1429.43	1268.54	1173.24	1013.29	870.91	799.30	675.62
482.48	655.24	842.82	1080.86	1379.22	1673.06	2065.60	2371.60	2570.93	2755.31	2680.11	2613.01	2277.67	2081.13	1863.85	1911.55	1633.63	1579.75	1452.69	1279.17	1220.46	1111.82
443.57	617.80	774.59	965.51	1145.77	1473.53	1853.33	2033.13	2192.47	2327.34	2290.67	2274.74	2128.32	2095.36	1817.62	1910.80	1603.59	1605.96	1496.86	1340.00	1256.97	1168.70
462.94	546.34	668.19	770.46	946.68	1136.94	1475.91	1686.38	1826.36	1950.87	1900.80	1884.07	1721.54	1647.49	1512.16	1547.49	1500.71	1448.16	1393.47	1386.48	1245.93	1231.66
402.01	542.81	584.92	653.12	840.22	970.69	1074.31	1212.25	1343.41	1483.69	1498.64	1492.90	1559.84	1520.17	1484.76	1385.37	1346.99	1372.40	1305.50	1216.39	1158.44	1132.55
391.58	542.81	531.22	609.61	724.79	798.06	926.78	1070.07	1076.59	1203.57	1245.64	1259.81	1259.61	1186.33	1167.88	1259.67	1208.41	1369.49	1309.56	1247.50	1162.86	1167.65
533.91	622.49	595.12	525.98	600.28	694.90	801.29	785.13	979.47	1075.14	1082.92	1118.73	1183.14	1071.44	1053.54	1122.51	1141.49	1160.47	1197.06	1169.81	1181.45	1125.09
682.79	784.16	817.01	864.39	927.98	945.39	1004.33	996.61	952.97	954.75	1024.53	1099.35	1117.54	1140.73	1108.94	1160.35	1213.39	1232.14	1306.26	1330.51	1282.49	1232.54
938.02	1121.53	1045.59	941.98	1058.05	1064.17	1230.99	1083.73	1211.65	1337.92	1271.08	1294.85	1265.64	1152.59	1126.03	1163.90	1286.60	1245.98	1303.93	1296.67	1317.50	1327.76
697.86	1045.15	1114.13	1287.44	1480.76	1468.27	1601.20	1393.74	1302.71	1373.54	1430.73	1333.43	1571.00	1571.00	1476.41	1436.21	1431.83	1526.88	1458.69	1327.53	1410.54	1323.31
1202.53	1466.41	1119.35	973.55	1036.54	1084.75	1321.28	1236.75	1565.23	1799.39	1780.91	1869.60	1857.18	1537.57	1537.55	1597.72	1689.47	1762.71	1874.05	1796.93	1710.65	1629.93
781.34	1167.77	1121.68	1338.70	1624.25	1610.12	1561.85	1202.88	1048.47	1130.09	1213.20	1331.43	1652.05	1872.13	1939.13	2055.60	2035.38	1999.89	1830.95	1816.94	1720.29	1729.33
697.29	974.08	893.75	812.92	860.47	829.55	1158.09	1059.58	1159.60	1542.23	1471.42	1416.46	1399.89	1174.75	1126.86	1232.04	1391.30	1636.88	1865.68	2087.52	1953.74	1799.90
568.84	807.28	722.79	924.16	1103.09	1087.79	1222.61	1051.00	1045.75	1230.82	1326.68	1424.46	1951.24	1827.91	1860.29	1846.87	1850.57	2015.62	1967.51	2207.90	2102.80	2127.90
SElogNonHIVmort
0.1357
AdjustedCompleteness
0.9356	1.0754	0.9761	0.9452	1.0067	1.0316	1.1694	1.0949	1.0840	1.2620	1.2913	1.2744	1.3316	1.2185	1.1978	1.2150	1.1960	1.2338	1.1968	1.1720	1.1183	1.0596
0.9581	1.1846	1.0275	1.0489	1.1718	1.1527	1.2753	1.1092	1.1570	1.2996	1.2901	1.2855	1.3720	1.2576	1.2012	1.2015	1.2172	1.2436	1.2326	1.2297	1.1645	1.1070

