Male deaths
3654.26	4352.37	5100.42	5320.01	5812.67	6435.71	7229.72	7502.19	7595.33	8135.72	8044.68	7810.35	7190.89	6217.53	5346.73	5328.81	5084.06	5407.02	5201.68	4806.21	4570.59	4308.99
745.20	928.85	949.38	1007.33	1096.67	1322.24	1365.34	1584.06	1477.13	1613.79	1500.22	1536.33	1336.16	1229.66	982.49	901.61	864.66	885.81	838.53	780.75	672.78	654.39
334.78	326.77	335.81	365.06	374.42	438.98	515.51	507.36	583.68	517.27	480.26	457.50	415.99	380.12	332.18	336.20	311.66	290.61	342.57	305.19	289.49	278.50
289.06	336.24	270.14	287.09	269.58	310.05	313.33	369.36	330.60	344.45	362.28	307.01	385.71	324.08	283.21	292.12	295.99	305.89	299.84	285.57	269.24	287.62
850.14	877.05	835.49	796.16	786.78	760.40	792.51	767.36	801.15	767.13	819.96	857.04	813.43	670.87	618.46	629.37	646.54	646.43	692.23	706.45	641.73	578.67
2223.88	2211.74	2013.99	1965.08	1945.31	2059.09	2190.83	2099.79	2011.09	2085.97	2132.95	2120.93	1981.51	1705.37	1575.92	1517.21	1622.55	1684.96	1817.94	1751.63	1679.20	1503.91
2894.73	3359.73	3358.84	3530.70	3846.28	4287.12	4325.27	4158.82	3879.27	3800.51	3755.87	3765.58	3525.62	3085.59	2919.56	2901.35	2775.08	2770.21	2902.79	3020.15	2754.41	2528.09
2952.35	3484.37	3800.74	4152.93	4667.60	5230.38	5960.47	5892.50	5952.27	5767.15	5896.09	5650.83	5123.41	4342.30	3983.13	3811.62	3704.87	3870.88	3711.20	3836.46	3482.13	3113.56
2936.46	3427.74	3654.74	3985.85	4515.74	5069.01	5611.84	6185.42	6220.94	6205.95	6219.21	6191.56	5858.49	5150.60	4755.44	4602.63	4293.50	3973.42	4050.66	3992.23	3644.30	3307.92
2899.53	3275.93	3285.33	3627.88	3991.77	4533.96	5065.40	5611.29	5613.81	5791.19	5823.22	5638.74	5428.64	4990.30	4512.66	4424.44	4290.42	4206.38	4176.73	4090.43	3631.74	3327.60
2845.58	3243.36	3230.61	3482.95	3732.77	4085.38	4512.42	4830.08	5082.95	5205.56	5120.56	5210.87	5085.11	4724.06	4491.06	4230.67	4213.21	4003.29	3957.03	3990.26	3502.08	3529.31
2619.03	2900.09	3039.55	3175.14	3423.90	3776.55	4221.91	4160.38	4316.55	4640.88	4693.13	4865.37	4855.86	4549.11	4525.46	4299.97	4239.67	4254.66	4173.46	4142.35	3845.49	3594.19
2795.56	3008.18	2855.64	2850.04	2970.25	3097.57	3513.85	3666.65	4040.29	4196.94	4381.65	4381.36	4424.09	4408.42	4277.88	4431.69	4263.58	4259.25	4470.97	4266.71	4173.43	3922.43
2404.73	2623.84	2631.46	2793.25	2948.09	3040.40	3411.14	3201.99	3335.77	3545.58	3494.47	3732.67	4031.09	4136.99	4122.30	4200.47	4292.18	4308.95	4404.63	4531.13	4405.62	4390.59
2500.68	2708.28	2516.23	2497.39	2449.07	2659.77	2787.54	2919.72	2970.60	3321.54	3323.30	3498.08	3497.61	3375.12	3427.69	3420.23	3516.90	3863.64	4131.99	4119.84	4221.39	3998.73
2400.82	2578.92	2420.28	2477.75	2470.01	2505.01	2636.99	2429.88	2408.74	2679.69	2725.58	2809.21	3037.78	2980.19	3131.13	3157.24	3164.92	3367.68	3369.02	3494.96	3376.16	3481.92
2364.50	2320.68	2162.58	1988.08	2160.70	2170.63	2314.02	2276.76	2346.56	2445.34	2385.42	2470.55	2464.73	2295.68	2427.99	2449.22	2575.26	2683.36	2844.39	2954.59	2997.10	2990.68
1447.34	1646.88	1477.02	1670.38	1791.18	1820.02	1874.55	1757.48	1670.72	1933.49	1845.52	1825.99	1968.41	1866.13	2009.99	2075.47	1990.33	2055.94	2006.00	2107.29	2086.12	2116.54
808.90	956.93	921.34	933.53	877.80	887.23	1090.02	1022.13	1096.24	1330.84	1277.51	1219.00	1294.45	1208.36	1261.99	1206.51	1291.93	1414.23	1364.22	1429.79	1387.71	1442.05
402.01	443.54	420.71	483.24	585.62	666.00	626.17	611.94	640.56	692.37	697.65	768.65	974.84	769.07	782.02	827.46	836.23	888.68	798.71	838.39	966.64	959.35
Female deaths
3164.93	3766.81	4375.52	4666.96	4901.75	5654.50	6242.80	6434.10	6738.80	6824.43	6704.42	6700.61	5924.31	5061.57	4597.91	4568.23	4494.29	4417.12	4211.80	3872.90	3662.21	3482.32
652.76	828.74	870.05	892.26	1031.03	1086.64	1224.28	1395.81	1273.12	1364.58	1284.75	1321.35	1130.27	1057.13	830.97	749.14	760.08	722.23	695.11	671.31	578.71	540.73
235.25	279.39	289.47	240.74	293.68	347.24	371.67	491.19	443.01	427.40	362.90	388.48	356.57	268.01	253.22	290.13	256.79	266.10	256.29	262.96	233.56	224.94
231.14	233.52	214.19	214.02	222.70	249.95	290.06	293.46	290.97	304.36	296.38	263.33	344.63	284.57	241.68	255.40	244.29	234.85	253.62	237.36	211.51	218.91
488.19	574.81	552.14	628.63	656.89	698.31	729.05	749.07	724.01	713.94	713.86	676.61	679.51	602.71	521.00	517.28	484.42	568.54	513.56	487.62	500.20	438.42
1114.55	1311.77	1561.64	1765.64	1886.10	2220.20	2562.91	2571.07	2410.97	2413.74	2230.47	2138.69	1915.87	1693.26	1458.34	1357.71	1266.11	1185.91	1107.85	1000.49	863.09	824.84
1492.42	1933.26	2303.41	2800.34	3423.06	4002.66	4535.55	4846.56	4511.93	4472.94	4084.68	4227.04	3846.10	3174.17	2821.32	2557.65	2342.80	2139.68	1879.10	1843.58	1483.31	1430.84
1556.71	1964.87	2415.50	2924.24	3341.97	4183.06	5016.12	5493.31	5438.93	5433.54	5200.47	5089.04	4536.77	3932.84	3419.70	3181.27	3061.10	2859.60	2648.25	2429.49	2305.32	1966.75
1504.57	1911.02	2226.25	2610.60	2937.56	3580.87	4069.61	4766.10	4678.84	4717.53	4686.82	4668.56	4411.62	3884.96	3409.42	3280.73	3074.19	2864.81	2780.28	2649.48	2376.27	2278.14
1456.18	1830.61	1939.14	2311.54	2528.19	3015.17	3576.19	3915.91	3980.74	4042.70	4045.58	3998.73	3881.49	3514.95	3160.63	3017.74	2891.55	2804.38	2821.49	2681.19	2459.88	2223.55
1456.22	1713.34	1879.08	1999.93	2268.84	2563.03	2929.67	3256.91	3357.47	3563.31	3567.15	3503.58	3486.89	3345.33	3038.38	2927.45	2850.99	2772.93	2662.72	2584.31	2509.10	2393.35
1489.47	1639.58	1664.40	1855.82	2026.15	2214.45	2575.72	2826.03	3009.97	3170.18	3211.61	3154.51	3239.09	3137.19	3006.12	2956.22	2944.10	2879.62	2811.70	2764.88	2671.21	2637.70
1661.39	1914.29	1791.71	1977.13	1918.92	2066.56	2367.81	2488.83	2641.77	2764.77	2954.65	3032.78	3090.56	2932.12	3102.96	2871.47	3117.04	3003.35	3056.60	3128.29	2950.89	2834.36
1980.31	2104.05	1966.27	2166.40	2221.04	2349.57	2460.12	2592.32	2537.23	2689.40	2673.33	2777.03	2895.44	2956.07	3103.11	2989.75	3095.58	3245.57	3298.99	3322.54	3355.46	3367.34
2164.65	2423.57	2274.52	2219.36	2354.78	2480.37	2477.23	2551.30	2790.31	2870.78	3025.35	2977.10	3059.48	2840.60	2967.63	2866.47	2964.22	3266.73	3302.14	3525.65	3402.59	3485.29
2165.86	2456.37	2279.78	2670.02	2592.80	2681.02	2881.22	2736.07	2588.93	2899.09	2962.88	2861.57	3115.19	3164.57	3227.87	3249.14	3398.06	3411.46	3280.03	3346.76	3315.43	3455.55
2494.35	2446.61	2272.49	2394.81	2384.67	2484.47	2652.96	2695.88	2849.87	3007.63	3035.94	3010.31	3182.34	2907.13	3139.09	3202.11	3239.44	3424.89	3506.46	3612.94	3447.24	3609.93
1975.61	2324.85	2268.89	2390.18	2520.63	2624.48	2497.63	2380.12	2403.15	2635.91	2601.37	2731.41	2953.76	2983.86	3087.98	3011.83	3098.21	3230.34	3157.18	3165.03	3160.56	3320.16
1571.49	1698.14	1738.17	1736.54	1837.56	1725.63	2004.56	1818.94	1954.99	2280.65	2219.88	2149.68	2231.68	2029.39	2262.70	2200.98	2436.56	2558.88	2686.75	2711.78	2750.58	2637.00
1009.39	1103.92	1087.07	1198.00	1365.45	1446.29	1479.02	1482.84	1427.73	1695.74	1642.94	1683.97	2002.63	1760.00	1962.67	1889.02	1919.69	2148.70	2123.51	2184.05	2318.54	2284.82
SElogNonHIVmort
0.0974
AdjustedCompleteness
1.3375	1.4044	1.2927	1.2778	1.2687	1.2522	1.2493	1.1222	1.0985	1.1592	1.0822	1.0797	1.1112	1.0409	1.0502	1.0309	1.0140	1.0279	1.0077	0.9982	0.9580	0.9176
1.3278	1.3914	1.2898	1.3203	1.2932	1.2694	1.2462	1.1554	1.1306	1.1821	1.1183	1.0768	1.1251	1.0544	1.0967	1.0507	1.0561	1.0787	1.0455	1.0335	0.9920	0.9753

