Adult + paed ART totals
2000	11	0	422
2001	11	0	1054
2002	11	0	1738
2003	11	50	2444
2003	11	78	2444
2004	0	114	2503
2004	6	1015	2858
2004	11	2027	3153
2004	11	2325	3153
2005	5	2341	3680
2005	6	2520	3768
2005	11	3356	4206
2005	11	6692	4206
2006	5	3812	4652
2006	6	3812	4726
2006	11	11728	5097
2006	11	14800	5097
2007	5	22830	5793
2007	6	25896	5909
2007	11	31032	6489
2007	11	26037	6489
2008	5	37678	7700
2008	6	37756	7902
2008	7	38069	8104
2008	8	40232	8305
2008	9	41399	8507
2008	10	42871	8709
2008	11	44299	8911
2009	0	45727	9138
2009	1	47222	9364
2009	2	37093	9591
2009	3	38454	9818
2009	4	39696	10045
2009	5	46766	10272
2009	6	48129	10499
2009	7	49931	10726
2009	8	51992	10953
2009	9	54042	11180
2009	10	55874	11407
2009	11	56443	11634
2010	0	59027	11815
2010	1	60517	11997
2010	2	62386	12179
2010	3	65273	12361
2010	4	67765	12542
2010	5	70092	12724
2010	6	72917	12906
2010	7	75783	13088
2010	8	78610	13269
2010	8	81979	13269
2010	9	78981	13451
2010	10	79157	13633
2010	11	79204	13815
2011	8	109680	14922
2011	8	109423	14922
2012	0	109149	15377
2012	1	111042	15463
2012	2	113563	15550
2012	3	116598	15636
2012	4	119253	15722
2012	5	113476	15809
2012	6	116469	15895
2012	7	122628	15981
2012	8	123678	16067
2012	9	129852	16154
2012	10	135626	16240
2012	11	135930	16326
2013	0	134432	16438
2013	1	133586	16550
2013	2	134024	16662
2013	3	137609	16774
2013	4	141204	16886
2013	5	140945	16997
2013	6	139731	17109
2013	7	143374	17221
2013	8	145193	17333
2013	9	148629	17445
2013	10	149810	17557
2013	11	150574	17669
2014	0	154365	17743
2014	1	157599	17817
2014	2	159653	17891
2014	3	160554	17965
2014	4	162375	18040
2014	5	162903	18114
2014	6	163349	18188
2014	7	166313	18262
2014	8	167454	18337
2014	9	172119	18411
2014	10	174786	18485
2014	11	176801	18559
2015	0	178717	18625
2015	1	183067	18690
2015	2	186560	18756
2015	3	188072	18822
2015	4	188468	18887
2015	5	188516	18953
2015	6	189885	19018
2015	7	190720	19084
2015	8	192939	19150
2015	9	200708	19215
2015	10	202170	19281
2015	11	202502	19346
2016	0	203859	19568
2016	1	207415	19790
2016	2	207200	20012
2016	3	210090	20234
2016	4	205171	20456
2016	5	211712	20678
2016	6	212159	20900
2016	7	214109	21122
2016	8	215354	21344
2016	9	234594	21565
2016	10	237713	21787
2016	11	238584	22009
2017	0	238766	21947
2017	1	240283	21885
2017	2	238080	21823
2017	3	240604	21761
2017	4	239745	21699
2017	5	241095	21636
2017	6	244110	21574
2017	7	244989	21512
2017	8	246002	21450
2017	9	261161	21388
2017	10	262764	21326
2017	11	263470	21264
2018	0	262957	21260
2018	1	263801	21256
2018	2	264628	21253
2018	3	266458	21249
2018	4	267217	21245
2018	5	267156	21241
2018	6	270195	21238
2018	7	272598	21234
2018	8	273392	21230
2018	9	281330	21226
2018	10	283287	21223
2018	11	283790	21219
2019	0	285087	21315
2019	1	286019	21411
2019	2	288017	21508
2019	3	288566	21604
2019	4	289602	21700
2019	5	289292	21796
2019	6	291386	21893
2019	7	292066	21989
2019	8	294215	22085
2019	9	295088	22181
2019	10	295055	22278
2019	11	293724	22374
2020	0	291576	22569
2020	1	289748	22764
2020	2	289046	22959
2020	3	290096	23154
2020	4	292232	23349
2020	5	293163	23544
2020	6	293948	23739
2020	7	294229	23934
2020	8	296971	24129
2020	9	297294	24324
2020	10	297504	24520
2020	11	298381	24715
2021	0	299736	24792
2021	1	300804	24869
2021	2	301784	24947
2021	3	302315	25024
2021	4	303526	25102
2021	5	302166	25179
2021	6	301671	25256
2021	7	303916	25334
2021	8	306397	25411
2021	9	304554	25489
2021	10	305811	25566
2021	11	307273	25644
2022	0	308355	25726
2022	1	310921	25808
2022	2	312271	25890
2022	3	313199	25972
2022	4	314147	26055
2022	5	312471	26137
2022	6	313188	26219
2022	7	313336	26301
2022	8	313273	26384
Paed ART totals
2000	11	0	35
2001	11	0	87
2002	11	0	144
2003	11	0	203
2004	0	0	208
2004	5	0	232
2004	6	0	237
2004	11	194	261
2005	5	465	305
2005	6	501	295
2005	11	806	330
2006	5	806	365
2006	6	806	349
2006	11	806	377
2007	5	806	428
2007	6	806	410
2007	11	1511	450
2008	5	2066	534
2008	6	2091	507
2008	11	2857	572
2009	5	3601	659
2009	6	3913	618
2009	11	4738	685
2010	0	4919	696
2010	1	5138	706
2010	2	5254	717
2010	3	5422	728
2010	4	5612	738
2010	5	5851	749
2010	6	6129	692
2010	7	6373	702
2010	8	6578	711
2010	9	6752	721
2010	10	6834	731
2010	11	8020	741
2011	8	9732	721
2012	0	6540	743
2012	1	6851	747
2012	2	6600	752
2012	3	7054	756
2012	4	7484	760
2012	5	7180	764
2012	6	7373	685
2012	7	7635	688
2012	8	7728	692
2012	9	8136	696
2012	10	8403	699
2012	11	8397	703
2013	0	8392	708
2013	1	8332	713
2013	2	8262	718
2013	3	8463	722
2013	4	8625	727
2013	5	8590	732
2013	6	8663	647
2013	7	8735	651
2013	8	8732	655
2013	9	8998	659
2013	10	8908	664
2013	11	8803	668
2014	0	9068	671
2014	1	9309	673
2014	2	9474	676
2014	3	9206	679
2014	4	9465	682
2014	5	9434	685
2014	6	9416	592
2014	7	10475	594
2014	8	9968	597
2014	9	9279	599
2014	10	9419	601
2014	11	9458	604
2015	0	9424	606
2015	1	9695	608
2015	2	9757	610
2015	3	9742	612
2015	4	9644	614
2015	5	9552	617
2015	6	9470	519
2015	7	9444	520
2015	8	9567	522
2015	9	9905	524
2015	10	10007	526
2015	11	9864	527
2016	0	10012	534
2016	1	10116	540
2016	2	10127	546
2016	3	10895	552
2016	4	9845	558
2016	5	9889	564
2016	6	9888	460
2016	7	9946	465
2016	8	10164	469
2016	9	9804	474
2016	10	9841	479
2016	11	9886	484
2017	0	9908	483
2017	1	9958	481
2017	2	9856	480
2017	3	10239	479
2017	4	9808	477
2017	5	9769	476
2017	6	9880	387
2017	7	9870	386
2017	8	9842	385
2017	9	10019	383
2017	10	9937	382
2017	11	9956	381
2018	0	9951	381
2018	1	9949	381
2018	2	9912	381
2018	3	10277	381
2018	4	9949	381
2018	5	9924	381
2018	6	9924	331
2018	7	10038	330
2018	8	9964	330
2018	9	9700	330
2018	10	9708	330
2018	11	9665	330
2019	0	9696	332
2019	1	9705	333
2019	2	10469	335
2019	3	9537	336
2019	4	9442	338
2019	5	9384	339
2019	6	9426	307
2019	7	9358	309
2019	8	9263	310
2019	9	8724	311
2019	10	8706	313
2019	11	8630	314
2020	0	8489	317
2020	1	8460	319
2020	2	8348	322
2020	3	8534	325
2020	4	8279	328
2020	5	8202	330
2020	6	8220	274
2020	7	8142	276
2020	8	8204	278
2020	9	7727	280
2020	10	7668	283
2020	11	7638	285
2021	0	7548	286
2021	1	7556	287
2021	2	7477	288
2021	3	7480	288
2021	4	7548	289
2021	5	7341	290
2021	6	7296	247
2021	7	7652	248
2021	8	7401	248
2021	9	6938	249
2021	10	6893	250
2021	11	6841	251
2022	0	6859	251
2022	1	6900	252
2022	2	6861	253
2022	3	6774	254
2022	4	6775	255
2022	5	6698	255
2022	6	6557	256
2022	7	6517	257
2022	8	6724	258
LastDateCum, AnnSwitchingCumToCurr
2009.080	0.0001
Paed age distribution
0.10	0.09	0.08	0.11	0.12	0.14	0.15	0.16	0.18	0.21
0.45	0.44	0.40	0.38	0.35	0.35	0.32	0.29	0.30	0.32
Paed age distribution on ART
0.2490	0.2161	0.1966	0.1799	0.1714	0.1668	0.1501	0.1373
0.4419	0.4344	0.4238	0.4144	0.3840	0.3520	0.3334	0.3117
Adult male age distribution on ART
0.01817	0.02036	0.02222	0.02130	0.02084	0.02301	0.02338
0.06723	0.06747	0.06953	0.06368	0.05928	0.05069	0.04704
0.14617	0.14094	0.13755	0.13149	0.12800	0.11827	0.11193
0.18385	0.18041	0.17863	0.17798	0.17548	0.17023	0.16653
0.18485	0.18387	0.17838	0.17603	0.17395	0.17377	0.17269
0.14554	0.14476	0.14701	0.15157	0.15202	0.15443	0.15786
0.10666	0.10772	0.10631	0.10688	0.10837	0.11474	0.11760
0.06748	0.06838	0.06866	0.07181	0.07675	0.08002	0.08184
0.05805	0.06241	0.06588	0.07125	0.07621	0.08468	0.09041
Adult female age distribution on ART
0.06768	0.06552	0.06600	0.06084	0.05764	0.05262	0.05093
0.13799	0.13617	0.13461	0.12846	0.12102	0.10998	0.10345
0.18217	0.17760	0.17254	0.16724	0.16323	0.15786	0.15439
0.17274	0.17041	0.16894	0.17092	0.17051	0.16970	0.16885
0.14621	0.14624	0.14336	0.14236	0.14281	0.14548	0.14698
0.10982	0.11035	0.11189	0.11594	0.11739	0.12047	0.12218
0.07922	0.08231	0.08309	0.08451	0.08648	0.09138	0.09243
0.04732	0.04946	0.05261	0.05754	0.06178	0.06600	0.06874
0.03674	0.04101	0.04533	0.05100	0.05722	0.06464	0.07019
2012 ARV metabolite data (M then F, mean and SD)	
0.2199	0.0435
0.3831	0.0479
2017 ARV metabolite data (M then F, mean and SD)	
0.6425	0.0727
0.6268	0.0514
2022 ARV metabolite data (M then F, mean and SD)	
0.8080	0.0441
0.8110	0.0288
Fraction of adult ART patients who are male (mean, SD)
2012	0.3140	0.0200
2015	0.3058	0.0100
2016	0.3078	0.0100
2017	0.2980	0.0100
2018	0.3105	0.0100
2019	0.3000	0.0100
2020	0.3119	0.0100
2021	0.3147	0.0100