cholIMIS 0
	              0	              0	              0	              0	              0	              0	              0	              0	              0	              0
	              0	              0	              0	              0	              0	              0	              0	              0	              0	              0
	              0	              0	              0	              0	              0	              0	              0	              0	              0	              0
	              0	              0	              0	              0	              0	              0	              0	              0	              0	              0
	              0	              0	              0	              0	              0	              0	              0	              0	              0	              0
	              0	              0	              0	              0	              0	              0	              0	              0	              0	              0
	              0	              0	              0	              0	              0	              0	              0	              0	              0	              0
	              0	              0	              0	              0	              0	              0	              0	              0	              0	              0
	              0	              0	              0	              0	              0	              0	              0	              0	              0	              0
	              0	              0	              0	              0	              0	              0	              0	              0	              0	              0
cholIMIS 1
	       0.548122	       0.239519	     -0.0360583	     -0.0300376	      0.0495174	     -0.0473803	     -0.0156585	       0.281018	       0.579145	       0.229126
	              0	       0.894844	     -0.0112641	    -0.00439508	       0.018074	     -0.0144335	    -0.00644024	       0.103312	       0.163345	      0.0868335
	              0	              0	       0.256768	    -0.00103175	    -0.00621533	     0.00346056	     0.00413462	     -0.0254879	     -0.0374362	     -0.0244476
	              0	              0	              0	       0.223737	    -0.00548766	     0.00969025	     0.00211899	     -0.0541002	     -0.0938276	     -0.0398285
	              0	              0	              0	              0	       0.079072	     -0.0325531	     -0.0109785	        0.18348	       0.274888	       0.147121
	              0	              0	              0	              0	              0	      0.0900254	     0.00145501	     -0.0712778	      -0.116462	     -0.0600151
	              0	              0	              0	              0	              0	              0	      0.0575916	     -0.0199408	     -0.0461234	     -0.0209079
	              0	              0	              0	              0	              0	              0	              0	       0.289955	       0.176907	      0.0653362
	              0	              0	              0	              0	              0	              0	              0	              0	       0.924039	      0.0446901
	              0	              0	              0	              0	              0	              0	              0	              0	              0	       0.305008
cholIMIS 2
	       0.357006	      -0.743618	      0.0363692	     -0.0619902	     -0.0534339	     -0.0324249	     -0.0353227	       0.188799	        0.72979	     -0.0739371
	              0	        0.73445	     -0.0309979	      0.0103725	      0.0480728	      0.0175461	      0.0108133	    -0.00563297	      -0.381295	       0.138057
	              0	              0	       0.103382	     -0.0081827	    -0.00728869	     0.00289229	      -0.002814	     0.00791586	     -0.0311168	    -0.00958736
	              0	              0	              0	      0.0997663	      0.0036837	    0.000504964	     0.00415658	     -0.0296487	     -0.0215437	     -0.0172089
	              0	              0	              0	              0	      0.0384783	    -0.00685023	     0.00454561	      0.0251469	      0.0277127	      0.0678246
	              0	              0	              0	              0	              0	       0.041387	     0.00124376	     -0.0414519	      -0.168453	     -0.0106224
	              0	              0	              0	              0	              0	              0	      0.0262637	     -0.0305171	     -0.0483974	    -0.00405559
	              0	              0	              0	              0	              0	              0	              0	       0.127821	      0.0953591	      0.0171803
	              0	              0	              0	              0	              0	              0	              0	              0	       0.420653	    -0.00296101
	              0	              0	              0	              0	              0	              0	              0	              0	              0	       0.127927
cholIMIS 3
	       0.243836	      -0.144633	     -0.0181026	    0.000534338	     -0.0216524	    -0.00281393	    -0.00555594	      0.0475445	       0.178299	      0.0491633
	              0	       0.575791	     0.00722425	     -0.0225231	      0.0299173	      0.0110646	    -0.00514524	      0.0312272	      -0.220815	      0.0466293
	              0	              0	       0.130271	     -0.0156112	     0.00620229	     0.00101589	    -0.00343467	      0.0111519	     -0.0335487	     -0.0235094
	              0	              0	              0	       0.123582	     -0.0114318	     0.00216266	     0.00735626	     -0.0349578	      0.0263067	     0.00857777
	              0	              0	              0	              0	      0.0498318	     -0.0073171	     -0.0039818	       0.044574	      0.0110763	    -0.00481555
	              0	              0	              0	              0	              0	      0.0454307	    -0.00216541	     -0.0326526	      -0.151459	   -9.08485e-05
	              0	              0	              0	              0	              0	              0	      0.0305327	     -0.0259337	     -0.0225495	     0.00948026
	              0	              0	              0	              0	              0	              0	              0	        0.15295	      0.0814206	       0.016959
	              0	              0	              0	              0	              0	              0	              0	              0	       0.489232	    -0.00615326
	              0	              0	              0	              0	              0	              0	              0	              0	              0	       0.175405
cholIMIS 4
	        0.21048	      -0.109137	    -0.00311871	     -0.0216059	     0.00897787	     -0.0210829	      -0.017625	       0.133927	       0.186844	     -0.0971205
	              0	       0.386631	    -0.00161901	    -0.00597417	     0.00667574	      0.0142879	    0.000532215	    -0.00590544	      -0.132821	      0.0634741
	              0	              0	      0.0921935	     -0.0248004	      0.0167349	    -0.00445619	    -0.00973953	       0.048559	     -0.0304676	     -0.0782442
	              0	              0	              0	      0.0943036	     -0.0241759	      0.0107506	      0.0113737	     -0.0812229	     -0.0303212	      0.0853572
	              0	              0	              0	              0	      0.0458787	     -0.0156315	    -0.00956457	      0.0877055	      0.0389719	      -0.117268
	              0	              0	              0	              0	              0	      0.0352589	     0.00697722	     -0.0591005	     -0.0839442	      0.0761031
	              0	              0	              0	              0	              0	              0	      0.0245618	     -0.0447569	     0.00719041	      0.0642798
	              0	              0	              0	              0	              0	              0	              0	       0.113717	      0.0880345	     -0.0222733
	              0	              0	              0	              0	              0	              0	              0	              0	       0.372612	     0.00928568
	              0	              0	              0	              0	              0	              0	              0	              0	              0	       0.161095
cholIMIS 5
	       0.158048	      -0.295773	     -0.0395566	      0.0224499	       0.004112	    -0.00991739	      0.0191596	      0.0703858	      0.0624669	     -0.0508118
	              0	       0.231271	     0.00507006	    -0.00986128	    -0.00285524	    0.000978955	    -0.00964931	     0.00297047	     -0.0291597	     0.00810797
	              0	              0	      0.0420294	     -0.0270456	     0.00559887	    -0.00208154	    -0.00617962	      0.0233367	      0.0565926	     -0.0148773
	              0	              0	              0	      0.0387935	     -0.0100872	     0.00572828	      0.0032557	     -0.0435059	     -0.0619524	      0.0212241
	              0	              0	              0	              0	      0.0348395	    -0.00162385	     0.00837074	      0.0339633	     0.00103507	     -0.0383665
	              0	              0	              0	              0	              0	       0.017944	      0.0124543	     -0.0413668	      0.0145732	      0.0477442
	              0	              0	              0	              0	              0	              0	      0.0217809	     -0.0161153	     -0.0333693	      0.0326191
	              0	              0	              0	              0	              0	              0	              0	      0.0723438	     -0.0118197	     -0.0618098
	              0	              0	              0	              0	              0	              0	              0	              0	       0.206903	      0.0175262
	              0	              0	              0	              0	              0	              0	              0	              0	              0	      0.0644538
cholIMIS 6
	       0.135814	      -0.197235	     -0.0253599	     0.00748503	      0.0136054	    -0.00263702	      0.0180829	      0.0475945	       0.144982	      -0.038054
	              0	       0.318234	      0.0047089	     -0.0046644	   -0.000177501	    -0.00215769	    -0.00579571	     0.00558512	     -0.0652528	    -0.00367908
	              0	              0	      0.0459346	     -0.0340638	    -0.00414276	     0.00162908	    -0.00532736	    -0.00930412	       0.161564	      0.0141422
	              0	              0	              0	      0.0285919	    -0.00309756	   -0.000362284	    -0.00967185	     -0.0176459	      -0.145807	     -0.0232575
	              0	              0	              0	              0	      0.0351224	     0.00766849	     0.00968305	     0.00205677	        0.04316	     -0.0245588
	              0	              0	              0	              0	              0	      0.0169706	      0.0178337	     -0.0479947	      0.0504183	      0.0461822
	              0	              0	              0	              0	              0	              0	       0.019474	    -0.00190479	      0.0197496	      0.0178455
	              0	              0	              0	              0	              0	              0	              0	      0.0682475	      -0.042361	     -0.0688218
	              0	              0	              0	              0	              0	              0	              0	              0	       0.208434	     0.00335371
	              0	              0	              0	              0	              0	              0	              0	              0	              0	      0.0414102
cholIMIS 7
	       0.124612	      -0.144324	    -0.00293399	    -0.00453589	    -0.00430252	    0.000772923	      0.0111943	      0.0126117	       0.040858	    -0.00907687
	              0	       0.372425	    -0.00462289	    -0.00488268	     0.00237121	    -0.00488288	    0.000575941	     0.00479085	      0.0428947	      0.0208114
	              0	              0	      0.0516725	     -0.0333236	    -0.00205149	     0.00780995	    -0.00821718	     -0.0174543	      0.0535951	     0.00495363
	              0	              0	              0	      0.0274759	    -0.00235257	     0.00446048	    -0.00517253	     -0.0215719	      -0.121424	     -0.0305725
	              0	              0	              0	              0	      0.0240971	     0.00462423	     0.00491624	    -0.00338755	      0.0412006	    -0.00801399
	              0	              0	              0	              0	              0	      0.0161497	      0.0165118	     -0.0306928	      0.0258908	      0.0230502
	              0	              0	              0	              0	              0	              0	      0.0173872	     0.00512846	    -0.00620708	    0.000941642
	              0	              0	              0	              0	              0	              0	              0	      0.0640695	     -0.0877389	     -0.0744763
	              0	              0	              0	              0	              0	              0	              0	              0	       0.257051	      0.0136044
	              0	              0	              0	              0	              0	              0	              0	              0	              0	      0.0334836
cholIMIS 8
	       0.122802	      -0.155393	     -0.0160659	    0.000892066	     -0.0039959	    -0.00870873	     0.00593065	      0.0300917	      0.0785631	       -0.01613
	              0	       0.438838	     0.00448221	    -0.00196332	     -0.0061806	   -0.000990936	    -0.00351636	     -0.0078358	     0.00208402	      0.0109249
	              0	              0	      0.0413386	     -0.0316056	    -0.00594272	    0.000904104	     -0.0114574	    -0.00475752	      0.0263156	      0.0120174
	              0	              0	              0	      0.0255606	     9.6416e-05	      0.0086559	    -0.00433272	     -0.0345817	     -0.0270682	     -0.0223356
	              0	              0	              0	              0	      0.0199401	     0.00204864	     0.00421807	     -0.0103488	      0.0508348	     0.00854054
	              0	              0	              0	              0	              0	       0.018136	      0.0247971	    -0.00666036	     -0.0355018	    -0.00896409
	              0	              0	              0	              0	              0	              0	      0.0151965	     -0.0141914	     -0.0237523	      0.0240682
	              0	              0	              0	              0	              0	              0	              0	      0.0669611	     -0.0468065	     -0.0927855
	              0	              0	              0	              0	              0	              0	              0	              0	       0.250447	      0.0011215
	              0	              0	              0	              0	              0	              0	              0	              0	              0	      0.0243597
cholIMIS 9
	       0.113528	      0.0397974	     -0.0128344	      0.0039942	     0.00142634	    -0.00123594	      0.0150704	      0.0316624	     -0.0446652	      -0.037363
	              0	       0.334659	     0.00103758	    -0.00586103	     0.00773468	   -0.000930765	    0.000515705	       0.016772	     -0.0799266	     -0.0185125
	              0	              0	      0.0367118	      -0.019891	    -0.00731353	     0.00647151	    -0.00434074	     -0.0100287	      -0.109298	    -0.00921256
	              0	              0	              0	      0.0242387	    -0.00317631	     0.00521396	     -0.0102779	     -0.0223677	      -0.162955	     -0.0214988
	              0	              0	              0	              0	      0.0256007	     0.00288795	    0.000743499	     0.00514885	      0.0701103	      -0.017612
	              0	              0	              0	              0	              0	      0.0173726	      0.0169466	     -0.0276949	     -0.0842118	      0.0066714
	              0	              0	              0	              0	              0	              0	      0.0231676	     0.00577587	      0.0151666	      0.0035761
	              0	              0	              0	              0	              0	              0	              0	      0.0634851	      -0.113368	     -0.0748321
	              0	              0	              0	              0	              0	              0	              0	              0	       0.264153	      0.0111584
	              0	              0	              0	              0	              0	              0	              0	              0	              0	      0.0346512
cholIMIS 10
	       0.203298	      0.0702809	     -0.0339569	      0.0247622	     0.00779051	     0.00492685	      0.0368716	      0.0163939	      -0.259328	     -0.0539175
	              0	       0.423565	    -0.00768335	     0.00915814	      0.0100336	      0.0117591	      0.0300519	     -0.0316453	      -0.103761	      0.0177412
	              0	              0	       0.034607	     -0.0231946	    -0.00566063	     0.00323834	    -0.00235416	     0.00360356	     -0.0446781	    -0.00761303
	              0	              0	              0	      0.0195279	    -0.00414897	     0.00803669	     0.00547833	     -0.0186964	      -0.172026	     -0.0192116
	              0	              0	              0	              0	      0.0256455	      0.0094483	      0.0193657	     -0.0189525	       0.141836	      0.0117347
	              0	              0	              0	              0	              0	      0.0189351	      0.0358374	     -0.0263395	     -0.0209789	      0.0196888
	              0	              0	              0	              0	              0	              0	       0.021759	      0.0075996	      0.0285816	     0.00172798
	              0	              0	              0	              0	              0	              0	              0	      0.0599925	       -0.11424	     -0.0733903
	              0	              0	              0	              0	              0	              0	              0	              0	       0.234297	      0.0109176
	              0	              0	              0	              0	              0	              0	              0	              0	              0	      0.0245384
cholIMIS 11
	       0.149694	     -0.0228638	     -0.0227191	     -0.0109695	    -0.00285322	     -0.0131627	      0.0013827	      0.0917029	      -0.135944	     -0.0410906
	              0	       0.256878	     0.00368955	    -0.00372201	     0.00207135	     0.00161483	    0.000201257	     -0.0036392	     -0.0836796	    -0.00521204
	              0	              0	      0.0334763	     -0.0154912	    -0.00280789	     0.00904417	   -9.83295e-05	     -0.0266047	     -0.0412737	     0.00399038
	              0	              0	              0	       0.028214	   -0.000848392	     0.00963098	     0.00396577	     -0.0531593	     -0.0350842	     0.00225314
	              0	              0	              0	              0	      0.0199134	     -0.0004752	    0.000467555	     0.00417235	      0.0741184	    -0.00746779
	              0	              0	              0	              0	              0	      0.0191787	      0.0156201	     -0.0307253	      -0.129812	     0.00496923
	              0	              0	              0	              0	              0	              0	      0.0204856	     0.00436021	      0.0144803	     0.00436695
	              0	              0	              0	              0	              0	              0	              0	      0.0577022	     -0.0923424	     -0.0566063
	              0	              0	              0	              0	              0	              0	              0	              0	       0.288416	      0.0128796
	              0	              0	              0	              0	              0	              0	              0	              0	              0	      0.0388616
