Adult + paed ART totals
2000	11	0	588
2001	11	0	1465
2002	11	0	2495
2003	11	16	3694
2004	0	136	3797
2004	6	936	4410
2004	11	1792	4921
2005	5	3693	5994
2005	6	4529	6173
2005	11	6902	7067
2006	5	12345	8077
2006	6	13240	8246
2006	11	18196	9088
2007	5	23785	10446
2007	6	25892	10672
2007	11	31840	11804
2008	5	39878	14190
2008	6	41888	14587
2008	7	44534	14985
2008	8	46879	15383
2008	9	48974	15780
2008	10	50971	16178
2008	11	53246	16575
2009	0	57294	17009
2009	1	58644	17443
2009	2	58928	17877
2009	3	61017	18310
2009	4	64532	18744
2009	5	65090	19178
2009	6	66289	19612
2009	7	69109	20045
2009	8	70064	20479
2009	9	70782	20913
2009	10	74743	21347
2009	11	78343	21780
2010	0	79922	22189
2010	1	80554	22598
2010	2	85877	23007
2010	3	90483	23415
2010	4	91246	23824
2010	5	92468	24233
2010	6	93887	24642
2010	7	95849	25051
2010	8	109544	25459
2010	8	111402	25459
2010	9	113397	25868
2010	10	117667	26277
2010	11	121516	26686
2011	8	100910	27837
2011	8	144069	27837
2012	0	181454	28296
2012	1	185633	28371
2012	2	187630	28447
2012	3	191564	28522
2012	4	199365	28598
2012	5	198401	28674
2012	6	203654	28749
2012	7	207433	28825
2012	8	212039	28900
2012	9	214010	28976
2012	10	216334	29051
2012	11	216978	29127
2013	0	223535	29246
2013	1	217609	29365
2013	2	223047	29484
2013	3	228341	29603
2013	4	229724	29722
2013	5	229580	29841
2013	6	232614	29960
2013	7	238924	30079
2013	8	241875	30198
2013	9	245170	30317
2013	10	248412	30436
2013	11	250008	30555
2014	0	256749	30618
2014	1	262685	30682
2014	2	266731	30745
2014	3	269314	30809
2014	4	274775	30872
2014	5	267201	30936
2014	6	278741	30999
2014	7	281966	31063
2014	8	284984	31126
2014	9	294858	31190
2014	10	299318	31253
2014	11	295003	31317
2015	0	297707	31369
2015	1	302258	31422
2015	2	307953	31474
2015	3	307100	31527
2015	4	316476	31580
2015	5	319502	31632
2015	6	317664	31685
2015	7	325126	31737
2015	8	318232	31790
2015	9	329207	31842
2015	10	330534	31895
2015	11	333300	31948
2016	0	337887	32256
2016	1	343143	32564
2016	2	344561	32873
2016	3	355730	33181
2016	4	357752	33489
2016	5	362755	33798
2016	6	368240	34106
2016	7	373045	34414
2016	8	377288	34723
2016	9	385860	35031
2016	10	390964	35339
2016	11	393979	35648
2017	0	396505	35552
2017	1	399689	35457
2017	2	399980	35362
2017	3	403245	35266
2017	4	405976	35171
2017	5	404961	35076
2017	6	409398	34980
2017	7	410578	34885
2017	8	411905	34789
2017	9	423007	34694
2017	10	427039	34599
2017	11	431107	34503
2018	0	430168	34594
2018	1	434389	34684
2018	2	437113	34774
2018	3	440300	34864
2018	4	446235	34954
2018	5	448134	35044
2018	6	454135	35134
2018	7	459019	35225
2018	8	464569	35315
2018	9	470074	35405
2018	10	476192	35495
2018	11	479798	35585
2019	0	484903	35440
2019	1	489633	35295
2019	2	494116	35150
2019	3	499496	35004
2019	4	502427	34859
2019	5	504511	34714
2019	6	507322	34569
2019	7	509358	34424
2019	8	514347	34279
2019	9	513325	34133
2019	10	515124	33988
2019	11	518173	33843
2020	0	516037	34230
2020	1	515748	34616
2020	2	522129	35003
2020	3	523116	35390
2020	4	523205	35777
2020	5	528392	36164
2020	6	529876	36550
2020	7	532333	36937
2020	8	536165	37324
2020	9	535451	37711
2020	10	537558	38097
2020	11	539139	38484
2021	0	541194	38605
2021	1	543393	38727
2021	2	545493	38848
2021	3	546193	38969
2021	4	548462	39090
2021	5	548083	39212
2021	6	544477	39333
2021	7	549450	39454
2021	8	549557	39576
2021	9	552998	39697
2021	10	554897	39818
2021	11	557149	39939
2022	0	557246	40067
2022	1	559503	40195
2022	2	561437	40324
2022	3	562775	40452
2022	4	564835	40580
2022	5	564872	40708
2022	6	565224	40836
2022	7	556121	40964
2022	8	563135	41092
Paed ART totals
2000	11	0	49
2001	11	0	121
2002	11	0	207
2003	11	0	306
2004	0	0	315
2004	5	21	357
2004	6	31	366
2004	11	71	408
2005	5	261	497
2005	6	406	484
2005	11	600	554
2006	5	899	633
2006	6	938	609
2006	11	1419	672
2007	5	1874	772
2007	6	2071	741
2007	11	2281	819
2008	5	2983	985
2008	6	3051	936
2008	11	4057	1063
2009	5	5033	1230
2009	6	5169	1155
2009	11	5736	1282
2010	0	6085	1306
2010	1	6406	1330
2010	2	6736	1354
2010	3	6890	1378
2010	4	6925	1403
2010	5	6245	1427
2010	6	6414	1321
2010	7	7790	1343
2010	8	8841	1365
2010	9	9086	1387
2010	10	9534	1409
2010	11	9827	1430
2011	8	5435	1345
2012	0	11552	1368
2012	1	11553	1371
2012	2	11518	1375
2012	3	11628	1379
2012	4	11855	1382
2012	5	11872	1386
2012	6	12214	1238
2012	7	12289	1241
2012	8	12501	1245
2012	9	12467	1248
2012	10	12723	1251
2012	11	12782	1254
2013	0	13689	1260
2013	1	12753	1265
2013	2	12878	1270
2013	3	13091	1275
2013	4	12967	1280
2013	5	13161	1285
2013	6	13075	1132
2013	7	13641	1137
2013	8	13343	1141
2013	9	14694	1146
2013	10	13703	1150
2013	11	13726	1155
2014	0	14077	1157
2014	1	14474	1160
2014	2	14664	1162
2014	3	14751	1165
2014	4	14808	1167
2014	5	14288	1169
2014	6	15089	1008
2014	7	15879	1011
2014	8	15118	1013
2014	9	15486	1015
2014	10	15509	1017
2014	11	15502	1019
2015	0	15843	1021
2015	1	16001	1022
2015	2	16201	1024
2015	3	16248	1026
2015	4	16429	1027
2015	5	16380	1029
2015	6	15966	864
2015	7	16453	865
2015	8	16169	867
2015	9	16547	868
2015	10	16595	870
2015	11	16671	871
2016	0	16726	879
2016	1	16796	888
2016	2	16112	896
2016	3	17093	905
2016	4	17027	913
2016	5	16913	921
2016	6	16974	750
2016	7	17104	757
2016	8	17251	764
2016	9	17256	771
2016	10	17257	777
2016	11	17465	784
2017	0	17557	782
2017	1	18012	780
2017	2	17349	778
2017	3	19457	776
2017	4	17377	774
2017	5	19015	772
2017	6	17175	627
2017	7	17045	625
2017	8	17069	624
2017	9	16680	622
2017	10	16752	620
2017	11	16772	619
2018	0	16809	620
2018	1	16765	622
2018	2	16794	623
2018	3	16737	625
2018	4	16969	627
2018	5	16892	628
2018	6	16887	547
2018	7	16962	548
2018	8	16998	550
2018	9	16525	551
2018	10	16623	552
2018	11	16670	554
2019	0	16738	552
2019	1	16796	549
2019	2	16770	547
2019	3	18354	545
2019	4	16725	543
2019	5	18146	540
2019	6	16477	485
2019	7	17171	483
2019	8	16383	481
2019	9	15964	479
2019	10	15739	477
2019	11	19204	475
2020	0	15478	480
2020	1	15423	486
2020	2	19865	491
2020	3	15466	497
2020	4	15187	502
2020	5	18232	508
2020	6	16303	421
2020	7	14958	426
2020	8	16830	430
2020	9	14396	435
2020	10	14230	439
2020	11	14311	444
2021	0	16741	445
2021	1	14212	446
2021	2	13974	448
2021	3	13869	449
2021	4	13822	451
2021	5	15013	452
2021	6	13571	384
2021	7	13547	386
2021	8	14730	387
2021	9	14446	388
2021	10	13016	389
2021	11	14235	390
2022	0	12832	392
2022	1	12821	393
2022	2	12646	394
2022	3	12821	395
2022	4	12626	397
2022	5	12555	398
2022	6	12508	399
2022	7	14102	400
2022	8	11940	402
LastDateCum, AnnSwitchingCumToCurr
2009.080	0.5449
Paed age distribution
0.10	0.09	0.08	0.11	0.12	0.14	0.15	0.16	0.18	0.21
0.45	0.44	0.40	0.38	0.35	0.35	0.32	0.29	0.30	0.32
Paed age distribution on ART
0.2933	0.2703	0.2335	0.1979	0.1723	0.1666	0.1554	0.1441
0.4137	0.4105	0.4053	0.4123	0.3924	0.3627	0.3411	0.3189
Adult male age distribution on ART
0.01735	0.01879	0.02086	0.02105	0.02270	0.02357	0.02523
0.06889	0.06636	0.06609	0.06117	0.05695	0.05270	0.04847
0.14808	0.14655	0.14499	0.13587	0.13010	0.12360	0.11516
0.18440	0.17822	0.17651	0.17865	0.17731	0.17285	0.17217
0.18007	0.18416	0.18128	0.17760	0.17433	0.17202	0.16906
0.14107	0.13898	0.14152	0.14501	0.14842	0.15094	0.15648
0.10359	0.10405	0.10090	0.10257	0.10352	0.10863	0.11121
0.06477	0.06540	0.06609	0.06958	0.07407	0.07750	0.07982
0.06841	0.07157	0.07439	0.07928	0.08267	0.08721	0.09164
Adult female age distribution on ART
0.07157	0.07176	0.07212	0.06875	0.06526	0.06047	0.05776
0.15052	0.14703	0.14467	0.13715	0.13139	0.12312	0.11764
0.19522	0.19478	0.19040	0.18413	0.17760	0.17190	0.16618
0.17063	0.16645	0.16727	0.17313	0.17658	0.17726	0.17911
0.13594	0.13995	0.13796	0.13714	0.13795	0.13996	0.14005
0.09694	0.09618	0.09839	0.10292	0.10583	0.10930	0.11459
0.06941	0.07093	0.07095	0.07192	0.07395	0.07813	0.07938
0.04245	0.04266	0.04429	0.04727	0.05092	0.05480	0.05739
0.04524	0.04760	0.05041	0.05460	0.05787	0.06234	0.06585
2012 ARV metabolite data (M then F, mean and SD)	
0.2204	0.0813
0.3307	0.0427
2017 ARV metabolite data (M then F, mean and SD)	
0.5625	0.0461
0.6947	0.0261
2022 ARV metabolite data (M then F, mean and SD)	
0.7850	0.0454
0.8140	0.0408
Fraction of adult ART patients who are male (mean, SD)
2012	0.3607	0.0200
2015	0.2983	0.0100
2016	0.2986	0.0100
2017	0.2865	0.0100
2018	0.3046	0.0100
2019	0.2920	0.0100
2020	0.3054	0.0100
2021	0.3062	0.0100