Adult + paed ART totals
2000	11	0	2221
2001	11	0	5539
2002	11	0	9174
2003	11	0	13174
2004	0	565	13502
2004	6	6696	15472
2004	11	15245	17114
2005	5	27821	20473
2005	6	29223	21033
2005	11	48177	23832
2006	5	69252	26853
2006	6	69252	27357
2006	11	90969	29875
2007	5	130183	33976
2007	6	134571	34660
2007	11	154611	38077
2008	5	208168	45279
2008	6	216104	46480
2008	7	221945	47680
2008	8	225863	48881
2008	9	235134	50081
2008	10	242406	51281
2008	11	260421	52482
2009	0	263968	53758
2009	1	293455	55035
2009	2	304219	56312
2009	3	302210	57589
2009	4	315315	58865
2009	5	304919	60142
2009	6	298109	61419
2009	7	301951	62696
2009	8	319015	63972
2009	9	321088	65249
2009	10	330897	66526
2009	11	343834	67803
2010	0	358922	68952
2010	1	363802	70101
2010	2	371640	71250
2010	3	405223	72399
2010	4	419555	73548
2010	5	425936	74698
2010	6	436904	75847
2010	7	440836	76996
2010	8	459670	78145
2010	8	459670	78145
2010	9	462445	79294
2010	10	471456	80443
2010	11	481809	81592
2011	8	535910	84115
2011	8	546749	84115
2012	0	624234	85053
2012	1	636945	85151
2012	2	650810	85249
2012	3	665262	85347
2012	4	679467	85445
2012	5	687350	85543
2012	6	701315	85641
2012	7	713582	85739
2012	8	726338	85836
2012	9	730680	85934
2012	10	735929	86032
2012	11	749636	86130
2013	0	762507	86334
2013	1	776381	86537
2013	2	782725	86741
2013	3	801535	86944
2013	4	816913	87148
2013	5	822566	87351
2013	6	829154	87555
2013	7	838674	87758
2013	8	841291	87962
2013	9	851387	88165
2013	10	856492	88369
2013	11	865882	88572
2014	0	876536	88594
2014	1	868596	88617
2014	2	879939	88639
2014	3	898112	88661
2014	4	904805	88683
2014	5	910821	88705
2014	6	924353	88727
2014	7	939906	88749
2014	8	960132	88771
2014	9	965183	88794
2014	10	978822	88816
2014	11	991065	88838
2015	0	1007631	88813
2015	1	1015906	88788
2015	2	1026226	88763
2015	3	1038895	88738
2015	4	1046277	88713
2015	5	1050731	88689
2015	6	1057537	88664
2015	7	1057796	88639
2015	8	1062649	88614
2015	9	1066219	88589
2015	10	1067770	88564
2015	11	1079140	88539
2016	0	1087299	89191
2016	1	1103587	89843
2016	2	1126903	90494
2016	3	1140575	91146
2016	4	1150826	91797
2016	5	1156559	92449
2016	6	1152212	93100
2016	7	1175436	93752
2016	8	1181706	94404
2016	9	1180619	95055
2016	10	1191523	95707
2016	11	1197920	96358
2017	0	1216932	96174
2017	1	1228724	95989
2017	2	1234815	95804
2017	3	1237843	95620
2017	4	1239518	95435
2017	5	1234428	95250
2017	6	1251215	95066
2017	7	1261960	94881
2017	8	1271116	94696
2017	9	1281482	94511
2017	10	1293719	94327
2017	11	1303339	94142
2018	0	1309473	94202
2018	1	1318914	94261
2018	2	1324900	94321
2018	3	1334850	94381
2018	4	1351978	94440
2018	5	1353083	94500
2018	6	1364413	94560
2018	7	1380861	94620
2018	8	1387688	94679
2018	9	1399358	94739
2018	10	1411353	94799
2018	11	1421288	94858
2019	0	1429394	95118
2019	1	1436573	95378
2019	2	1446325	95638
2019	3	1456749	95898
2019	4	1460889	96158
2019	5	1460344	96418
2019	6	1464763	96678
2019	7	1472884	96938
2019	8	1481679	97198
2019	9	1482391	97458
2019	10	1484484	97717
2019	11	1484985	97977
2020	0	1483384	97404
2020	1	1482048	96830
2020	2	1478687	96256
2020	3	1486003	95682
2020	4	1487348	95108
2020	5	1489915	94534
2020	6	1494076	93961
2020	7	1498738	93387
2020	8	1508336	92813
2020	9	1508443	92239
2020	10	1514561	91665
2020	11	1519355	91091
2021	0	1520442	91377
2021	1	1525078	91663
2021	2	1528496	91948
2021	3	1527062	92234
2021	4	1529118	92520
2021	5	1531401	92805
2021	6	1532486	93091
2021	7	1536570	93377
2021	8	1541952	93662
2021	9	1537878	93948
2021	10	1543508	94234
2021	11	1542352	94519
2022	0	1542751	94822
2022	1	1548461	95125
2022	2	1552835	95428
2022	3	1554114	95732
2022	4	1558666	96035
2022	5	1556915	96338
2022	6	1558786	96641
2022	7	1559105	96944
2022	8	1561290	97247
Paed ART totals
2000	11	0	184
2001	11	0	459
2002	11	0	761
2003	11	0	1092
2004	0	38	1119
2004	5	298	1256
2004	6	366	1283
2004	11	1274	1419
2005	5	3005	1697
2005	6	3302	1649
2005	11	5093	1869
2006	5	7173	2106
2006	6	7173	2022
2006	11	9753	2208
2007	5	11841	2511
2007	6	11989	2406
2007	11	14710	2643
2008	5	19689	3143
2008	6	20510	2981
2008	11	24895	3366
2009	5	28791	3857
2009	6	28979	3616
2009	11	33542	3992
2010	0	34627	4059
2010	1	35075	4127
2010	2	35492	4195
2010	3	36759	4262
2010	4	37792	4330
2010	5	38522	4397
2010	6	40691	4066
2010	7	42382	4127
2010	8	45598	4189
2010	9	45971	4250
2010	10	46018	4312
2010	11	46848	4374
2011	8	43783	4066
2012	0	46022	4111
2012	1	47411	4116
2012	2	48322	4121
2012	3	49438	4125
2012	4	50486	4130
2012	5	50549	4135
2012	6	51840	3688
2012	7	52294	3693
2012	8	53794	3697
2012	9	52722	3701
2012	10	52226	3705
2012	11	51969	3709
2013	0	51743	3718
2013	1	51794	3727
2013	2	52274	3736
2013	3	55012	3744
2013	4	53664	3753
2013	5	53798	3762
2013	6	52845	3310
2013	7	52685	3317
2013	8	52500	3325
2013	9	52139	3333
2013	10	52541	3340
2013	11	52996	3348
2014	0	53485	3349
2014	1	53032	3350
2014	2	52956	3351
2014	3	54021	3351
2014	4	53835	3352
2014	5	53769	3353
2014	6	54026	2886
2014	7	54322	2887
2014	8	54421	2888
2015	6	54465	2417
2015	7	53935	2417
2015	8	53850	2416
2015	9	54196	2415
2015	10	54035	2415
2015	11	53537	2414
2016	0	53781	2432
2016	1	54027	2450
2016	2	54999	2467
2016	3	53926	2485
2016	4	54903	2503
2016	5	55371	2521
2016	6	51615	2048
2016	7	52716	2062
2016	8	52377	2077
2016	9	50020	2091
2016	10	50257	2105
2016	11	50146	2120
2017	0	50349	2116
2017	1	50427	2111
2017	2	50123	2107
2017	3	50416	2103
2017	4	49866	2099
2017	5	49352	2095
2017	6	49376	1705
2017	7	49556	1701
2017	8	49601	1698
2017	9	48817	1695
2017	10	48673	1691
2017	11	49071	1688
2018	0	48657	1689
2018	1	48605	1690
2018	2	48283	1691
2018	3	48673	1692
2018	4	48251	1693
2018	5	48100	1694
2018	6	47736	1472
2018	7	47643	1473
2018	8	48037	1474
2018	9	47645	1474
2018	10	47426	1475
2018	11	47989	1476
2019	0	46966	1480
2019	1	46612	1484
2019	2	46550	1488
2019	3	46111	1493
2019	4	46019	1497
2019	5	45832	1501
2019	6	48889	1357
2019	7	45283	1360
2019	8	44474	1364
2019	9	43505	1368
2019	10	43136	1371
2019	11	43113	1375
2020	0	42492	1367
2020	1	41830	1359
2020	2	42066	1351
2020	3	41647	1343
2020	4	41873	1335
2020	5	40489	1327
2020	6	40016	1083
2020	7	39850	1076
2020	8	41226	1070
2020	9	38493	1063
2020	10	38437	1056
2020	11	37994	1050
2021	0	37692	1053
2021	1	37316	1056
2021	2	37136	1060
2021	3	37099	1063
2021	4	36730	1066
2021	5	36209	1070
2021	6	35941	910
2021	7	36713	913
2021	8	35473	915
2021	9	34717	918
2021	10	34606	921
2021	11	34225	924
2022	0	33907	927
2022	1	33602	930
2022	2	33232	933
2022	3	33068	936
2022	4	32934	939
2022	5	32713	942
2022	6	32054	945
2022	7	31757	947
2022	8	31389	950
LastDateCum, AnnSwitchingCumToCurr
2009.080	0.5059
Paed age distribution
0.10	0.09	0.08	0.11	0.12	0.14	0.15	0.16	0.18	0.21
0.45	0.44	0.40	0.38	0.35	0.35	0.32	0.29	0.30	0.32
Paed age distribution on ART
0.2694	0.2423	0.2233	0.2078	0.1867	0.1709	0.1513	0.1390
0.4001	0.3969	0.3896	0.3793	0.3695	0.3579	0.3465	0.3278
Adult male age distribution on ART
0.02451	0.02530	0.02689	0.02700	0.02725	0.02681	0.02813
0.08982	0.08626	0.08529	0.07868	0.07232	0.06236	0.05652
0.17305	0.17527	0.17400	0.16724	0.15787	0.14502	0.13343
0.20260	0.19363	0.19076	0.19428	0.19488	0.19333	0.19457
0.18416	0.18755	0.18480	0.18176	0.18069	0.18106	0.17808
0.12364	0.12413	0.12780	0.13363	0.13857	0.14677	0.15488
0.08216	0.08313	0.08154	0.08277	0.08652	0.09331	0.09724
0.04674	0.04820	0.05006	0.05288	0.05638	0.06048	0.06331
0.04505	0.04690	0.04854	0.05129	0.05523	0.06078	0.06476
Adult female age distribution on ART
0.08113	0.08121	0.08305	0.07948	0.07411	0.06648	0.06214
0.16175	0.15838	0.15704	0.15090	0.14576	0.13600	0.13015
0.19872	0.20066	0.19790	0.19272	0.18681	0.18021	0.17492
0.17586	0.16907	0.16603	0.17177	0.17501	0.17833	0.18266
0.13671	0.14034	0.13890	0.13679	0.13739	0.14058	0.13956
0.09191	0.09090	0.09319	0.09787	0.10074	0.10617	0.11217
0.06251	0.06458	0.06443	0.06498	0.06805	0.07251	0.07331
0.03498	0.03632	0.03828	0.04166	0.04514	0.04900	0.05160
0.03151	0.03344	0.03585	0.03898	0.04318	0.04830	0.05178
2012 ARV metabolite data (M then F, mean and SD)	
0.2579	0.0364
0.3632	0.0230
2017 ARV metabolite data (M then F, mean and SD)	
0.6882	0.0292
0.7266	0.0153
2022 ARV metabolite data (M then F, mean and SD)	
0.8130	0.0296
0.8810	0.0140
Fraction of adult ART patients who are male (mean, SD)
2012	0.3270	0.0200
2015	0.3045	0.0100
2016	0.3062	0.0100
2017	0.2982	0.0100
2018	0.3085	0.0100
2019	0.3001	0.0100
2020	0.3107	0.0100
2021	0.3113	0.0100