invIMIS 0
	              0	              0	              0	              0	              0	              0	              0	              0	              0	              0	              0
	              0	              0	              0	              0	              0	              0	              0	              0	              0	              0	              0
	              0	              0	              0	              0	              0	              0	              0	              0	              0	              0	              0
	              0	              0	              0	              0	              0	              0	              0	              0	              0	              0	              0
	              0	              0	              0	              0	              0	              0	              0	              0	              0	              0	              0
	              0	              0	              0	              0	              0	              0	              0	              0	              0	              0	              0
	              0	              0	              0	              0	              0	              0	              0	              0	              0	              0	              0
	              0	              0	              0	              0	              0	              0	              0	              0	              0	              0	              0
	              0	              0	              0	              0	              0	              0	              0	              0	              0	              0	              0
	              0	              0	              0	              0	              0	              0	              0	              0	              0	              0	              0
	              0	              0	              0	              0	              0	              0	              0	              0	              0	              0	              0
invIMIS 1
	        8.49799	       -0.23826	      0.0164832	       -1.45432	         1.9237	      -0.739183	        -2.0632	      -0.613706	     -0.0602995	       0.258619	      -0.644319
	       -0.23826	        1.93544	      0.0826952	       0.321764	        1.40978	      -0.998236	       -2.92625	      -0.751548	      0.0494553	       0.142706	       -0.20902
	      0.0164832	      0.0826952	        21.6321	      -0.626455	       -2.48574	         2.5804	         2.3488	        1.29863	       0.641435	      -0.756527	       0.789137
	       -1.45432	       0.321764	      -0.626455	        27.9236	       -2.75828	       -1.50422	        1.25552	       0.491362	      -0.213293	       0.385842	        0.11456
	         1.9237	        1.40978	       -2.48574	       -2.75828	        350.127	        14.0563	        25.2437	        1.66421	       0.231124	       -6.93115	       -1.09117
	      -0.739183	      -0.998236	         2.5804	       -1.50422	        14.0563	        180.166	       -12.6587	      -0.309713	      -0.308242	        1.29662	       -4.57217
	        -2.0632	       -2.92625	         2.3488	        1.25552	        25.2437	       -12.6587	        434.921	       -8.60872	       0.754901	        4.45875	       0.761829
	      -0.613706	      -0.751548	        1.29863	       0.491362	        1.66421	      -0.309713	       -8.60872	        19.3092	       0.124737	        1.04405	       -1.80391
	     -0.0602995	      0.0494553	       0.641435	      -0.213293	       0.231124	      -0.308242	       0.754901	       0.124737	        2.11837	      -0.012663	      -0.171474
	       0.258619	       0.142706	      -0.756527	       0.385842	       -6.93115	        1.29662	        4.45875	        1.04405	      -0.012663	        12.9929	       0.876472
	      -0.644319	       -0.20902	       0.789137	        0.11456	       -1.09117	       -4.57217	       0.761829	       -1.80391	      -0.171474	       0.876472	        22.7127
invIMIS 2
	        11.0113	         2.8283	        1.62357	       -2.84932	       -9.01774	       0.785561	       -17.8683	       -1.15039	      -0.985109	        1.59328	       -4.23182
	         2.8283	        3.96564	        0.11726	       0.550661	        8.39702	       -1.89501	       -7.94573	       -1.16053	        0.28361	       0.381627	       0.666702
	        1.62357	        0.11726	        51.6413	        6.35729	        -2.1416	        10.6026	        30.3967	        1.29998	       0.994582	       -1.50129	       -0.10536
	       -2.84932	       0.550661	        6.35729	        61.4547	       -20.0076	       -24.4346	       -60.6971	        10.0557	       0.790082	        4.97787	        7.08236
	       -9.01774	        8.39702	        -2.1416	       -20.0076	        907.797	        10.7677	       -35.2408	        15.4686	       -2.80747	       -9.05528	       -1.47853
	       0.785561	       -1.89501	        10.6026	       -24.4346	        10.7677	        407.264	       -170.189	        30.8267	       -1.11817	        2.16596	        4.50847
	       -17.8683	       -7.94573	        30.3967	       -60.6971	       -35.2408	       -170.189	        804.189	        36.0877	        7.74787	        13.4487	        32.8153
	       -1.15039	       -1.16053	        1.29998	        10.0557	        15.4686	        30.8267	        36.0877	         44.055	       0.714599	        2.03903	       -8.21171
	      -0.985109	        0.28361	       0.994582	       0.790082	       -2.80747	       -1.11817	        7.74787	       0.714599	        5.62394	       0.402099	      -0.441323
	        1.59328	       0.381627	       -1.50129	        4.97787	       -9.05528	        2.16596	        13.4487	        2.03903	       0.402099	        35.9415	        0.93993
	       -4.23182	       0.666702	       -0.10536	        7.08236	       -1.47853	        4.50847	        32.8153	       -8.21171	      -0.441323	        0.93993	        54.6069
invIMIS 3
	        52.5293	        6.29435	        2.87513	       -7.67239	        52.2197	        13.2017	       -21.2994	       -17.5052	       -6.50267	        5.22799	       -11.1726
	        6.29435	        6.36808	        2.06463	       -5.58311	        -19.152	       -6.71008	        15.6397	       -3.47655	        2.60334	        6.83061	        4.49312
	        2.87513	        2.06463	        174.399	        28.9317	        41.4831	        20.1041	        61.4495	        22.2562	       -3.86241	       -12.3727	        7.90846
	       -7.67239	       -5.58311	        28.9317	        194.215	       -83.4873	       -34.1598	       -57.5866	        21.6492	        8.25952	        17.8995	        12.1276
	        52.2197	        -19.152	        41.4831	       -83.4873	        2100.57	       -16.1958	        190.674	        111.306	        42.9368	       -106.307	       -2.15605
	        13.2017	       -6.71008	        20.1041	       -34.1598	       -16.1958	        1271.45	       -354.446	        138.952	        7.04489	        3.65834	        7.62361
	       -21.2994	        15.6397	        61.4495	       -57.5866	        190.674	       -354.446	        1058.08	        69.0449	       -8.77994	       -27.2704	        26.7327
	       -17.5052	       -3.47655	        22.2562	        21.6492	        111.306	        138.952	        69.0449	        112.407	        1.50051	        29.9196	        -20.443
	       -6.50267	        2.60334	       -3.86241	        8.25952	        42.9368	        7.04489	       -8.77994	        1.50051	        11.5372	        -8.1516	        7.23019
	        5.22799	        6.83061	       -12.3727	        17.8995	       -106.307	        3.65834	       -27.2704	        29.9196	        -8.1516	        75.8111	        27.5096
	       -11.1726	        4.49312	        7.90846	        12.1276	       -2.15605	        7.62361	        26.7327	        -20.443	        7.23019	        27.5096	        155.269
invIMIS 4
	        114.151	        2.26497	         5.2269	       -4.21002	        198.381	       -0.90515	       -79.5705	        3.99977	       -11.8769	        14.2079	        -28.908
	        2.26497	        8.11832	        -1.7372	        4.82349	        44.4631	        25.9931	       -8.35559	        16.8853	        7.27597	        6.73178	        -7.0316
	         5.2269	        -1.7372	        438.993	        146.255	        -37.651	       -9.65458	        175.053	        46.0383	       -4.64941	        22.2293	        49.2885
	       -4.21002	        4.82349	        146.255	        465.496	        43.3539	       -37.3002	         -70.69	        72.9368	        16.4316	        34.5118	        54.8416
	        198.381	        44.4631	        -37.651	        43.3539	        1562.26	       -589.087	        233.249	         156.73	       -11.8519	        48.1752	       -127.056
	       -0.90515	        25.9931	       -9.65458	       -37.3002	       -589.087	         2794.7	       -511.459	        289.005	        26.7205	        102.812	        190.129
	       -79.5705	       -8.35559	        175.053	         -70.69	        233.249	       -511.459	        2506.24	        145.305	       -12.1727	        31.9385	       -247.295
	        3.99977	        16.8853	        46.0383	        72.9368	         156.73	        289.005	        145.305	        177.567	        2.53856	        84.7976	        42.7889
	       -11.8769	        7.27597	       -4.64941	        16.4316	       -11.8519	        26.7205	       -12.1727	        2.53856	        20.8743	       -9.21353	      -0.273257
	        14.2079	        6.73178	        22.2293	        34.5118	        48.1752	        102.812	        31.9385	        84.7976	       -9.21353	        158.516	        42.9138
	        -28.908	        -7.0316	        49.2885	        54.8416	       -127.056	        190.129	       -247.295	        42.7889	      -0.273257	        42.9138	        253.032
invIMIS 5
	        53.6305	        1.99924	         16.887	          21.82	       -32.4169	        139.567	       -122.612	       -10.0618	       -12.1475	        5.65694	       -28.1487
	        1.99924	        9.72941	         1.7786	        2.60115	        6.98812	         1.7268	        22.0883	        16.1806	        3.02041	        10.3775	        7.47199
	         16.887	         1.7786	        746.174	        353.563	        16.7264	       -63.0524	        352.501	        83.5521	       -3.69223	        33.7313	        84.8518
	          21.82	        2.60115	        353.563	        728.313	        141.901	        -268.88	        3.61755	        164.699	        5.85233	        143.548	        104.058
	       -32.4169	        6.98812	        16.7264	        141.901	        1018.27	       -855.068	        488.264	        66.0574	        27.8145	        36.6787	       -15.9916
	        139.567	         1.7268	       -63.0524	        -268.88	       -855.068	        4507.44	       -1037.88	        402.576	       -57.9483	        216.543	        125.055
	       -122.612	        22.0883	        352.501	        3.61755	        488.264	       -1037.88	        2129.51	        55.3777	        87.0915	       -96.3424	       -119.641
	       -10.0618	        16.1806	        83.5521	        164.699	        66.0574	        402.576	        55.3777	        255.358	        5.75943	        168.089	        105.101
	       -12.1475	        3.02041	       -3.69223	        5.85233	        27.8145	       -57.9483	        87.0915	        5.75943	        18.7924	       0.499932	        14.1245
	        5.65694	        10.3775	        33.7313	        143.548	        36.6787	        216.543	       -96.3424	        168.089	       0.499932	        194.572	        127.832
	       -28.1487	        7.47199	        84.8518	        104.058	       -15.9916	        125.055	       -119.641	        105.101	        14.1245	        127.832	        209.106
invIMIS 6
	        65.0984	        3.42339	        39.1662	       -6.23784	        -8.3043	        204.125	       -169.478	        19.7308	       -6.76144	        31.0526	        33.7393
	        3.42339	        5.53651	         14.918	        14.6868	       -6.48508	        -5.5403	        17.4008	        5.62284	        4.45376	      -0.467539	        6.96298
	        39.1662	         14.918	        1462.06	        915.359	       -218.375	       -353.736	        227.916	        197.298	       -5.89379	        145.123	        197.275
	       -6.23784	        14.6868	        915.359	        1438.46	        193.089	       -335.537	        349.429	        404.211	        4.57899	        247.205	        221.721
	        -8.3043	       -6.48508	       -218.375	        193.089	         1640.2	       -224.639	        363.638	        218.181	        39.0356	         203.58	       -28.8326
	        204.125	        -5.5403	       -353.736	       -335.537	       -224.639	        5853.88	       -2208.31	        580.016	         -40.35	        349.531	        712.969
	       -169.478	        17.4008	        227.916	        349.429	        363.638	       -2208.31	        2481.23	         -116.8	        97.1397	        -125.83	       -274.792
	        19.7308	        5.62284	        197.298	        404.211	        218.181	        580.016	         -116.8	        383.297	       -6.67377	        230.492	        212.446
	       -6.76144	        4.45376	       -5.89379	        4.57899	        39.0356	         -40.35	        97.1397	       -6.67377	        17.6235	       -14.2451	       0.363513
	        31.0526	      -0.467539	        145.123	        247.205	         203.58	        349.531	        -125.83	        230.492	       -14.2451	        201.932	        137.848
	        33.7393	        6.96298	        197.275	        221.721	       -28.8326	        712.969	       -274.792	        212.446	       0.363513	        137.848	        239.013
invIMIS 7
	        96.1799	        5.32817	        70.7697	        12.7193	        22.9649	        140.522	       -121.366	       -9.38508	       0.984601	        -1.8034	       -6.80935
	        5.32817	        7.82532	         3.7322	       -2.95777	        25.5011	       -28.1021	        31.0612	        2.91786	        1.10846	        8.47237	        -8.3061
	        70.7697	         3.7322	        844.531	        350.968	       -151.087	        48.1557	        61.4247	        46.0334	       -9.48664	        51.9363	        73.9069
	        12.7193	       -2.95777	        350.968	        962.672	        33.5974	       -250.153	        108.927	        223.587	       -7.55712	        124.829	        92.6242
	        22.9649	        25.5011	       -151.087	        33.5974	        2209.71	       -248.984	        202.748	        257.914	        62.8148	        225.078	        43.0923
	        140.522	       -28.1021	        48.1557	       -250.153	       -248.984	        5151.93	       -1541.65	        444.218	       -8.23541	        140.373	        190.573
	       -121.366	        31.0612	        61.4247	        108.927	        202.748	       -1541.65	        2620.88	       -43.6884	        132.548	       -76.6934	        39.3115
	       -9.38508	        2.91786	        46.0334	        223.587	        257.914	        444.218	       -43.6884	        320.427	        -1.0628	        186.606	        157.953
	       0.984601	        1.10846	       -9.48664	       -7.55712	        62.8148	       -8.23541	        132.548	        -1.0628	        20.9696	       -3.01095	      -0.210955
	        -1.8034	        8.47237	        51.9363	        124.829	        225.078	        140.373	       -76.6934	        186.606	       -3.01095	        169.816	        133.287
	       -6.80935	        -8.3061	        73.9069	        92.6242	        43.0923	        190.573	        39.3115	        157.953	      -0.210955	        133.287	        212.959
invIMIS 8
	        71.1743	       0.372559	        92.4119	        -22.609	       -110.116	        90.6623	       -202.071	       -21.3253	       -11.3064	        5.99882	        19.8575
	       0.372559	        6.92142	        14.8041	        11.8265	        30.1492	        75.9459	       -11.6236	        34.5939	      -0.304905	        27.0854	        17.8768
	        92.4119	        14.8041	        1279.27	        708.403	       -86.1219	        81.0046	        256.398	        165.709	        3.38233	        162.191	        199.463
	        -22.609	        11.8265	        708.403	        1553.99	        27.0733	        -125.28	         162.07	        455.165	       -3.32337	        255.855	        193.704
	       -110.116	        30.1492	       -86.1219	        27.0733	        2037.86	        364.635	       0.476839	        353.057	        55.7815	        176.238	        218.902
	        90.6623	        75.9459	        81.0046	        -125.28	        364.635	        5033.28	       -2271.37	        540.268	       -48.3465	        372.662	         176.15
	       -202.071	       -11.6236	        256.398	         162.07	       0.476839	       -2271.37	        3808.91	       -123.312	        148.212	       -147.771	        97.4455
	       -21.3253	        34.5939	        165.709	        455.165	        353.057	        540.268	       -123.312	        522.585	        1.32115	        376.419	        292.088
	       -11.3064	      -0.304905	        3.38233	       -3.32337	        55.7815	       -48.3465	        148.212	        1.32115	        16.6862	        4.30206	        20.6449
	        5.99882	        27.0854	        162.191	        255.855	        176.238	        372.662	       -147.771	        376.419	        4.30206	        326.835	        254.358
	        19.8575	        17.8768	        199.463	        193.704	        218.902	         176.15	        97.4455	        292.088	        20.6449	        254.358	        285.609
invIMIS 9
	        105.096	        12.7966	        75.2521	       -59.6238	        172.217	        376.462	       -174.339	        52.9878	         18.611	        69.0159	          34.91
	        12.7966	        7.10355	         6.8293	       -10.1993	        24.3206	        71.7994	       -36.8553	        11.0799	        3.27275	         14.326	        15.9145
	        75.2521	         6.8293	        2049.96	        1121.76	      -0.983949	       -480.922	       -64.8835	        202.067	       -7.31616	        187.287	        244.813
	       -59.6238	       -10.1993	        1121.76	        1916.05	       -4.17422	        -207.41	        320.921	        582.572	       -2.44151	        317.023	        324.446
	        172.217	        24.3206	      -0.983949	       -4.17422	         2668.3	       -109.758	        477.108	        407.727	        63.9349	        338.043	        151.806
	        376.462	        71.7994	       -480.922	        -207.41	       -109.758	        8971.37	       -3167.08	        905.356	        6.98117	        426.188	        308.444
	       -174.339	       -36.8553	       -64.8835	        320.921	        477.108	       -3167.08	        2547.43	       -98.9572	        48.8712	       -132.248	       -82.3023
	        52.9878	        11.0799	        202.067	        582.572	        407.727	        905.356	       -98.9572	        451.505	        9.97124	        287.844	        235.237
	         18.611	        3.27275	       -7.31616	       -2.44151	        63.9349	        6.98117	        48.8712	        9.97124	           14.7	       -6.09113	       -3.35999
	        69.0159	         14.326	        187.287	        317.023	        338.043	        426.188	       -132.248	        287.844	       -6.09113	        294.891	        225.585
	          34.91	        15.9145	        244.813	        324.446	        151.806	        308.444	       -82.3023	        235.237	       -3.35999	        225.585	        252.228
invIMIS 10
	        96.1832	        11.0561	        123.686	        4.15805	        71.4609	        245.274	       -79.8039	         18.037	        12.9298	         25.746	        38.5597
	        11.0561	        8.64528	        27.9899	        15.7214	        10.8321	        14.4907	        6.53658	        19.7309	        4.17725	        14.3005	        18.6241
	        123.686	        27.9899	         2543.6	        2325.87	        377.381	       -415.382	        537.198	        663.162	       -2.45895	         484.03	        465.165
	        4.15805	        15.7214	        2325.87	        2766.43	        350.878	       -579.509	         540.85	        785.036	        1.11859	        536.727	        420.127
	        71.4609	        10.8321	        377.381	        350.878	        1721.92	        498.495	       -397.584	        415.932	        22.4356	        312.979	        146.114
	        245.274	        14.4907	       -415.382	       -579.509	        498.495	        8207.15	       -2985.18	        824.245	        24.1316	        497.825	         580.66
	       -79.8039	        6.53658	        537.198	         540.85	       -397.584	       -2985.18	        2201.54	       -202.779	       -6.80726	        -140.26	        -130.78
	         18.037	        19.7309	        663.162	        785.036	        415.932	        824.245	       -202.779	        579.784	        8.91031	        369.484	        313.581
	        12.9298	        4.17725	       -2.45895	        1.11859	        22.4356	        24.1316	       -6.80726	        8.91031	        12.9194	        3.31977	        8.96145
	         25.746	        14.3005	         484.03	        536.727	        312.979	        497.825	        -140.26	        369.484	        3.31977	        310.415	        233.233
	        38.5597	        18.6241	        465.165	        420.127	        146.114	         580.66	        -130.78	        313.581	        8.96145	        233.233	        317.847
invIMIS 11
	        91.1232	        2.20288	         98.914	        40.6941	        139.166	        312.953	       -216.326	        42.9836	        2.71736	        24.9353	        11.6293
	        2.20288	        6.15216	         8.4254	        15.3401	        6.31837	        142.359	       -60.7842	        33.9379	       -1.13006	        22.4598	        21.6833
	         98.914	         8.4254	         2406.1	        1786.11	        60.5602	        197.868	        507.987	          410.6	       -32.6542	        335.068	        313.016
	        40.6941	        15.3401	        1786.11	        2229.76	        242.989	       -543.871	        477.494	         627.23	        33.5089	        462.052	        417.787
	        139.166	        6.31837	        60.5602	        242.989	        3123.68	       -218.988	         161.79	        539.903	        54.4737	        410.978	        272.595
	        312.953	        142.359	        197.868	       -543.871	       -218.988	        9213.75	       -4346.77	        936.822	        -166.76	        696.966	         530.77
	       -216.326	       -60.7842	        507.987	        477.494	         161.79	       -4346.77	        3529.65	       -250.589	        40.8376	       -193.468	       -67.8861
	        42.9836	        33.9379	          410.6	         627.23	        539.903	        936.822	       -250.589	        599.971	        12.1389	        448.712	        352.223
	        2.71736	       -1.13006	       -32.6542	        33.5089	        54.4737	        -166.76	        40.8376	        12.1389	        14.2054	        4.21172	        1.04721
	        24.9353	        22.4598	        335.068	        462.052	        410.978	        696.966	       -193.468	        448.712	        4.21172	        423.674	        312.393
	        11.6293	        21.6833	        313.016	        417.787	        272.595	         530.77	       -67.8861	        352.223	        1.04721	        312.393	        315.005
invIMIS 12
	        47.7792	       -1.08967	        68.1351	        19.5112	        68.0202	        67.9348	       -115.729	       0.782963	         5.3763	       -4.14945	         2.6708
	       -1.08967	        4.90253	        2.56857	        1.71034	        25.7378	       -35.9576	        10.6874	        7.59094	        1.97063	        6.92411	        2.73997
	        68.1351	        2.56857	        2424.58	        1974.57	       -17.0368	       -361.324	        357.142	        476.484	       -14.5704	        384.039	         336.03
	        19.5112	        1.71034	        1974.57	        2555.07	        305.178	       -414.917	         511.68	        786.101	        15.6431	        569.511	        472.998
	        68.0202	        25.7378	       -17.0368	        305.178	        2516.85	        324.598	        125.929	        593.658	        50.0975	        354.861	        264.017
	        67.9348	       -35.9576	       -361.324	       -414.917	        324.598	        8587.28	       -3653.31	        648.068	       -85.6033	        430.502	        394.951
	       -115.729	        10.6874	        357.142	         511.68	        125.929	       -3653.31	        2952.31	       -35.6411	         25.242	       -34.5106	       -30.3596
	       0.782963	        7.59094	        476.484	        786.101	        593.658	        648.068	       -35.6411	        547.786	        6.78363	         365.14	         304.11
	         5.3763	        1.97063	       -14.5704	        15.6431	        50.0975	       -85.6033	         25.242	        6.78363	        10.9872	        -2.5447	        7.66038
	       -4.14945	        6.92411	        384.039	        569.511	        354.861	        430.502	       -34.5106	         365.14	        -2.5447	        317.467	        247.377
	         2.6708	        2.73997	         336.03	        472.998	        264.017	        394.951	       -30.3596	         304.11	        7.66038	        247.377	        280.121
invIMIS 13
	        39.7382	        -1.7713	        45.8883	      -0.702856	       -19.0629	        182.835	       -88.0609	       -25.9319	       -2.37926	       -13.2896	         8.5924
	        -1.7713	        5.23767	        1.72438	        11.4831	        17.1376	       -3.38345	       -14.5029	        10.4732	        3.09803	       0.513339	        4.21954
	        45.8883	        1.72438	        1156.74	        585.655	       -159.212	       -219.065	          384.6	        103.328	       -16.4323	         81.382	        156.147
	      -0.702856	        11.4831	        585.655	        1152.71	        256.517	        -70.803	       -41.6919	         344.19	        21.6655	        230.492	        232.453
	       -19.0629	        17.1376	       -159.212	        256.517	        1994.27	       -78.6441	        358.261	        219.592	      -0.735334	        178.675	       0.852155
	        182.835	       -3.38345	       -219.065	        -70.803	       -78.6441	        5911.94	       -2768.47	        439.511	       -24.4307	         274.01	        454.349
	       -88.0609	       -14.5029	          384.6	       -41.6919	        358.261	       -2768.47	        2471.33	       -198.354	       -1.32323	       -138.027	       -284.016
	       -25.9319	        10.4732	        103.328	         344.19	        219.592	        439.511	       -198.354	        354.104	       -11.8339	        247.138	         174.44
	       -2.37926	        3.09803	       -16.4323	        21.6655	      -0.735334	       -24.4307	       -1.32323	       -11.8339	        11.6571	       -16.4291	        2.73749
	       -13.2896	       0.513339	         81.382	        230.492	        178.675	         274.01	       -138.027	        247.138	       -16.4291	        251.618	        167.605
	         8.5924	        4.21954	        156.147	        232.453	       0.852155	        454.349	       -284.016	         174.44	        2.73749	        167.605	        211.415
