Male migration
-158.5363	-258.0207	-338.4267	-472.1989	-633.8510	-802.1131	-992.6819	-1194.0846	-1540.7969	-1879.7244	-3250.4943	-42.8636	-42.8636	-42.8636	-42.8636	-42.8636	1656.9731	1656.9731	1656.9731	1656.9731	1656.9731	5284.9485	2515.2170	2515.2170	2515.2170	2515.2170	0.2816	0.2816	0.2816	0.2816	0.2816	0.2816	0.2816	0.2816	0.2816	0.2816	0.2816	0.2816
-2.1101	-157.3463	-256.8307	-337.2368	-471.0089	-632.6610	-904.3197	-1081.5919	-1282.9946	-1629.7069	-1968.6344	-91.5819	-63.2166	-63.2166	-63.2166	-63.2166	1133.2925	1133.2925	1133.2925	1133.2925	1133.2925	3871.6370	909.1111	909.1111	909.1111	909.1111	0.2668	0.2668	0.2668	0.2668	0.2668	0.2668	0.2668	0.2668	0.2668	0.2668	0.2668	0.2668
-1.8274	-1.8278	-157.0639	-256.5484	-336.9544	-470.7266	-791.6712	-959.9333	-1137.2055	-1338.6082	-1685.3205	-166.6818	-111.4873	-81.7103	-81.7103	-81.7103	628.9669	628.9669	628.9669	628.9669	628.9669	2455.0748	-677.6398	-677.6398	-677.6398	-677.6398	0.2522	0.2522	0.2522	0.2522	0.2522	0.2522	0.2522	0.2522	0.2522	0.2522	0.2522	0.2522
-2.2350	-2.2350	-2.2354	-157.4716	-256.9560	-337.3620	-659.3750	-821.0271	-989.2892	-1166.5613	-1367.9641	-103.2654	-184.7708	-129.5763	-98.3445	-98.3445	763.0409	763.0409	763.0409	763.0409	763.0409	2540.0006	-742.4918	-742.4918	-742.4918	-742.4918	0.2378	0.2378	0.2378	0.2378	0.2378	0.2378	0.2378	0.2378	0.2378	0.2378	0.2378	0.2378
-3.1148	-3.1148	-3.1148	-3.1152	-158.3514	-257.8358	-535.7397	-669.5119	-831.1640	-999.4260	-1176.6982	-75.9601	-119.5381	-201.0435	-145.8490	-113.1193	874.5680	874.5680	874.5680	874.5680	874.5680	2626.0900	-787.9638	-787.9638	-787.9638	-787.9638	0.2237	0.2237	0.2237	0.2237	0.2237	0.2237	0.2237	0.2237	0.2237	0.2237	0.2237	0.2237
-4.2390	-4.2390	-4.2390	-4.2390	-4.2394	-159.4756	-453.6102	-534.0163	-667.7884	-829.4405	-997.7026	26.2164	-90.2855	-133.8635	-215.3689	-160.1743	967.7895	967.7895	967.7895	967.7895	967.7895	2714.1889	-815.5801	-815.5801	-815.5801	-815.5801	0.2097	0.2097	0.2097	0.2097	0.2097	0.2097	0.2097	0.2097	0.2097	0.2097	0.2097	0.2097
-5.3898	-5.3898	-5.3898	-5.3898	-5.3898	-5.3902	-347.5807	-447.0651	-527.4712	-661.2433	-822.8954	102.5912	14.1014	-102.4005	-145.9785	-227.4839	1046.8472	1046.8472	1046.8472	1046.8472	1046.8472	2804.8674	-826.9653	-826.9653	-826.9653	-826.9653	0.1959	0.1959	0.1959	0.1959	0.1959	0.1959	0.1959	0.1959	0.1959	0.1959	0.1959	0.1959
-6.3800	-6.3800	-6.3800	-6.3800	-6.3800	-6.3800	-187.0569	-342.2931	-441.7775	-522.1836	-655.9557	118.2026	92.6922	4.2023	-112.2995	-155.8775	1115.7022	1115.7022	1115.7022	1115.7022	1115.7022	2897.7552	-824.1580	-824.1580	-824.1580	-824.1580	0.1824	0.1824	0.1824	0.1824	0.1824	0.1824	0.1824	0.1824	0.1824	0.1824	0.1824	0.1824
-7.0730	-7.0730	-7.0730	-7.0730	-7.0730	-7.0730	-187.5061	-187.5065	-342.7426	-442.2271	-522.6331	129.6709	111.1789	85.6685	-2.8214	-119.3233	1177.6964	1177.6964	1177.6964	1177.6964	1177.6964	2991.2191	-809.5825	-809.5825	-809.5825	-809.5825	0.1692	0.1692	0.1692	0.1692	0.1692	0.1692	0.1692	0.1692	0.1692	0.1692	0.1692	0.1692
-7.4846	-7.4846	-7.4846	-7.4846	-7.4846	-7.4846	-193.3741	-193.3741	-193.3746	-348.6107	-448.0952	143.9747	126.1875	107.6954	82.1850	-6.3049	1234.3143	1234.3143	1234.3143	1234.3143	1234.3143	3079.8378	-786.8190	-786.8190	-786.8190	-786.8190	0.2334	0.2334	0.2334	0.2334	0.2334	0.2334	0.2334	0.2334	0.2334	0.2334	0.2334	0.2334
-7.7928	-7.7928	-7.7928	-7.7928	-7.7928	-7.7928	-199.2240	-199.2240	-199.2240	-199.2244	-354.4606	209.2554	144.5677	126.7805	108.2885	82.7781	1284.8439	1284.8439	1284.8439	1284.8439	1284.8439	3154.3551	-760.4756	-760.4756	-760.4756	-760.4756	3.3257	3.3257	3.3257	3.3257	3.3257	3.3257	3.3257	3.3257	3.3257	3.3257	3.3257	3.3257
-8.3180	-8.3180	-8.3180	-8.3180	-8.3180	-8.3180	-195.1404	-195.1404	-195.1404	-195.1404	-195.1404	236.2253	214.2050	149.5173	131.7301	113.2380	1325.3835	1325.3835	1325.3835	1325.3835	1325.3835	3203.3745	-734.8443	-734.8443	-734.8443	-734.8443	31.7414	31.7414	31.7414	31.7414	31.7414	31.7414	31.7414	31.7414	31.7414	31.7414	31.7414	31.7414
-9.4413	-9.4413	-9.4413	-9.4413	-9.4413	-9.4413	-169.2890	-169.2890	-169.2890	-169.2890	-169.2890	-7.1577	245.2932	223.2728	158.5851	140.7979	1349.5215	1349.5215	1349.5215	1349.5215	1349.5215	3215.6766	-712.9867	-712.9867	-712.9867	-712.9867	129.4303	129.4303	129.4303	129.4303	129.4303	129.4303	129.4303	129.4303	129.4303	129.4303	129.4303	129.4303
-11.3712	-11.3712	-11.3712	-11.3712	-11.3712	-11.3712	-115.2733	-115.2733	-115.2733	-115.2733	-115.2733	4.7471	4.7471	257.1979	235.1776	170.4899	1350.8745	1350.8745	1350.8745	1350.8745	1350.8745	3186.3256	-694.6642	-694.6642	-694.6642	-694.6642	137.2285	137.2285	137.2285	137.2285	137.2285	137.2285	137.2285	137.2285	137.2285	137.2285	137.2285	137.2285
-13.8087	-13.8087	-13.8087	-13.8087	-13.8087	-13.8087	-42.6912	-42.6912	-42.6912	-42.6912	-42.6912	17.5526	17.5526	17.5526	270.0035	247.9831	1327.3409	1327.3409	1327.3409	1327.3409	1327.3409	3124.8430	-673.9536	-673.9536	-673.9536	-673.9536	338.2459	338.2459	338.2459	338.2459	338.2459	338.2459	338.2459	338.2459	338.2459	338.2459	338.2459	338.2459
-16.3222	-16.3222	-16.3222	-16.3222	-16.3222	-16.3222	37.1320	37.1320	37.1320	37.1320	37.1320	26.9930	26.9930	26.9930	26.9930	279.4438	1287.2708	1287.2708	1287.2708	1287.2708	1287.2708	3066.1562	-638.4541	-638.4541	-638.4541	-638.4541	509.1144	509.1144	509.1144	509.1144	509.1144	509.1144	509.1144	509.1144	509.1144	509.1144	509.1144	509.1144
-18.4227	-18.4227	-18.4227	-18.4227	-18.4227	-18.4227	106.7010	106.7010	106.7010	106.7010	106.7010	30.1315	30.1315	30.1315	30.1315	30.1315	1232.8975	1232.8975	1232.8975	1232.8975	1232.8975	2998.8079	-593.5681	-593.5681	-593.5681	-593.5681	623.3300	623.3300	623.3300	623.3300	623.3300	623.3300	623.3300	623.3300	623.3300	623.3300	623.3300	623.3300
-19.9098	-19.9098	-19.9098	-19.9098	-19.9098	-19.9098	155.0512	155.0512	155.0512	155.0512	155.0512	25.3607	25.3607	25.3607	25.3607	25.3607	1152.8560	1152.8560	1152.8560	1152.8560	1152.8560	2873.1517	-560.6590	-560.6590	-560.6590	-560.6590	681.9612	681.9612	681.9612	681.9612	681.9612	681.9612	681.9612	681.9612	681.9612	681.9612	681.9612	681.9612
-20.5363	-20.5363	-20.5363	-20.5363	-20.5363	-20.5363	172.6653	172.6653	172.6653	172.6653	172.6653	12.2211	12.2211	12.2211	12.2211	12.2211	1054.1344	1054.1344	1054.1344	1054.1344	1054.1344	2675.8575	-545.2897	-545.2897	-545.2897	-545.2897	698.0163	698.0163	698.0163	698.0163	698.0163	698.0163	698.0163	698.0163	698.0163	698.0163	698.0163	698.0163
-20.4103	-20.4103	-20.4103	-20.4103	-20.4103	-20.4103	165.7832	165.7832	165.7832	165.7832	165.7832	-8.3533	-8.3533	-8.3533	-8.3533	-8.3533	955.1345	955.1345	955.1345	955.1345	955.1345	2435.5755	-535.6974	-535.6974	-535.6974	-535.6974	685.7507	685.7507	685.7507	685.7507	685.7507	685.7507	685.7507	685.7507	685.7507	685.7507	685.7507	685.7507
-20.2722	-20.2722	-20.2722	-20.2722	-20.2722	-20.2722	154.8249	154.8249	154.8249	154.8249	154.8249	-34.9794	-34.9794	-34.9794	-34.9794	-34.9794	877.3084	877.3084	877.3084	877.3084	877.3084	2180.8231	-517.3147	-517.3147	-517.3147	-517.3147	656.4909	656.4909	656.4909	656.4909	656.4909	656.4909	656.4909	656.4909	656.4909	656.4909	656.4909	656.4909
-19.9437	-19.9437	-19.9437	-19.9437	-19.9437	-19.9437	144.1052	144.1052	144.1052	144.1052	144.1052	-64.6582	-64.6582	-64.6582	-64.6582	-64.6582	819.4867	819.4867	819.4867	819.4867	819.4867	1946.4406	-488.7186	-488.7186	-488.7186	-488.7186	618.0463	618.0463	618.0463	618.0463	618.0463	618.0463	618.0463	618.0463	618.0463	618.0463	618.0463	618.0463
-18.4856	-18.4856	-18.4856	-18.4856	-18.4856	-18.4856	118.5645	118.5645	118.5645	118.5645	118.5645	-92.7745	-92.7745	-92.7745	-92.7745	-92.7745	757.3804	757.3804	757.3804	757.3804	757.3804	1744.6675	-466.8287	-466.8287	-466.8287	-466.8287	575.3895	575.3895	575.3895	575.3895	575.3895	575.3895	575.3895	575.3895	575.3895	575.3895	575.3895	575.3895
-15.6306	-15.6306	-15.6306	-15.6306	-15.6306	-15.6306	76.5064	76.5064	76.5064	76.5064	76.5064	-116.5989	-116.5989	-116.5989	-116.5989	-116.5989	687.3780	687.3780	687.3780	687.3780	687.3780	1596.5345	-450.9037	-450.9037	-450.9037	-450.9037	531.5238	531.5238	531.5238	531.5238	531.5238	531.5238	531.5238	531.5238	531.5238	531.5238	531.5238	531.5238
-11.8605	-11.8605	-11.8605	-11.8605	-11.8605	-11.8605	23.8194	23.8194	23.8194	23.8194	23.8194	-133.8974	-133.8974	-133.8974	-133.8974	-133.8974	625.8543	625.8543	625.8543	625.8543	625.8543	1500.6364	-427.9781	-427.9781	-427.9781	-427.9781	488.1845	488.1845	488.1845	488.1845	488.1845	488.1845	488.1845	488.1845	488.1845	488.1845	488.1845	488.1845
-7.5922	-7.5922	-7.5922	-7.5922	-7.5922	-7.5922	-37.0989	-37.0989	-37.0989	-37.0989	-37.0989	-140.5423	-140.5423	-140.5423	-140.5423	-140.5423	572.0961	572.0961	572.0961	572.0961	572.0961	1419.0346	-398.5834	-398.5834	-398.5834	-398.5834	446.3265	446.3265	446.3265	446.3265	446.3265	446.3265	446.3265	446.3265	446.3265	446.3265	446.3265	446.3265
-3.7916	-3.7916	-3.7916	-3.7916	-3.7916	-3.7916	-93.2624	-93.2624	-93.2624	-93.2624	-93.2624	-135.4681	-135.4681	-135.4681	-135.4681	-135.4681	533.2473	533.2473	533.2473	533.2473	533.2473	1340.1881	-357.7802	-357.7802	-357.7802	-357.7802	406.4374	406.4374	406.4374	406.4374	406.4374	406.4374	406.4374	406.4374	406.4374	406.4374	406.4374	406.4374
-1.2703	-1.2703	-1.2703	-1.2703	-1.2703	-1.2703	-130.3126	-130.3126	-130.3126	-130.3126	-130.3126	-120.6714	-120.6714	-120.6714	-120.6714	-120.6714	523.0847	523.0847	523.0847	523.0847	523.0847	1301.6808	-285.6629	-285.6629	-285.6629	-285.6629	368.7308	368.7308	368.7308	368.7308	368.7308	368.7308	368.7308	368.7308	368.7308	368.7308	368.7308	368.7308
-0.5985	-0.5985	-0.5985	-0.5985	-0.5985	-0.5985	-139.6854	-139.6854	-139.6854	-139.6854	-139.6854	-97.3206	-97.3206	-97.3206	-97.3206	-97.3206	541.4735	541.4735	541.4735	541.4735	541.4735	1291.2640	-192.4309	-192.4309	-192.4309	-192.4309	333.2633	333.2633	333.2633	333.2633	333.2633	333.2633	333.2633	333.2633	333.2633	333.2633	333.2633	333.2633
-1.3373	-1.3373	-1.3373	-1.3373	-1.3373	-1.3373	-128.2710	-128.2710	-128.2710	-128.2710	-128.2710	-67.7896	-67.7896	-67.7896	-67.7896	-67.7896	572.1860	572.1860	572.1860	572.1860	572.1860	1271.0812	-112.3117	-112.3117	-112.3117	-112.3117	300.0036	300.0036	300.0036	300.0036	300.0036	300.0036	300.0036	300.0036	300.0036	300.0036	300.0036	300.0036
-2.4537	-2.4537	-2.4537	-2.4537	-2.4537	-2.4537	-110.8719	-110.8719	-110.8719	-110.8719	-110.8719	-36.7187	-36.7187	-36.7187	-36.7187	-36.7187	592.7356	592.7356	592.7356	592.7356	592.7356	1223.3002	-75.3937	-75.3937	-75.3937	-75.3937	268.8734	268.8734	268.8734	268.8734	268.8734	268.8734	268.8734	268.8734	268.8734	268.8734	268.8734	268.8734
-3.3878	-3.3878	-3.3878	-3.3878	-3.3878	-3.3878	-97.1529	-97.1529	-97.1529	-97.1529	-97.1529	-8.1964	-8.1964	-8.1964	-8.1964	-8.1964	596.3493	596.3493	596.3493	596.3493	596.3493	1134.9099	-77.7913	-77.7913	-77.7913	-77.7913	239.7705	239.7705	239.7705	239.7705	239.7705	239.7705	239.7705	239.7705	239.7705	239.7705	239.7705	239.7705
-4.4945	-4.4945	-4.4945	-4.4945	-4.4945	-4.4945	-83.9938	-83.9938	-83.9938	-83.9938	-83.9938	14.2404	14.2404	14.2404	14.2404	14.2404	598.8864	598.8864	598.8864	598.8864	598.8864	996.7085	-95.8043	-95.8043	-95.8043	-95.8043	212.5828	212.5828	212.5828	212.5828	212.5828	212.5828	212.5828	212.5828	212.5828	212.5828	212.5828	212.5828
-5.6455	-5.6455	-5.6455	-5.6455	-5.6455	-5.6455	-74.2757	-74.2757	-74.2757	-74.2757	-74.2757	28.8308	28.8308	28.8308	28.8308	28.8308	599.4120	599.4120	599.4120	599.4120	599.4120	817.4312	-106.9673	-106.9673	-106.9673	-106.9673	187.1960	187.1960	187.1960	187.1960	187.1960	187.1960	187.1960	187.1960	187.1960	187.1960	187.1960	187.1960
-6.8084	-6.8084	-6.8084	-6.8084	-6.8084	-6.8084	-67.2168	-67.2168	-67.2168	-67.2168	-67.2168	35.3257	35.3257	35.3257	35.3257	35.3257	588.2759	588.2759	588.2759	588.2759	588.2759	625.8977	-100.0194	-100.0194	-100.0194	-100.0194	163.4974	163.4974	163.4974	163.4974	163.4974	163.4974	163.4974	163.4974	163.4974	163.4974	163.4974	163.4974
-8.1516	-8.1516	-8.1516	-8.1516	-8.1516	-8.1516	-57.6305	-57.6305	-57.6305	-57.6305	-57.6305	35.2665	35.2665	35.2665	35.2665	35.2665	571.6077	571.6077	571.6077	571.6077	571.6077	463.8391	-55.2490	-55.2490	-55.2490	-55.2490	141.3789	141.3789	141.3789	141.3789	141.3789	141.3789	141.3789	141.3789	141.3789	141.3789	141.3789	141.3789
-9.5420	-9.5420	-9.5420	-9.5420	-9.5420	-9.5420	-46.0449	-46.0449	-46.0449	-46.0449	-46.0449	31.5710	31.5710	31.5710	31.5710	31.5710	547.9243	547.9243	547.9243	547.9243	547.9243	348.6629	12.5839	12.5839	12.5839	12.5839	120.7372	120.7372	120.7372	120.7372	120.7372	120.7372	120.7372	120.7372	120.7372	120.7372	120.7372	120.7372
-10.6098	-10.6098	-10.6098	-10.6098	-10.6098	-10.6098	-38.6415	-38.6415	-38.6415	-38.6415	-38.6415	28.5338	28.5338	28.5338	28.5338	28.5338	504.6662	504.6662	504.6662	504.6662	504.6662	263.5774	68.4167	68.4167	68.4167	68.4167	101.4751	101.4751	101.4751	101.4751	101.4751	101.4751	101.4751	101.4751	101.4751	101.4751	101.4751	101.4751
-11.2021	-11.2021	-11.2021	-11.2021	-11.2021	-11.2021	-37.1814	-37.1814	-37.1814	-37.1814	-37.1814	27.4358	27.4358	27.4358	27.4358	27.4358	444.5538	444.5538	444.5538	444.5538	444.5538	206.4040	93.3504	93.3504	93.3504	93.3504	83.5013	83.5013	83.5013	83.5013	83.5013	83.5013	83.5013	83.5013	83.5013	83.5013	83.5013	83.5013
-11.4243	-11.4243	-11.4243	-11.4243	-11.4243	-11.4243	-39.6095	-39.6095	-39.6095	-39.6095	-39.6095	28.8104	28.8104	28.8104	28.8104	28.8104	382.4555	382.4555	382.4555	382.4555	382.4555	175.8153	98.1603	98.1603	98.1603	98.1603	66.7299	66.7299	66.7299	66.7299	66.7299	66.7299	66.7299	66.7299	66.7299	66.7299	66.7299	66.7299
-11.4972	-11.4972	-11.4972	-11.4972	-11.4972	-11.4972	-44.9777	-44.9777	-44.9777	-44.9777	-44.9777	32.2778	32.2778	32.2778	32.2778	32.2778	334.1795	334.1795	334.1795	334.1795	334.1795	145.4621	89.4955	89.4955	89.4955	89.4955	51.0808	51.0808	51.0808	51.0808	51.0808	51.0808	51.0808	51.0808	51.0808	51.0808	51.0808	51.0808
-11.5855	-11.5855	-11.5855	-11.5855	-11.5855	-11.5855	-48.1648	-48.1648	-48.1648	-48.1648	-48.1648	36.6269	36.6269	36.6269	36.6269	36.6269	304.3517	304.3517	304.3517	304.3517	304.3517	113.0555	77.5704	77.5704	77.5704	77.5704	36.4790	36.4790	36.4790	36.4790	36.4790	36.4790	36.4790	36.4790	36.4790	36.4790	36.4790	36.4790
-11.6570	-11.6570	-11.6570	-11.6570	-11.6570	-11.6570	-44.0322	-44.0322	-44.0322	-44.0322	-44.0322	39.8158	39.8158	39.8158	39.8158	39.8158	282.6400	282.6400	282.6400	282.6400	282.6400	102.1518	68.2342	68.2342	68.2342	68.2342	22.8546	22.8546	22.8546	22.8546	22.8546	22.8546	22.8546	22.8546	22.8546	22.8546	22.8546	22.8546
-11.7604	-11.7604	-11.7604	-11.7604	-11.7604	-11.7604	-29.5872	-29.5872	-29.5872	-29.5872	-29.5872	41.4546	41.4546	41.4546	41.4546	41.4546	268.3175	268.3175	268.3175	268.3175	268.3175	117.1331	66.6297	66.6297	66.6297	66.6297	10.1422	10.1422	10.1422	10.1422	10.1422	10.1422	10.1422	10.1422	10.1422	10.1422	10.1422	10.1422
-11.8529	-11.8529	-11.8529	-11.8529	-11.8529	-11.8529	-8.4106	-8.4106	-8.4106	-8.4106	-8.4106	41.4391	41.4391	41.4391	41.4391	41.4391	265.6774	265.6774	265.6774	265.6774	265.6774	147.5107	67.5644	67.5644	67.5644	67.5644	-1.7194	-1.7194	-1.7194	-1.7194	-1.7194	-1.7194	-1.7194	-1.7194	-1.7194	-1.7194	-1.7194	-1.7194
-11.9400	-11.9400	-11.9400	-11.9400	-11.9400	-11.9400	15.9420	15.9420	15.9420	15.9420	15.9420	39.8788	39.8788	39.8788	39.8788	39.8788	266.6262	266.6262	266.6262	266.6262	266.6262	186.1283	62.7923	62.7923	62.7923	62.7923	-12.7869	-12.7869	-12.7869	-12.7869	-12.7869	-12.7869	-12.7869	-12.7869	-12.7869	-12.7869	-12.7869	-12.7869
-11.8880	-11.8880	-11.8880	-11.8880	-11.8880	-11.8880	36.0724	36.0724	36.0724	36.0724	36.0724	37.2533	37.2533	37.2533	37.2533	37.2533	270.0780	270.0780	270.0780	270.0780	270.0780	221.0010	53.2129	53.2129	53.2129	53.2129	-23.1136	-23.1136	-23.1136	-23.1136	-23.1136	-23.1136	-23.1136	-23.1136	-23.1136	-23.1136	-23.1136	-23.1136
-11.5399	-11.5399	-11.5399	-11.5399	-11.5399	-11.5399	46.5035	46.5035	46.5035	46.5035	46.5035	34.4122	34.4122	34.4122	34.4122	34.4122	283.7290	283.7290	283.7290	283.7290	283.7290	246.7826	51.6442	51.6442	51.6442	51.6442	-32.7490	-32.7490	-32.7490	-32.7490	-32.7490	-32.7490	-32.7490	-32.7490	-32.7490	-32.7490	-32.7490	-32.7490
-10.8164	-10.8164	-10.8164	-10.8164	-10.8164	-10.8164	43.2248	43.2248	43.2248	43.2248	43.2248	31.6623	31.6623	31.6623	31.6623	31.6623	306.7609	306.7609	306.7609	306.7609	306.7609	253.8345	58.0507	58.0507	58.0507	58.0507	-41.7395	-41.7395	-41.7395	-41.7395	-41.7395	-41.7395	-41.7395	-41.7395	-41.7395	-41.7395	-41.7395	-41.7395
-9.8368	-9.8368	-9.8368	-9.8368	-9.8368	-9.8368	30.0632	30.0632	30.0632	30.0632	30.0632	29.2304	29.2304	29.2304	29.2304	29.2304	332.1809	332.1809	332.1809	332.1809	332.1809	239.6616	62.3376	62.3376	62.3376	62.3376	-50.1281	-50.1281	-50.1281	-50.1281	-50.1281	-50.1281	-50.1281	-50.1281	-50.1281	-50.1281	-50.1281	-50.1281
-8.7264	-8.7264	-8.7264	-8.7264	-8.7264	-8.7264	13.3760	13.3760	13.3760	13.3760	13.3760	27.3294	27.3294	27.3294	27.3294	27.3294	352.9017	352.9017	352.9017	352.9017	352.9017	212.4597	57.5639	57.5639	57.5639	57.5639	-57.9552	-57.9552	-57.9552	-57.9552	-57.9552	-57.9552	-57.9552	-57.9552	-57.9552	-57.9552	-57.9552	-57.9552
-7.7146	-7.7146	-7.7146	-7.7146	-7.7146	-7.7146	-0.4498	-0.4498	-0.4498	-0.4498	-0.4498	25.9544	25.9544	25.9544	25.9544	25.9544	363.7506	363.7506	363.7506	363.7506	363.7506	182.1510	41.9746	41.9746	41.9746	41.9746	-65.2584	-65.2584	-65.2584	-65.2584	-65.2584	-65.2584	-65.2584	-65.2584	-65.2584	-65.2584	-65.2584	-65.2584
-6.9658	-6.9658	-6.9658	-6.9658	-6.9658	-6.9658	-9.9738	-9.9738	-9.9738	-9.9738	-9.9738	24.8829	24.8829	24.8829	24.8829	24.8829	372.1005	372.1005	372.1005	372.1005	372.1005	151.2714	19.3415	19.3415	19.3415	19.3415	-72.0728	-72.0728	-72.0728	-72.0728	-72.0728	-72.0728	-72.0728	-72.0728	-72.0728	-72.0728	-72.0728	-72.0728
-6.6081	-6.6081	-6.6081	-6.6081	-6.6081	-6.6081	-12.4689	-12.4689	-12.4689	-12.4689	-12.4689	24.0999	24.0999	24.0999	24.0999	24.0999	369.9080	369.9080	369.9080	369.9080	369.9080	126.4820	-7.6117	-7.6117	-7.6117	-7.6117	-78.4310	-78.4310	-78.4310	-78.4310	-78.4310	-78.4310	-78.4310	-78.4310	-78.4310	-78.4310	-78.4310	-78.4310
-6.5450	-6.5450	-6.5450	-6.5450	-6.5450	-6.5450	-9.8108	-9.8108	-9.8108	-9.8108	-9.8108	23.5497	23.5497	23.5497	23.5497	23.5497	342.8889	342.8889	342.8889	342.8889	342.8889	108.0810	-36.0927	-36.0927	-36.0927	-36.0927	-84.3636	-84.3636	-84.3636	-84.3636	-84.3636	-84.3636	-84.3636	-84.3636	-84.3636	-84.3636	-84.3636	-84.3636
-6.5414	-6.5414	-6.5414	-6.5414	-6.5414	-6.5414	-6.2713	-6.2713	-6.2713	-6.2713	-6.2713	23.1066	23.1066	23.1066	23.1066	23.1066	291.1208	291.1208	291.1208	291.1208	291.1208	95.8044	-57.9809	-57.9809	-57.9809	-57.9809	-89.8992	-89.8992	-89.8992	-89.8992	-89.8992	-89.8992	-89.8992	-89.8992	-89.8992	-89.8992	-89.8992	-89.8992
-6.4795	-6.4795	-6.4795	-6.4795	-6.4795	-6.4795	-4.5216	-4.5216	-4.5216	-4.5216	-4.5216	22.6485	22.6485	22.6485	22.6485	22.6485	224.6642	224.6642	224.6642	224.6642	224.6642	89.2521	-72.0478	-72.0478	-72.0478	-72.0478	-95.0642	-95.0642	-95.0642	-95.0642	-95.0642	-95.0642	-95.0642	-95.0642	-95.0642	-95.0642	-95.0642	-95.0642
-6.4522	-6.4522	-6.4522	-6.4522	-6.4522	-6.4522	-3.3840	-3.3840	-3.3840	-3.3840	-3.3840	22.0577	22.0577	22.0577	22.0577	22.0577	144.4068	144.4068	144.4068	144.4068	144.4068	81.2016	-91.9013	-91.9013	-91.9013	-91.9013	-99.8835	-99.8835	-99.8835	-99.8835	-99.8835	-99.8835	-99.8835	-99.8835	-99.8835	-99.8835	-99.8835	-99.8835
-6.4365	-6.4365	-6.4365	-6.4365	-6.4365	-6.4365	-3.5153	-3.5153	-3.5153	-3.5153	-3.5153	21.2828	21.2828	21.2828	21.2828	21.2828	69.8404	69.8404	69.8404	69.8404	69.8404	77.7776	-112.2266	-112.2266	-112.2266	-112.2266	-104.3802	-104.3802	-104.3802	-104.3802	-104.3802	-104.3802	-104.3802	-104.3802	-104.3802	-104.3802	-104.3802	-104.3802
-6.4182	-6.4182	-6.4182	-6.4182	-6.4182	-6.4182	-4.5546	-4.5546	-4.5546	-4.5546	-4.5546	20.3154	20.3154	20.3154	20.3154	20.3154	22.0046	22.0046	22.0046	22.0046	22.0046	94.2394	-115.2882	-115.2882	-115.2882	-115.2882	-108.5759	-108.5759	-108.5759	-108.5759	-108.5759	-108.5759	-108.5759	-108.5759	-108.5759	-108.5759	-108.5759	-108.5759
-6.4462	-6.4462	-6.4462	-6.4462	-6.4462	-6.4462	-5.4499	-5.4499	-5.4499	-5.4499	-5.4499	19.2035	19.2035	19.2035	19.2035	19.2035	13.4865	13.4865	13.4865	13.4865	13.4865	136.7706	-94.8280	-94.8280	-94.8280	-94.8280	-112.4908	-112.4908	-112.4908	-112.4908	-112.4908	-112.4908	-112.4908	-112.4908	-112.4908	-112.4908	-112.4908	-112.4908
-6.4615	-6.4615	-6.4615	-6.4615	-6.4615	-6.4615	-5.7900	-5.7900	-5.7900	-5.7900	-5.7900	18.0307	18.0307	18.0307	18.0307	18.0307	35.0866	35.0866	35.0866	35.0866	35.0866	193.1138	-56.8615	-56.8615	-56.8615	-56.8615	-116.1437	-116.1437	-116.1437	-116.1437	-116.1437	-116.1437	-116.1437	-116.1437	-116.1437	-116.1437	-116.1437	-116.1437
-6.3367	-6.3367	-6.3367	-6.3367	-6.3367	-6.3367	-6.1824	-6.1824	-6.1824	-6.1824	-6.1824	16.9168	16.9168	16.9168	16.9168	16.9168	72.1211	72.1211	72.1211	72.1211	72.1211	251.9901	-4.9096	-4.9096	-4.9096	-4.9096	-119.5521	-119.5521	-119.5521	-119.5521	-119.5521	-119.5521	-119.5521	-119.5521	-119.5521	-119.5521	-119.5521	-119.5521
-6.0177	-6.0177	-6.0177	-6.0177	-6.0177	-6.0177	-6.6374	-6.6374	-6.6374	-6.6374	-6.6374	15.8935	15.8935	15.8935	15.8935	15.8935	105.0641	105.0641	105.0641	105.0641	105.0641	292.1528	43.9753	43.9753	43.9753	43.9753	-122.7323	-122.7323	-122.7323	-122.7323	-122.7323	-122.7323	-122.7323	-122.7323	-122.7323	-122.7323	-122.7323	-122.7323
-5.5585	-5.5585	-5.5585	-5.5585	-5.5585	-5.5585	-7.0911	-7.0911	-7.0911	-7.0911	-7.0911	14.9693	14.9693	14.9693	14.9693	14.9693	124.2200	124.2200	124.2200	124.2200	124.2200	299.4317	71.4772	71.4772	71.4772	71.4772	-125.6997	-125.6997	-125.6997	-125.6997	-125.6997	-125.6997	-125.6997	-125.6997	-125.6997	-125.6997	-125.6997	-125.6997
-5.0489	-5.0489	-5.0489	-5.0489	-5.0489	-5.0489	-7.6134	-7.6134	-7.6134	-7.6134	-7.6134	14.0612	14.0612	14.0612	14.0612	14.0612	117.8782	117.8782	117.8782	117.8782	117.8782	270.4796	64.6441	64.6441	64.6441	64.6441	-128.4685	-128.4685	-128.4685	-128.4685	-128.4685	-128.4685	-128.4685	-128.4685	-128.4685	-128.4685	-128.4685	-128.4685
-4.5771	-4.5771	-4.5771	-4.5771	-4.5771	-4.5771	-7.9935	-7.9935	-7.9935	-7.9935	-7.9935	13.1080	13.1080	13.1080	13.1080	13.1080	91.0724	91.0724	91.0724	91.0724	91.0724	217.3104	30.7711	30.7711	30.7711	30.7711	-131.0520	-131.0520	-131.0520	-131.0520	-131.0520	-131.0520	-131.0520	-131.0520	-131.0520	-131.0520	-131.0520	-131.0520
-4.1613	-4.1613	-4.1613	-4.1613	-4.1613	-4.1613	-7.9038	-7.9038	-7.9038	-7.9038	-7.9038	12.0699	12.0699	12.0699	12.0699	12.0699	55.3655	55.3655	55.3655	55.3655	55.3655	151.2104	-15.4414	-15.4414	-15.4414	-15.4414	-133.4626	-133.4626	-133.4626	-133.4626	-133.4626	-133.4626	-133.4626	-133.4626	-133.4626	-133.4626	-133.4626	-133.4626
-3.8396	-3.8396	-3.8396	-3.8396	-3.8396	-3.8396	-7.1915	-7.1915	-7.1915	-7.1915	-7.1915	10.9795	10.9795	10.9795	10.9795	10.9795	23.6910	23.6910	23.6910	23.6910	23.6910	89.9511	-57.4557	-57.4557	-57.4557	-57.4557	-135.7118	-135.7118	-135.7118	-135.7118	-135.7118	-135.7118	-135.7118	-135.7118	-135.7118	-135.7118	-135.7118	-135.7118
-3.5890	-3.5890	-3.5890	-3.5890	-3.5890	-3.5890	-6.0395	-6.0395	-6.0395	-6.0395	-6.0395	9.9043	9.9043	9.9043	9.9043	9.9043	1.3880	1.3880	1.3880	1.3880	1.3880	41.9874	-88.2753	-88.2753	-88.2753	-88.2753	-137.8105	-137.8105	-137.8105	-137.8105	-137.8105	-137.8105	-137.8105	-137.8105	-137.8105	-137.8105	-137.8105	-137.8105
-3.3497	-3.3497	-3.3497	-3.3497	-3.3497	-3.3497	-4.7004	-4.7004	-4.7004	-4.7004	-4.7004	9.0761	9.0761	9.0761	9.0761	9.0761	-3.1327	-3.1327	-3.1327	-3.1327	-3.1327	9.9769	-97.5592	-97.5592	-97.5592	-97.5592	-139.7687	-139.7687	-139.7687	-139.7687	-139.7687	-139.7687	-139.7687	-139.7687	-139.7687	-139.7687	-139.7687	-139.7687
-3.0924	-3.0924	-3.0924	-3.0924	-3.0924	-3.0924	-3.4971	-3.4971	-3.4971	-3.4971	-3.4971	8.6431	8.6431	8.6431	8.6431	8.6431	6.9922	6.9922	6.9922	6.9922	6.9922	-1.1169	-89.0427	-89.0427	-89.0427	-89.0427	-141.5959	-141.5959	-141.5959	-141.5959	-141.5959	-141.5959	-141.5959	-141.5959	-141.5959	-141.5959	-141.5959	-141.5959
-2.8440	-2.8440	-2.8440	-2.8440	-2.8440	-2.8440	-2.5806	-2.5806	-2.5806	-2.5806	-2.5806	8.6698	8.6698	8.6698	8.6698	8.6698	25.3658	25.3658	25.3658	25.3658	25.3658	15.7910	-73.7538	-73.7538	-73.7538	-73.7538	-143.3007	-143.3007	-143.3007	-143.3007	-143.3007	-143.3007	-143.3007	-143.3007	-143.3007	-143.3007	-143.3007	-143.3007
-2.6009	-2.6009	-2.6009	-2.6009	-2.6009	-2.6009	-2.1114	-2.1114	-2.1114	-2.1114	-2.1114	9.1308	9.1308	9.1308	9.1308	9.1308	41.8510	41.8510	41.8510	41.8510	41.8510	58.8682	-60.7539	-60.7539	-60.7539	-60.7539	-144.8915	-144.8915	-144.8915	-144.8915	-144.8915	-144.8915	-144.8915	-144.8915	-144.8915	-144.8915	-144.8915	-144.8915
-2.3633	-2.3633	-2.3633	-2.3633	-2.3633	-2.3633	-1.9805	-1.9805	-1.9805	-1.9805	-1.9805	9.9192	9.9192	9.9192	9.9192	9.9192	49.4216	49.4216	49.4216	49.4216	49.4216	117.1273	-51.0626	-51.0626	-51.0626	-51.0626	-146.3757	-146.3757	-146.3757	-146.3757	-146.3757	-146.3757	-146.3757	-146.3757	-146.3757	-146.3757	-146.3757	-146.3757
-2.1434	-2.1434	-2.1434	-2.1434	-2.1434	-2.1434	-1.9184	-1.9184	-1.9184	-1.9184	-1.9184	10.7723	10.7723	10.7723	10.7723	10.7723	39.6127	39.6127	39.6127	39.6127	39.6127	175.9146	-51.3646	-51.3646	-51.3646	-51.3646	-147.7607	-147.7607	-147.7607	-147.7607	-147.7607	-147.7607	-147.7607	-147.7607	-147.7607	-147.7607	-147.7607	-147.7607
-1.9345	-1.9345	-1.9345	-1.9345	-1.9345	-1.9345	-1.7860	-1.7860	-1.7860	-1.7860	-1.7860	11.4441	11.4441	11.4441	11.4441	11.4441	18.0976	18.0976	18.0976	18.0976	18.0976	216.7577	-58.6748	-58.6748	-58.6748	-58.6748	-149.0529	-149.0529	-149.0529	-149.0529	-149.0529	-149.0529	-149.0529	-149.0529	-149.0529	-149.0529	-149.0529	-149.0529
-1.7162	-1.7162	-1.7162	-1.7162	-1.7162	-1.7162	-1.6906	-1.6906	-1.6906	-1.6906	-1.6906	11.7060	11.7060	11.7060	11.7060	11.7060	-5.3020	-5.3020	-5.3020	-5.3020	-5.3020	230.3539	-63.8618	-63.8618	-63.8618	-63.8618	-150.2587	-150.2587	-150.2587	-150.2587	-150.2587	-150.2587	-150.2587	-150.2587	-150.2587	-150.2587	-150.2587	-150.2587
-1.4816	-1.4816	-1.4816	-1.4816	-1.4816	-1.4816	-1.6077	-1.6077	-1.6077	-1.6077	-1.6077	11.4700	11.4700	11.4700	11.4700	11.4700	-18.8421	-18.8421	-18.8421	-18.8421	-18.8421	209.3144	-62.0064	-62.0064	-62.0064	-62.0064	-151.3837	-151.3837	-151.3837	-151.3837	-151.3837	-151.3837	-151.3837	-151.3837	-151.3837	-151.3837	-151.3837	-151.3837
-1.2411	-1.2411	-1.2411	-1.2411	-1.2411	-1.2411	-1.5340	-1.5340	-1.5340	-1.5340	-1.5340	10.7392	10.7392	10.7392	10.7392	10.7392	-17.4275	-17.4275	-17.4275	-17.4275	-17.4275	162.9339	-55.5864	-55.5864	-55.5864	-55.5864	-152.4334	-152.4334	-152.4334	-152.4334	-152.4334	-152.4334	-152.4334	-152.4334	-152.4334	-152.4334	-152.4334	-152.4334
0.0357	0.0357	0.0357	0.0357	0.0357	0.0357	-0.8769	-0.8769	-0.8769	-0.8769	-0.8769	9.9204	9.9204	9.9204	9.9204	9.9204	2.3732	2.3732	2.3732	2.3732	2.3732	111.1250	-45.3984	-45.3984	-45.3984	-45.3984	-153.4129	-153.4129	-153.4129	-153.4129	-153.4129	-153.4129	-153.4129	-153.4129	-153.4129	-153.4129	-153.4129	-153.4129
0.0385	0.0385	0.0385	0.0385	0.0385	0.0385	-0.9459	-0.9459	-0.9459	-0.9459	-0.9459	9.0668	9.0668	9.0668	9.0668	9.0668	33.3385	33.3385	33.3385	33.3385	33.3385	67.3348	-33.8948	-33.8948	-33.8948	-33.8948	-154.3267	-154.3267	-154.3267	-154.3267	-154.3267	-154.3267	-154.3267	-154.3267	-154.3267	-154.3267	-154.3267	-154.3267
0.0410	0.0410	0.0410	0.0410	0.0410	0.0410	-1.0072	-1.0072	-1.0072	-1.0072	-1.0072	8.1493	8.1493	8.1493	8.1493	8.1493	65.1180	65.1180	65.1180	65.1180	65.1180	39.6608	-23.5980	-23.5980	-23.5980	-23.5980	-155.1794	-155.1794	-155.1794	-155.1794	-155.1794	-155.1794	-155.1794	-155.1794	-155.1794	-155.1794	-155.1794	-155.1794
0.0426	0.0426	0.0426	0.0426	0.0426	0.0426	-1.0469	-1.0469	-1.0469	-1.0469	-1.0469	7.2200	7.2200	7.2200	7.2200	7.2200	89.3293	89.3293	89.3293	89.3293	89.3293	29.0789	-16.1418	-16.1418	-16.1418	-16.1418	-155.9750	-155.9750	-155.9750	-155.9750	-155.9750	-155.9750	-155.9750	-155.9750	-155.9750	-155.9750	-155.9750	-155.9750
0.0426	0.0426	0.0426	0.0426	0.0426	0.0426	-1.0470	-1.0470	-1.0470	-1.0470	-1.0470	6.3204	6.3204	6.3204	6.3204	6.3204	101.2607	101.2607	101.2607	101.2607	101.2607	30.5393	-12.0086	-12.0086	-12.0086	-12.0086	-156.7174	-156.7174	-156.7174	-156.7174	-156.7174	-156.7174	-156.7174	-156.7174	-156.7174	-156.7174	-156.7174	-156.7174
0.0402	0.0402	0.0402	0.0402	0.0402	0.0402	-0.9882	-0.9882	-0.9882	-0.9882	-0.9882	5.4609	5.4609	5.4609	5.4609	5.4609	99.8952	99.8952	99.8952	99.8952	99.8952	37.4145	-10.8654	-10.8654	-10.8654	-10.8654	-157.4100	-157.4100	-157.4100	-157.4100	-157.4100	-157.4100	-157.4100	-157.4100	-157.4100	-157.4100	-157.4100	-157.4100
0.0346	0.0346	0.0346	0.0346	0.0346	0.0346	-0.8502	-0.8502	-0.8502	-0.8502	-0.8502	4.6570	4.6570	4.6570	4.6570	4.6570	87.6091	87.6091	87.6091	87.6091	87.6091	42.3364	-11.6847	-11.6847	-11.6847	-11.6847	-158.0563	-158.0563	-158.0563	-158.0563	-158.0563	-158.0563	-158.0563	-158.0563	-158.0563	-158.0563	-158.0563	-158.0563
0.0249	0.0249	0.0249	0.0249	0.0249	0.0249	-0.6124	-0.6124	-0.6124	-0.6124	-0.6124	3.9153	3.9153	3.9153	3.9153	3.9153	67.9105	67.9105	67.9105	67.9105	67.9105	37.6900	-13.2072	-13.2072	-13.2072	-13.2072	-158.6593	-158.6593	-158.6593	-158.6593	-158.6593	-158.6593	-158.6593	-158.6593	-158.6593	-158.6593	-158.6593	-158.6593
0.0104	0.0104	0.0104	0.0104	0.0104	0.0104	-0.2546	-0.2546	-0.2546	-0.2546	-0.2546	3.2358	3.2358	3.2358	3.2358	3.2358	44.9202	44.9202	44.9202	44.9202	44.9202	16.4118	-14.1006	-14.1006	-14.1006	-14.1006	-159.2218	-159.2218	-159.2218	-159.2218	-159.2218	-159.2218	-159.2218	-159.2218	-159.2218	-159.2218	-159.2218	-159.2218
-0.0099	-0.0099	-0.0099	-0.0099	-0.0099	-0.0099	0.2435	0.2435	0.2435	0.2435	0.2435	2.6184	2.6184	2.6184	2.6184	2.6184	22.9767	22.9767	22.9767	22.9767	22.9767	-28.5237	-12.9949	-12.9949	-12.9949	-12.9949	-159.7468	-159.7468	-159.7468	-159.7468	-159.7468	-159.7468	-159.7468	-159.7468	-159.7468	-159.7468	-159.7468	-159.7468
0.0334	0.0334	0.0334	0.0334	0.0334	0.0334	-0.8206	-0.8206	-0.8206	-0.8206	-0.8206	6.6291	6.6291	6.6291	6.6291	6.6291	24.4023	24.4023	24.4023	24.4023	24.4023	13.7253	9.6439	9.6439	9.6439	9.6439	0.0000	0.0000	0.0000	0.0000	0.0000	0.0000	0.0000	0.0000	0.0000	0.0000	0.0000	0.0000
Female migration
-201.4830	-311.9992	-399.5317	-521.2616	-679.0320	-743.9862	-877.8424	-1000.7166	-1242.6531	-1492.4314	-2721.4822	-46.0071	-46.0071	-46.0071	-46.0071	-46.0071	1581.7299	1581.7299	1581.7299	1581.7299	1581.7299	4857.7574	2496.1442	2496.1442	2496.1442	2496.1442	-0.1778	-0.1778	-0.1778	-0.1778	-0.1778	-0.1778	-0.1778	-0.1778	-0.1778	-0.1778	-0.1778	-0.1778
-0.6450	-210.4419	-320.9581	-408.4906	-530.2205	-665.1053	-799.8637	-937.0705	-1059.9446	-1301.8811	-1551.6594	-69.7933	-67.0968	-67.0968	-67.0968	-67.0968	1106.7158	1106.7158	1106.7158	1106.7158	1106.7158	3525.1846	863.1115	863.1115	863.1115	863.1115	-0.1914	-0.1914	-0.1914	-0.1914	-0.1914	-0.1914	-0.1914	-0.1914	-0.1914	-0.1914	-0.1914	-0.1914
-6.4312	-6.4323	-216.2291	-326.7453	-414.2778	-540.8841	-690.5664	-831.2587	-968.4655	-1091.3397	-1333.2762	-171.4824	-87.5772	-85.0935	-85.0935	-85.0935	635.2575	635.2575	635.2575	635.2575	635.2575	2168.2192	-766.3655	-766.3655	-766.3655	-766.3655	-0.2043	-0.2043	-0.2043	-0.2043	-0.2043	-0.2043	-0.2043	-0.2043	-0.2043	-0.2043	-0.2043	-0.2043
-9.7172	-9.7172	-9.7183	-219.5152	-330.0314	-430.9589	-542.8494	-700.6198	-841.3121	-978.5189	-1101.3931	-126.8932	-186.0984	-102.1931	-99.9972	-99.9972	742.2791	742.2791	742.2791	742.2791	742.2791	2443.0829	-732.2456	-732.2456	-732.2456	-732.2456	-0.2123	-0.2123	-0.2123	-0.2123	-0.2123	-0.2123	-0.2123	-0.2123	-0.2123	-0.2123	-0.2123	-0.2123
-11.1725	-11.1725	-11.1725	-11.1735	-220.9704	-340.0044	-416.3224	-538.0523	-695.8228	-836.5151	-973.7218	-92.0896	-138.3413	-197.5464	-113.6412	-111.8079	817.0899	817.0899	817.0899	817.0899	817.0899	2658.9347	-721.5512	-721.5512	-721.5512	-721.5512	-0.1882	-0.1882	-0.1882	-0.1882	-0.1882	-0.1882	-0.1882	-0.1882	-0.1882	-0.1882	-0.1882	-0.1882
-11.4970	-11.4970	-11.4970	-11.4970	-11.4981	-217.6565	-315.9341	-403.4666	-525.1965	-682.9669	-823.6592	19.4857	-100.4769	-146.7286	-205.9338	-122.0285	872.1374	872.1374	872.1374	872.1374	872.1374	2822.8279	-723.0555	-723.0555	-723.0555	-723.0555	-0.0060	-0.0060	-0.0060	-0.0060	-0.0060	-0.0060	-0.0060	-0.0060	-0.0060	-0.0060	-0.0060	-0.0060
-11.3612	-11.3612	-11.3612	-11.3612	-11.3612	5.8639	-190.9946	-301.5108	-389.0433	-510.7732	-668.5436	87.7681	13.8978	-106.0648	-152.3164	-211.5216	919.4971	919.4971	919.4971	919.4971	919.4971	2941.7983	-725.9036	-725.9036	-725.9036	-725.9036	0.7724	0.7724	0.7724	0.7724	0.7724	0.7724	0.7724	0.7724	0.7724	0.7724	0.7724	0.7724
-11.3463	-11.3463	-11.3463	-11.3463	-11.3463	15.8613	29.2031	-180.5938	-291.1100	-378.6425	-500.3724	127.2602	84.7455	10.8753	-109.0873	-155.3390	970.4442	970.4442	970.4442	970.4442	970.4442	3023.0434	-720.1417	-720.1417	-720.1417	-720.1417	3.3195	3.3195	3.3195	3.3195	3.3195	3.3195	3.3195	3.3195	3.3195	3.3195	3.3195	3.3195
-11.8852	-11.8852	-11.8852	-11.8852	-11.8852	18.0090	31.4944	31.4933	-178.3035	-288.8197	-376.3522	136.1395	126.0796	83.5649	9.6946	-110.2680	1034.0806	1034.0806	1034.0806	1034.0806	1034.0806	3073.4589	-697.8888	-697.8888	-697.8888	-697.8888	10.1058	10.1058	10.1058	10.1058	10.1058	10.1058	10.1058	10.1058	10.1058	10.1058	10.1058	10.1058
-12.9647	-12.9647	-12.9647	-12.9647	-12.9647	12.6795	26.0923	26.0923	26.0912	-183.7057	-294.2219	171.4817	135.8431	125.7833	83.2686	9.3983	1112.9879	1112.9879	1112.9879	1112.9879	1112.9879	3099.0359	-657.4813	-657.4813	-657.4813	-657.4813	-10.8585	-10.8585	-10.8585	-10.8585	-10.8585	-10.8585	-10.8585	-10.8585	-10.8585	-10.8585	-10.8585	-10.8585
-14.0964	-14.0964	-14.0964	-14.0964	-14.0964	5.0365	18.2224	18.2224	18.2224	18.2213	-191.5755	231.1579	171.1256	135.4871	125.4272	82.9125	1202.2267	1202.2267	1202.2267	1202.2267	1202.2267	3104.4156	-604.2735	-604.2735	-604.2735	-604.2735	-35.1170	-35.1170	-35.1170	-35.1170	-35.1170	-35.1170	-35.1170	-35.1170	-35.1170	-35.1170	-35.1170	-35.1170
-14.3760	-14.3760	-14.3760	-14.3760	-14.3760	4.4374	17.3152	17.3152	17.3152	17.3152	17.3152	242.7097	229.7782	169.7459	134.1074	124.0476	1286.9318	1286.9318	1286.9318	1286.9318	1286.9318	3090.7842	-552.0331	-552.0331	-552.0331	-552.0331	13.9754	13.9754	13.9754	13.9754	13.9754	13.9754	13.9754	13.9754	13.9754	13.9754	13.9754	13.9754
-12.7207	-12.7207	-12.7207	-12.7207	-12.7207	22.0364	34.6036	34.6036	34.6036	34.6036	34.6036	-8.4381	239.5371	226.6056	166.5733	130.9348	1344.9720	1344.9720	1344.9720	1344.9720	1344.9720	3055.7991	-520.1820	-520.1820	-520.1820	-520.1820	87.4332	87.4332	87.4332	87.4332	87.4332	87.4332	87.4332	87.4332	87.4332	87.4332	87.4332	87.4332
-8.5531	-8.5531	-8.5531	-8.5531	-8.5531	63.8960	76.2133	76.2133	76.2133	76.2133	76.2133	-13.5029	-13.5029	234.4724	221.5409	161.5086	1356.1285	1356.1285	1356.1285	1356.1285	1356.1285	2994.4198	-524.8186	-524.8186	-524.8186	-524.8186	186.4956	186.4956	186.4956	186.4956	186.4956	186.4956	186.4956	186.4956	186.4956	186.4956	186.4956	186.4956
-2.7812	-2.7812	-2.7812	-2.7812	-2.7812	121.1022	133.2500	133.2500	133.2500	133.2500	133.2500	-20.0228	-20.0228	-20.0228	227.9524	215.0209	1316.8804	1316.8804	1316.8804	1316.8804	1316.8804	2901.1975	-564.7388	-564.7388	-564.7388	-564.7388	308.2097	308.2097	308.2097	308.2097	308.2097	308.2097	308.2097	308.2097	308.2097	308.2097	308.2097	308.2097
3.7649	3.7649	3.7649	3.7649	3.7649	184.4765	196.3191	196.3191	196.3191	196.3191	196.3191	-25.5517	-25.5517	-25.5517	-25.5517	222.4235	1240.6267	1240.6267	1240.6267	1240.6267	1240.6267	2787.3863	-623.5319	-623.5319	-623.5319	-623.5319	445.6202	445.6202	445.6202	445.6202	445.6202	445.6202	445.6202	445.6202	445.6202	445.6202	445.6202	445.6202
9.2581	9.2581	9.2581	9.2581	9.2581	236.6579	248.2365	248.2365	248.2365	248.2365	248.2365	-28.3252	-28.3252	-28.3252	-28.3252	-28.3252	1146.6752	1146.6752	1146.6752	1146.6752	1146.6752	2652.2181	-683.9169	-683.9169	-683.9169	-683.9169	589.0120	589.0120	589.0120	589.0120	589.0120	589.0120	589.0120	589.0120	589.0120	589.0120	589.0120	589.0120
12.2303	12.2303	12.2303	12.2303	12.2303	264.9975	276.7869	276.7869	276.7869	276.7869	276.7869	-27.2613	-27.2613	-27.2613	-27.2613	-27.2613	1036.1133	1036.1133	1036.1133	1036.1133	1036.1133	2469.9978	-757.2362	-757.2362	-757.2362	-757.2362	727.7178	727.7178	727.7178	727.7178	727.7178	727.7178	727.7178	727.7178	727.7178	727.7178	727.7178	727.7178
11.6305	11.6305	11.6305	11.6305	11.6305	259.8051	272.4448	272.4448	272.4448	272.4448	272.4448	-22.6809	-22.6809	-22.6809	-22.6809	-22.6809	930.0436	930.0436	930.0436	930.0436	930.0436	2256.2715	-819.2340	-819.2340	-819.2340	-819.2340	851.9093	851.9093	851.9093	851.9093	851.9093	851.9093	851.9093	851.9093	851.9093	851.9093	851.9093	851.9093
8.3135	8.3135	8.3135	8.3135	8.3135	228.6501	242.5609	242.5609	242.5609	242.5609	242.5609	-15.8201	-15.8201	-15.8201	-15.8201	-15.8201	845.0441	845.0441	845.0441	845.0441	845.0441	2058.1020	-837.8982	-837.8982	-837.8982	-837.8982	953.9325	953.9325	953.9325	953.9325	953.9325	953.9325	953.9325	953.9325	953.9325	953.9325	953.9325	953.9325
4.3452	4.3452	4.3452	4.3452	4.3452	192.1749	207.5644	207.5644	207.5644	207.5644	207.5644	-11.0364	-11.0364	-11.0364	-11.0364	-11.0364	794.7091	794.7091	794.7091	794.7091	794.7091	1896.8764	-795.4287	-795.4287	-795.4287	-795.4287	1028.9939	1028.9939	1028.9939	1028.9939	1028.9939	1028.9939	1028.9939	1028.9939	1028.9939	1028.9939	1028.9939	1028.9939
0.7388	0.7388	0.7388	0.7388	0.7388	157.7527	174.3846	174.3846	174.3846	174.3846	174.3846	-11.5329	-11.5329	-11.5329	-11.5329	-11.5329	769.9909	769.9909	769.9909	769.9909	769.9909	1792.1554	-709.9599	-709.9599	-709.9599	-709.9599	1075.2289	1075.2289	1075.2289	1075.2289	1075.2289	1075.2289	1075.2289	1075.2289	1075.2289	1075.2289	1075.2289	1075.2289
-3.3127	-3.3127	-3.3127	-3.3127	-3.3127	114.0850	131.3877	131.3877	131.3877	131.3877	131.3877	-19.3586	-19.3586	-19.3586	-19.3586	-19.3586	744.9261	744.9261	744.9261	744.9261	744.9261	1755.2098	-612.7649	-612.7649	-612.7649	-612.7649	1093.3165	1093.3165	1093.3165	1093.3165	1093.3165	1093.3165	1093.3165	1093.3165	1093.3165	1093.3165	1093.3165	1093.3165
-7.5974	-7.5974	-7.5974	-7.5974	-7.5974	61.5964	78.7525	78.7525	78.7525	78.7525	78.7525	-34.4671	-34.4671	-34.4671	-34.4671	-34.4671	711.6734	711.6734	711.6734	711.6734	711.6734	1782.2579	-531.3904	-531.3904	-531.3904	-531.3904	1085.8469	1085.8469	1085.8469	1085.8469	1085.8469	1085.8469	1085.8469	1085.8469	1085.8469	1085.8469	1085.8469	1085.8469
-11.9187	-11.9187	-11.9187	-11.9187	-11.9187	4.4658	20.8756	20.8756	20.8756	20.8756	20.8756	-55.2557	-55.2557	-55.2557	-55.2557	-55.2557	687.7655	687.7655	687.7655	687.7655	687.7655	1845.5221	-467.9884	-467.9884	-467.9884	-467.9884	1056.6231	1056.6231	1056.6231	1056.6231	1056.6231	1056.6231	1056.6231	1056.6231	1056.6231	1056.6231	1056.6231	1056.6231
-16.6739	-16.6739	-16.6739	-16.6739	-16.6739	-58.7449	-43.2652	-43.2652	-43.2652	-43.2652	-43.2652	-77.2478	-77.2478	-77.2478	-77.2478	-77.2478	672.0964	672.0964	672.0964	672.0964	672.0964	1913.8639	-435.9675	-435.9675	-435.9675	-435.9675	1010.0247	1010.0247	1010.0247	1010.0247	1010.0247	1010.0247	1010.0247	1010.0247	1010.0247	1010.0247	1010.0247	1010.0247
-21.2131	-21.2131	-21.2131	-21.2131	-21.2131	-117.3186	-102.6221	-102.6221	-102.6221	-102.6221	-102.6221	-96.0366	-96.0366	-96.0366	-96.0366	-96.0366	667.6132	667.6132	667.6132	667.6132	667.6132	1940.3758	-421.9329	-421.9329	-421.9329	-421.9329	950.4999	950.4999	950.4999	950.4999	950.4999	950.4999	950.4999	950.4999	950.4999	950.4999	950.4999	950.4999
-24.2658	-24.2658	-24.2658	-24.2658	-24.2658	-155.8252	-141.7774	-141.7774	-141.7774	-141.7774	-141.7774	-107.2849	-107.2849	-107.2849	-107.2849	-107.2849	686.8014	686.8014	686.8014	686.8014	686.8014	1902.9670	-394.1195	-394.1195	-394.1195	-394.1195	882.2080	882.2080	882.2080	882.2080	882.2080	882.2080	882.2080	882.2080	882.2080	882.2080	882.2080	882.2080
-25.2623	-25.2623	-25.2623	-25.2623	-25.2623	-166.3126	-152.6572	-152.6572	-152.6572	-152.6572	-152.6572	-109.4675	-109.4675	-109.4675	-109.4675	-109.4675	722.5534	722.5534	722.5534	722.5534	722.5534	1777.5473	-342.9115	-342.9115	-342.9115	-342.9115	808.8022	808.8022	808.8022	808.8022	808.8022	808.8022	808.8022	808.8022	808.8022	808.8022	808.8022	808.8022
-24.7148	-24.7148	-24.7148	-24.7148	-24.7148	-155.6806	-142.2212	-142.2212	-142.2212	-142.2212	-142.2212	-102.6542	-102.6542	-102.6542	-102.6542	-102.6542	751.4513	751.4513	751.4513	751.4513	751.4513	1580.9736	-290.9031	-290.9031	-290.9031	-290.9031	733.3270	733.3270	733.3270	733.3270	733.3270	733.3270	733.3270	733.3270	733.3270	733.3270	733.3270	733.3270
-23.5891	-23.5891	-23.5891	-23.5891	-23.5891	-138.3153	-125.0994	-125.0994	-125.0994	-125.0994	-125.0994	-88.1949	-88.1949	-88.1949	-88.1949	-88.1949	756.0993	756.0993	756.0993	756.0993	756.0993	1328.7912	-249.1701	-249.1701	-249.1701	-249.1701	658.1989	658.1989	658.1989	658.1989	658.1989	658.1989	658.1989	658.1989	658.1989	658.1989	658.1989	658.1989
-22.6700	-22.6700	-22.6700	-22.6700	-22.6700	-123.8750	-110.9712	-110.9712	-110.9712	-110.9712	-110.9712	-69.1744	-69.1744	-69.1744	-69.1744	-69.1744	733.8194	733.8194	733.8194	733.8194	733.8194	1105.7307	-224.6798	-224.6798	-224.6798	-224.6798	585.2433	585.2433	585.2433	585.2433	585.2433	585.2433	585.2433	585.2433	585.2433	585.2433	585.2433	585.2433
-21.9510	-21.9510	-21.9510	-21.9510	-21.9510	-109.8541	-97.1076	-97.1076	-97.1076	-97.1076	-97.1076	-50.4120	-50.4120	-50.4120	-50.4120	-50.4120	695.1744	695.1744	695.1744	695.1744	695.1744	997.6247	-214.9268	-214.9268	-214.9268	-214.9268	515.7623	515.7623	515.7623	515.7623	515.7623	515.7623	515.7623	515.7623	515.7623	515.7623	515.7623	515.7623
-21.7269	-21.7269	-21.7269	-21.7269	-21.7269	-99.3739	-86.5848	-86.5848	-86.5848	-86.5848	-86.5848	-33.9048	-33.9048	-33.9048	-33.9048	-33.9048	647.5484	647.5484	647.5484	647.5484	647.5484	1056.5046	-220.0144	-220.0144	-220.0144	-220.0144	450.6171	450.6171	450.6171	450.6171	450.6171	450.6171	450.6171	450.6171	450.6171	450.6171	450.6171	450.6171
-21.8502	-21.8502	-21.8502	-21.8502	-21.8502	-91.8169	-78.8669	-78.8669	-78.8669	-78.8669	-78.8669	-21.0191	-21.0191	-21.0191	-21.0191	-21.0191	595.2031	595.2031	595.2031	595.2031	595.2031	1227.8682	-236.1169	-236.1169	-236.1169	-236.1169	390.3117	390.3117	390.3117	390.3117	390.3117	390.3117	390.3117	390.3117	390.3117	390.3117	390.3117	390.3117
-21.8166	-21.8166	-21.8166	-21.8166	-21.8166	-81.3583	-68.1526	-68.1526	-68.1526	-68.1526	-68.1526	-13.0247	-13.0247	-13.0247	-13.0247	-13.0247	549.6814	549.6814	549.6814	549.6814	549.6814	1459.9783	-254.2756	-254.2756	-254.2756	-254.2756	335.0723	335.0723	335.0723	335.0723	335.0723	335.0723	335.0723	335.0723	335.0723	335.0723	335.0723	335.0723
-21.5003	-21.5003	-21.5003	-21.5003	-21.5003	-69.2701	-55.9134	-55.9134	-55.9134	-55.9134	-55.9134	-9.6422	-9.6422	-9.6422	-9.6422	-9.6422	517.0964	517.0964	517.0964	517.0964	517.0964	1641.6482	-265.3672	-265.3672	-265.3672	-265.3672	284.9159	284.9159	284.9159	284.9159	284.9159	284.9159	284.9159	284.9159	284.9159	284.9159	284.9159	284.9159
-21.2762	-21.2762	-21.2762	-21.2762	-21.2762	-63.3325	-50.1506	-50.1506	-50.1506	-50.1506	-50.1506	-9.0421	-9.0421	-9.0421	-9.0421	-9.0421	491.0605	491.0605	491.0605	491.0605	491.0605	1683.2650	-273.8802	-273.8802	-273.8802	-273.8802	239.7095	239.7095	239.7095	239.7095	239.7095	239.7095	239.7095	239.7095	239.7095	239.7095	239.7095	239.7095
-21.1932	-21.1932	-21.1932	-21.1932	-21.1932	-65.9711	-53.4154	-53.4154	-53.4154	-53.4154	-53.4154	-10.8685	-10.8685	-10.8685	-10.8685	-10.8685	474.5596	474.5596	474.5596	474.5596	474.5596	1531.1290	-269.7217	-269.7217	-269.7217	-269.7217	199.2175	199.2175	199.2175	199.2175	199.2175	199.2175	199.2175	199.2175	199.2175	199.2175	199.2175	199.2175
-21.1645	-21.1645	-21.1645	-21.1645	-21.1645	-74.4000	-62.7913	-62.7913	-62.7913	-62.7913	-62.7913	-14.5357	-14.5357	-14.5357	-14.5357	-14.5357	472.7962	472.7962	472.7962	472.7962	472.7962	1259.7868	-241.0875	-241.0875	-241.0875	-241.0875	163.1392	163.1392	163.1392	163.1392	163.1392	163.1392	163.1392	163.1392	163.1392	163.1392	163.1392	163.1392
-21.2243	-21.2243	-21.2243	-21.2243	-21.2243	-85.7838	-75.2463	-75.2463	-75.2463	-75.2463	-75.2463	-19.2681	-19.2681	-19.2681	-19.2681	-19.2681	484.2734	484.2734	484.2734	484.2734	484.2734	963.1137	-185.4123	-185.4123	-185.4123	-185.4123	131.1374	131.1374	131.1374	131.1374	131.1374	131.1374	131.1374	131.1374	131.1374	131.1374	131.1374	131.1374
-21.1131	-21.1131	-21.1131	-21.1131	-21.1131	-94.3638	-84.7943	-84.7943	-84.7943	-84.7943	-84.7943	-24.2831	-24.2831	-24.2831	-24.2831	-24.2831	497.5954	497.5954	497.5954	497.5954	497.5954	738.7197	-118.7180	-118.7180	-118.7180	-118.7180	102.8602	102.8602	102.8602	102.8602	102.8602	102.8602	102.8602	102.8602	102.8602	102.8602	102.8602	102.8602
-20.4859	-20.4859	-20.4859	-20.4859	-20.4859	-95.9764	-87.1884	-87.1884	-87.1884	-87.1884	-87.1884	-28.7910	-28.7910	-28.7910	-28.7910	-28.7910	505.9576	505.9576	505.9576	505.9576	505.9576	619.8540	-54.2698	-54.2698	-54.2698	-54.2698	77.9556	77.9556	77.9556	77.9556	77.9556	77.9556	77.9556	77.9556	77.9556	77.9556	77.9556	77.9556
-19.1710	-19.1710	-19.1710	-19.1710	-19.1710	-87.5386	-79.2401	-79.2401	-79.2401	-79.2401	-79.2401	-32.1980	-32.1980	-32.1980	-32.1980	-32.1980	496.7212	496.7212	496.7212	496.7212	496.7212	638.3805	-12.9259	-12.9259	-12.9259	-12.9259	56.0830	56.0830	56.0830	56.0830	56.0830	56.0830	56.0830	56.0830	56.0830	56.0830	56.0830	56.0830
-17.3821	-17.3821	-17.3821	-17.3821	-17.3821	-72.0528	-64.0284	-64.0284	-64.0284	-64.0284	-64.0284	-34.1366	-34.1366	-34.1366	-34.1366	-34.1366	465.2064	465.2064	465.2064	465.2064	465.2064	741.5346	-3.1092	-3.1092	-3.1092	-3.1092	36.9194	36.9194	36.9194	36.9194	36.9194	36.9194	36.9194	36.9194	36.9194	36.9194	36.9194	36.9194
-15.3747	-15.3747	-15.3747	-15.3747	-15.3747	-53.9770	-46.1567	-46.1567	-46.1567	-46.1567	-46.1567	-34.1950	-34.1950	-34.1950	-34.1950	-34.1950	411.8158	411.8158	411.8158	411.8158	411.8158	842.7534	-28.4353	-28.4353	-28.4353	-28.4353	20.1641	20.1641	20.1641	20.1641	20.1641	20.1641	20.1641	20.1641	20.1641	20.1641	20.1641	20.1641
-13.5525	-13.5525	-13.5525	-13.5525	-13.5525	-38.6973	-31.1388	-31.1388	-31.1388	-31.1388	-31.1388	-32.5201	-32.5201	-32.5201	-32.5201	-32.5201	352.1834	352.1834	352.1834	352.1834	352.1834	890.1567	-70.3880	-70.3880	-70.3880	-70.3880	5.5404	5.5404	5.5404	5.5404	5.5404	5.5404	5.5404	5.5404	5.5404	5.5404	5.5404	5.5404
-12.1615	-12.1615	-12.1615	-12.1615	-12.1615	-28.2875	-21.0501	-21.0501	-21.0501	-21.0501	-21.0501	-29.8169	-29.8169	-29.8169	-29.8169	-29.8169	297.4652	297.4652	297.4652	297.4652	297.4652	901.0168	-110.0938	-110.0938	-110.0938	-110.0938	-7.2033	-7.2033	-7.2033	-7.2033	-7.2033	-7.2033	-7.2033	-7.2033	-7.2033	-7.2033	-7.2033	-7.2033
-11.4131	-11.4131	-11.4131	-11.4131	-11.4131	-25.2165	-18.4037	-18.4037	-18.4037	-18.4037	-18.4037	-26.3381	-26.3381	-26.3381	-26.3381	-26.3381	265.7912	265.7912	265.7912	265.7912	265.7912	870.4264	-126.3142	-126.3142	-126.3142	-126.3142	-18.2941	-18.2941	-18.2941	-18.2941	-18.2941	-18.2941	-18.2941	-18.2941	-18.2941	-18.2941	-18.2941	-18.2941
-11.1398	-11.1398	-11.1398	-11.1398	-11.1398	-27.4365	-21.1091	-21.1091	-21.1091	-21.1091	-21.1091	-22.4205	-22.4205	-22.4205	-22.4205	-22.4205	263.2953	263.2953	263.2953	263.2953	263.2953	817.9696	-116.8659	-116.8659	-116.8659	-116.8659	-27.9353	-27.9353	-27.9353	-27.9353	-27.9353	-27.9353	-27.9353	-27.9353	-27.9353	-27.9353	-27.9353	-27.9353
-10.9950	-10.9950	-10.9950	-10.9950	-10.9950	-31.0578	-25.2288	-25.2288	-25.2288	-25.2288	-25.2288	-18.7034	-18.7034	-18.7034	-18.7034	-18.7034	289.3482	289.3482	289.3482	289.3482	289.3482	781.8873	-82.1059	-82.1059	-82.1059	-82.1059	-36.3082	-36.3082	-36.3082	-36.3082	-36.3082	-36.3082	-36.3082	-36.3082	-36.3082	-36.3082	-36.3082	-36.3082
-10.7315	-10.7315	-10.7315	-10.7315	-10.7315	-32.8556	-27.4487	-27.4487	-27.4487	-27.4487	-27.4487	-15.6169	-15.6169	-15.6169	-15.6169	-15.6169	328.3482	328.3482	328.3482	328.3482	328.3482	773.7003	-36.5879	-36.5879	-36.5879	-36.5879	-43.5734	-43.5734	-43.5734	-43.5734	-43.5734	-43.5734	-43.5734	-43.5734	-43.5734	-43.5734	-43.5734	-43.5734
-10.4002	-10.4002	-10.4002	-10.4002	-10.4002	-32.8539	-27.7337	-27.7337	-27.7337	-27.7337	-27.7337	-13.3818	-13.3818	-13.3818	-13.3818	-13.3818	371.0551	371.0551	371.0551	371.0551	371.0551	773.7437	8.8336	8.8336	8.8336	8.8336	-49.8730	-49.8730	-49.8730	-49.8730	-49.8730	-49.8730	-49.8730	-49.8730	-49.8730	-49.8730	-49.8730	-49.8730
-9.9228	-9.9228	-9.9228	-9.9228	-9.9228	-29.8806	-24.8661	-24.8661	-24.8661	-24.8661	-24.8661	-12.1027	-12.1027	-12.1027	-12.1027	-12.1027	397.5918	397.5918	397.5918	397.5918	397.5918	772.5037	37.8486	37.8486	37.8486	37.8486	-55.3319	-55.3319	-55.3319	-55.3319	-55.3319	-55.3319	-55.3319	-55.3319	-55.3319	-55.3319	-55.3319	-55.3319
-9.3378	-9.3378	-9.3378	-9.3378	-9.3378	-24.7051	-19.6647	-19.6647	-19.6647	-19.6647	-19.6647	-11.6835	-11.6835	-11.6835	-11.6835	-11.6835	397.9752	397.9752	397.9752	397.9752	397.9752	760.5352	46.5724	46.5724	46.5724	46.5724	-60.0596	-60.0596	-60.0596	-60.0596	-60.0596	-60.0596	-60.0596	-60.0596	-60.0596	-60.0596	-60.0596	-60.0596
-8.8027	-8.8027	-8.8027	-8.8027	-8.8027	-19.6942	-14.5748	-14.5748	-14.5748	-14.5748	-14.5748	-11.6424	-11.6424	-11.6424	-11.6424	-11.6424	367.3083	367.3083	367.3083	367.3083	367.3083	734.3179	32.8815	32.8815	32.8815	32.8815	-64.1522	-64.1522	-64.1522	-64.1522	-64.1522	-64.1522	-64.1522	-64.1522	-64.1522	-64.1522	-64.1522	-64.1522
-8.3319	-8.3319	-8.3319	-8.3319	-8.3319	-15.4971	-10.3266	-10.3266	-10.3266	-10.3266	-10.3266	-11.4714	-11.4714	-11.4714	-11.4714	-11.4714	319.2722	319.2722	319.2722	319.2722	319.2722	688.5171	7.3802	7.3802	7.3802	7.3802	-67.6937	-67.6937	-67.6937	-67.6937	-67.6937	-67.6937	-67.6937	-67.6937	-67.6937	-67.6937	-67.6937	-67.6937
-7.7823	-7.7823	-7.7823	-7.7823	-7.7823	-10.5316	-5.3600	-5.3600	-5.3600	-5.3600	-5.3600	-10.6361	-10.6361	-10.6361	-10.6361	-10.6361	265.1372	265.1372	265.1372	265.1372	265.1372	614.8707	-21.5980	-21.5980	-21.5980	-21.5980	-70.7571	-70.7571	-70.7571	-70.7571	-70.7571	-70.7571	-70.7571	-70.7571	-70.7571	-70.7571	-70.7571	-70.7571
-7.1255	-7.1255	-7.1255	-7.1255	-7.1255	-4.6837	0.4023	0.4023	0.4023	0.4023	0.4023	-9.0113	-9.0113	-9.0113	-9.0113	-9.0113	225.6768	225.6768	225.6768	225.6768	225.6768	518.6257	-39.8454	-39.8454	-39.8454	-39.8454	-73.4063	-73.4063	-73.4063	-73.4063	-73.4063	-73.4063	-73.4063	-73.4063	-73.4063	-73.4063	-73.4063	-73.4063
-6.4134	-6.4134	-6.4134	-6.4134	-6.4134	1.5039	6.4387	6.4387	6.4387	6.4387	6.4387	-6.6576	-6.6576	-6.6576	-6.6576	-6.6576	211.5857	211.5857	211.5857	211.5857	211.5857	418.8954	-41.6449	-41.6449	-41.6449	-41.6449	-75.6966	-75.6966	-75.6966	-75.6966	-75.6966	-75.6966	-75.6966	-75.6966	-75.6966	-75.6966	-75.6966	-75.6966
-5.6521	-5.6521	-5.6521	-5.6521	-5.6521	8.3163	13.0870	13.0870	13.0870	13.0870	13.0870	-3.8807	-3.8807	-3.8807	-3.8807	-3.8807	231.3185	231.3185	231.3185	231.3185	231.3185	326.8143	-22.0753	-22.0753	-22.0753	-22.0753	-77.6763	-77.6763	-77.6763	-77.6763	-77.6763	-77.6763	-77.6763	-77.6763	-77.6763	-77.6763	-77.6763	-77.6763
-4.9755	-4.9755	-4.9755	-4.9755	-4.9755	14.1883	18.8114	18.8114	18.8114	18.8114	18.8114	-1.1002	-1.1002	-1.1002	-1.1002	-1.1002	270.1947	270.1947	270.1947	270.1947	270.1947	263.2608	7.8425	7.8425	7.8425	7.8425	-79.3872	-79.3872	-79.3872	-79.3872	-79.3872	-79.3872	-79.3872	-79.3872	-79.3872	-79.3872	-79.3872	-79.3872
-4.5409	-4.5409	-4.5409	-4.5409	-4.5409	16.8913	21.3625	21.3625	21.3625	21.3625	21.3625	1.1498	1.1498	1.1498	1.1498	1.1498	310.0476	310.0476	310.0476	310.0476	310.0476	249.7173	36.8675	36.8675	36.8675	36.8675	-80.8655	-80.8655	-80.8655	-80.8655	-80.8655	-80.8655	-80.8655	-80.8655	-80.8655	-80.8655	-80.8655	-80.8655
-4.4339	-4.4339	-4.4339	-4.4339	-4.4339	15.3206	19.6400	19.6400	19.6400	19.6400	19.6400	2.6817	2.6817	2.6817	2.6817	2.6817	329.8491	329.8491	329.8491	329.8491	329.8491	289.7566	49.2466	49.2466	49.2466	49.2466	-82.1428	-82.1428	-82.1428	-82.1428	-82.1428	-82.1428	-82.1428	-82.1428	-82.1428	-82.1428	-82.1428	-82.1428
-4.5606	-4.5606	-4.5606	-4.5606	-4.5606	10.6814	14.8446	14.8446	14.8446	14.8446	14.8446	3.4304	3.4304	3.4304	3.4304	3.4304	324.1843	324.1843	324.1843	324.1843	324.1843	357.2490	39.3216	39.3216	39.3216	39.3216	-83.2462	-83.2462	-83.2462	-83.2462	-83.2462	-83.2462	-83.2462	-83.2462	-83.2462	-83.2462	-83.2462	-83.2462
-4.7870	-4.7870	-4.7870	-4.7870	-4.7870	4.7387	8.7471	8.7471	8.7471	8.7471	8.7471	3.4106	3.4106	3.4106	3.4106	3.4106	289.3134	289.3134	289.3134	289.3134	289.3134	419.5818	5.4085	5.4085	5.4085	5.4085	-84.1994	-84.1994	-84.1994	-84.1994	-84.1994	-84.1994	-84.1994	-84.1994	-84.1994	-84.1994	-84.1994	-84.1994
-4.9463	-4.9463	-4.9463	-4.9463	-4.9463	-0.4033	3.4339	3.4339	3.4339	3.4339	3.4339	2.8122	2.8122	2.8122	2.8122	2.8122	237.3938	237.3938	237.3938	237.3938	237.3938	453.1604	-40.7555	-40.7555	-40.7555	-40.7555	-85.0227	-85.0227	-85.0227	-85.0227	-85.0227	-85.0227	-85.0227	-85.0227	-85.0227	-85.0227	-85.0227	-85.0227
-4.9665	-4.9665	-4.9665	-4.9665	-4.9665	-3.9052	-0.2816	-0.2816	-0.2816	-0.2816	-0.2816	2.0005	2.0005	2.0005	2.0005	2.0005	184.1475	184.1475	184.1475	184.1475	184.1475	455.0747	-89.3857	-89.3857	-89.3857	-89.3857	-85.7339	-85.7339	-85.7339	-85.7339	-85.7339	-85.7339	-85.7339	-85.7339	-85.7339	-85.7339	-85.7339	-85.7339
-4.7673	-4.7673	-4.7673	-4.7673	-4.7673	-4.7692	-1.4131	-1.4131	-1.4131	-1.4131	-1.4131	1.1052	1.1052	1.1052	1.1052	1.1052	142.7691	142.7691	142.7691	142.7691	142.7691	424.5664	-124.8476	-124.8476	-124.8476	-124.8476	-86.3481	-86.3481	-86.3481	-86.3481	-86.3481	-86.3481	-86.3481	-86.3481	-86.3481	-86.3481	-86.3481	-86.3481
-4.4075	-4.4075	-4.4075	-4.4075	-4.4075	-3.6978	-0.6449	-0.6449	-0.6449	-0.6449	-0.6449	0.2309	0.2309	0.2309	0.2309	0.2309	111.0598	111.0598	111.0598	111.0598	111.0598	379.7391	-140.4461	-140.4461	-140.4461	-140.4461	-86.8786	-86.8786	-86.8786	-86.8786	-86.8786	-86.8786	-86.8786	-86.8786	-86.8786	-86.8786	-86.8786	-86.8786
-4.0131	-4.0131	-4.0131	-4.0131	-4.0131	-2.2123	0.5183	0.5183	0.5183	0.5183	0.5183	-0.5859	-0.5859	-0.5859	-0.5859	-0.5859	88.5537	88.5537	88.5537	88.5537	88.5537	348.9793	-133.7499	-133.7499	-133.7499	-133.7499	-87.3368	-87.3368	-87.3368	-87.3368	-87.3368	-87.3368	-87.3368	-87.3368	-87.3368	-87.3368	-87.3368	-87.3368
-3.6710	-3.6710	-3.6710	-3.6710	-3.6710	-1.3613	1.0647	1.0647	1.0647	1.0647	1.0647	-1.3468	-1.3468	-1.3468	-1.3468	-1.3468	73.4895	73.4895	73.4895	73.4895	73.4895	342.2988	-110.9043	-110.9043	-110.9043	-110.9043	-87.7326	-87.7326	-87.7326	-87.7326	-87.7326	-87.7326	-87.7326	-87.7326	-87.7326	-87.7326	-87.7326	-87.7326
-3.3576	-3.3576	-3.3576	-3.3576	-3.3576	-0.8408	1.3277	1.3277	1.3277	1.3277	1.3277	-2.0911	-2.0911	-2.0911	-2.0911	-2.0911	63.7494	63.7494	63.7494	63.7494	63.7494	344.6409	-79.8000	-79.8000	-79.8000	-79.8000	-88.0744	-88.0744	-88.0744	-88.0744	-88.0744	-88.0744	-88.0744	-88.0744	-88.0744	-88.0744	-88.0744	-88.0744
-3.0983	-3.0983	-3.0983	-3.0983	-3.0983	-0.9450	1.0341	1.0341	1.0341	1.0341	1.0341	-2.7563	-2.7563	-2.7563	-2.7563	-2.7563	59.0807	59.0807	59.0807	59.0807	59.0807	352.2424	-48.2000	-48.2000	-48.2000	-48.2000	-88.3697	-88.3697	-88.3697	-88.3697	-88.3697	-88.3697	-88.3697	-88.3697	-88.3697	-88.3697	-88.3697	-88.3697
-2.8777	-2.8777	-2.8777	-2.8777	-2.8777	-1.4685	0.3722	0.3722	0.3722	0.3722	0.3722	-3.2760	-3.2760	-3.2760	-3.2760	-3.2760	63.0965	63.0965	63.0965	63.0965	63.0965	362.7929	-16.4037	-16.4037	-16.4037	-16.4037	-88.6248	-88.6248	-88.6248	-88.6248	-88.6248	-88.6248	-88.6248	-88.6248	-88.6248	-88.6248	-88.6248	-88.6248
-2.6691	-2.6691	-2.6691	-2.6691	-2.6691	-2.0551	-0.3315	-0.3315	-0.3315	-0.3315	-0.3315	-3.4804	-3.4804	-3.4804	-3.4804	-3.4804	75.0215	75.0215	75.0215	75.0215	75.0215	364.8592	10.8461	10.8461	10.8461	10.8461	-88.8452	-88.8452	-88.8452	-88.8452	-88.8452	-88.8452	-88.8452	-88.8452	-88.8452	-88.8452	-88.8452	-88.8452
-2.4429	-2.4429	-2.4429	-2.4429	-2.4429	-2.3279	-0.7294	-0.7294	-0.7294	-0.7294	-0.7294	-3.2922	-3.2922	-3.2922	-3.2922	-3.2922	90.2090	90.2090	90.2090	90.2090	90.2090	354.0390	30.9916	30.9916	30.9916	30.9916	-89.0356	-89.0356	-89.0356	-89.0356	-89.0356	-89.0356	-89.0356	-89.0356	-89.0356	-89.0356	-89.0356	-89.0356
-2.1930	-2.1930	-2.1930	-2.1930	-2.1930	-2.2142	-0.7542	-0.7542	-0.7542	-0.7542	-0.7542	-2.7266	-2.7266	-2.7266	-2.7266	-2.7266	103.3258	103.3258	103.3258	103.3258	103.3258	340.5717	49.4841	49.4841	49.4841	49.4841	-89.2001	-89.2001	-89.2001	-89.2001	-89.2001	-89.2001	-89.2001	-89.2001	-89.2001	-89.2001	-89.2001	-89.2001
-1.9089	-1.9089	-1.9089	-1.9089	-1.9089	-1.5723	-0.2756	-0.2756	-0.2756	-0.2756	-0.2756	-1.8196	-1.8196	-1.8196	-1.8196	-1.8196	111.0184	111.0184	111.0184	111.0184	111.0184	320.4861	61.7959	61.7959	61.7959	61.7959	-89.3422	-89.3422	-89.3422	-89.3422	-89.3422	-89.3422	-89.3422	-89.3422	-89.3422	-89.3422	-89.3422	-89.3422
-1.6069	-1.6069	-1.6069	-1.6069	-1.6069	-0.5731	0.5457	0.5457	0.5457	0.5457	0.5457	-0.6627	-0.6627	-0.6627	-0.6627	-0.6627	115.4507	115.4507	115.4507	115.4507	115.4507	282.9761	58.1051	58.1051	58.1051	58.1051	-89.4651	-89.4651	-89.4651	-89.4651	-89.4651	-89.4651	-89.4651	-89.4651	-89.4651	-89.4651	-89.4651	-89.4651
0.2025	0.2025	0.2025	0.2025	0.2025	2.0206	2.0206	2.0206	2.0206	2.0206	2.0206	3.6338	3.6338	3.6338	3.6338	3.6338	118.6864	118.6864	118.6864	118.6864	118.6864	227.3769	37.4714	37.4714	37.4714	37.4714	-89.5713	-89.5713	-89.5713	-89.5713	-89.5713	-89.5713	-89.5713	-89.5713	-89.5713	-89.5713	-89.5713	-89.5713
0.2754	0.2754	0.2754	0.2754	0.2754	2.7471	2.7471	2.7471	2.7471	2.7471	2.7471	3.9159	3.9159	3.9159	3.9159	3.9159	122.2898	122.2898	122.2898	122.2898	122.2898	155.1399	7.3784	7.3784	7.3784	7.3784	-89.6632	-89.6632	-89.6632	-89.6632	-89.6632	-89.6632	-89.6632	-89.6632	-89.6632	-89.6632	-89.6632	-89.6632
0.3183	0.3183	0.3183	0.3183	0.3183	3.1753	3.1753	3.1753	3.1753	3.1753	3.1753	4.0630	4.0630	4.0630	4.0630	4.0630	126.8510	126.8510	126.8510	126.8510	126.8510	78.6344	-22.6306	-22.6306	-22.6306	-22.6306	-89.7426	-89.7426	-89.7426	-89.7426	-89.7426	-89.7426	-89.7426	-89.7426	-89.7426	-89.7426	-89.7426	-89.7426
0.3262	0.3262	0.3262	0.3262	0.3262	3.2540	3.2540	3.2540	3.2540	3.2540	3.2540	4.0523	4.0523	4.0523	4.0523	4.0523	131.8959	131.8959	131.8959	131.8959	131.8959	7.6557	-45.1476	-45.1476	-45.1476	-45.1476	-89.8113	-89.8113	-89.8113	-89.8113	-89.8113	-89.8113	-89.8113	-89.8113	-89.8113	-89.8113	-89.8113	-89.8113
0.3035	0.3035	0.3035	0.3035	0.3035	3.0275	3.0275	3.0275	3.0275	3.0275	3.0275	3.8736	3.8736	3.8736	3.8736	3.8736	135.9681	135.9681	135.9681	135.9681	135.9681	-19.7356	-56.2448	-56.2448	-56.2448	-56.2448	-89.8707	-89.8707	-89.8707	-89.8707	-89.8707	-89.8707	-89.8707	-89.8707	-89.8707	-89.8707	-89.8707	-89.8707
0.2578	0.2578	0.2578	0.2578	0.2578	2.5719	2.5719	2.5719	2.5719	2.5719	2.5719	3.5142	3.5142	3.5142	3.5142	3.5142	137.3061	137.3061	137.3061	137.3061	137.3061	-23.7416	-55.1556	-55.1556	-55.1556	-55.1556	-89.9221	-89.9221	-89.9221	-89.9221	-89.9221	-89.9221	-89.9221	-89.9221	-89.9221	-89.9221	-89.9221	-89.9221
0.1987	0.1987	0.1987	0.1987	0.1987	1.9821	1.9821	1.9821	1.9821	1.9821	1.9821	2.9715	2.9715	2.9715	2.9715	2.9715	133.9751	133.9751	133.9751	133.9751	133.9751	-10.1866	-43.9633	-43.9633	-43.9633	-43.9633	-89.9666	-89.9666	-89.9666	-89.9666	-89.9666	-89.9666	-89.9666	-89.9666	-89.9666	-89.9666	-89.9666	-89.9666
0.1363	0.1363	0.1363	0.1363	0.1363	1.3599	1.3599	1.3599	1.3599	1.3599	1.3599	2.2455	2.2455	2.2455	2.2455	2.2455	123.9830	123.9830	123.9830	123.9830	123.9830	13.8906	-25.7010	-25.7010	-25.7010	-25.7010	-90.0051	-90.0051	-90.0051	-90.0051	-90.0051	-90.0051	-90.0051	-90.0051	-90.0051	-90.0051	-90.0051	-90.0051
0.0802	0.0802	0.0802	0.0802	0.0802	0.8002	0.8002	0.8002	0.8002	0.8002	0.8002	1.3363	1.3363	1.3363	1.3363	1.3363	105.4103	105.4103	105.4103	105.4103	105.4103	41.2535	-3.8644	-3.8644	-3.8644	-3.8644	-90.0385	-90.0385	-90.0385	-90.0385	-90.0385	-90.0385	-90.0385	-90.0385	-90.0385	-90.0385	-90.0385	-90.0385
0.0399	0.0399	0.0399	0.0399	0.0399	0.3982	0.3982	0.3982	0.3982	0.3982	0.3982	0.2437	0.2437	0.2437	0.2437	0.2437	76.3398	76.3398	76.3398	76.3398	76.3398	64.4887	17.8743	17.8743	17.8743	17.8743	-90.0674	-90.0674	-90.0674	-90.0674	-90.0674	-90.0674	-90.0674	-90.0674	-90.0674	-90.0674	-90.0674	-90.0674
0.2376	0.2376	0.2376	0.2376	0.2376	2.3708	2.3708	2.3708	2.3708	2.3708	2.3708	3.4370	3.4370	3.4370	3.4370	3.4370	31.0172	31.0172	31.0172	31.0172	31.0172	34.4780	32.1844	32.1844	32.1844	32.1844	0.0000	0.0000	0.0000	0.0000	0.0000	0.0000	0.0000	0.0000	0.0000	0.0000	0.0000	0.0000
RR HIV after migration (cf before): 1995, 2000, 2010
0.992420	0.996274	0.996305
0.992601	0.996363	0.996344
0.992362	0.996246	0.996754
0.992923	0.996521	0.996751
0.993066	0.996592	0.997646
0.993581	0.997718	0.997326
0.993456	0.997589	0.998066
0.994079	0.997698	0.997837
0.994674	0.998247	0.997650
0.995161	0.998210	0.998037
0.994403	0.998249	0.998053
0.994538	0.998036	0.998220
0.994574	0.998073	0.997906
0.995368	0.997897	0.998219
0.995224	0.997937	0.997924
0.995039	0.997258	0.997988
0.994466	0.997010	0.997661
0.993730	0.996681	0.997450
0.993397	0.995545	0.996591
0.991839	0.994523	0.994618
0.990058	0.994278	0.993469
0.989939	0.994169	0.992606
0.989002	0.993252	0.992238
0.988212	0.993199	0.991562
0.985892	0.992317	0.991466
0.986430	0.992830	0.991441
0.987689	0.991852	0.991405
0.987241	0.992856	0.991144
0.986930	0.993320	0.991599
0.986147	0.992531	0.992569
0.986415	0.993674	0.991989
0.988333	0.994511	0.991946
0.988065	0.994208	0.992089
0.988199	0.994221	0.992375
0.989446	0.995273	0.992903
0.987916	0.995076	0.993219
0.988963	0.995677	0.994108
0.989729	0.995899	0.993590
0.990283	0.995628	0.994825
0.992091	0.996295	0.995243
0.991676	0.995925	0.994622
0.992393	0.996569	0.995811
0.991822	0.995271	0.995832
0.992214	0.995748	0.995809
0.992436	0.995928	0.996683
0.992042	0.996578	0.996602
0.993302	0.996391	0.997193
0.993783	0.996551	0.997291
0.993899	0.995920	0.997090
0.994132	0.996983	0.997013
0.993391	0.997334	0.996970
0.993433	0.996764	0.997228
0.994101	0.996412	0.997045
0.995446	0.997182	0.997504
0.994455	0.997048	0.997951
0.993208	0.996230	0.997901
0.995149	0.996591	0.997400
0.996415	0.997558	0.997320
0.994955	0.997077	0.998513
0.994847	0.996973	0.997822
0.995065	0.996159	0.997856
0.994337	0.998220	0.997098
0.993232	0.997662	0.998236
0.994130	0.997972	0.997773
0.993775	0.996567	0.997826
0.994255	0.997660	0.997996
0.995561	0.997751	0.998274
0.995570	0.998189	0.998150
0.995874	0.998425	0.997565
0.993801	0.998180	0.998293
0.996355	0.995865	0.998409
0.993937	0.998752	0.997975
0.996677	0.997252	0.997674
0.994917	0.998882	0.997927
0.996171	0.998765	0.998284
0.997582	0.998071	0.998986
0.996718	0.998492	0.996449
0.995754	0.997016	0.998800
0.996262	0.998901	0.997811
0.998562	0.996999	0.998545
0.998265	1.000000	0.999044
0.996050	0.998904	0.998552
0.995861	0.998902	0.999620
0.995890	0.998535	0.998795
0.995001	0.997602	0.997997
0.996032	0.998524	0.997785
0.997259	0.997124	0.999388
0.996582	0.994528	0.998392
0.997025	1.000000	0.998790
0.996760	0.997006	0.996624
0.996822	1.000000	0.998850


