Male deaths
1777.04	1645.91	1753.43	1846.32	1871.79	2141.56	2679.21	3195.38	3101.24	3116.27	2722.72	2502.83	2136.98	2093.64	1831.65	1687.99	1627.74	1863.14	1663.73	1437.43	1252.38	1192.13
450.56	530.38	592.15	616.90	686.93	695.08	849.07	1020.36	1005.89	906.50	842.78	953.91	782.61	905.66	654.85	740.39	624.02	660.28	538.39	484.31	442.84	433.57
254.75	284.24	279.75	293.51	312.28	331.44	412.38	497.54	499.41	435.96	412.14	365.04	310.63	422.25	391.43	461.58	274.30	298.72	312.53	265.94	247.47	269.83
235.47	273.58	273.73	288.38	324.74	291.27	336.90	360.69	321.20	387.57	347.62	356.85	386.37	394.18	337.28	357.22	296.80	302.91	282.05	295.41	279.14	291.83
592.98	679.73	751.44	760.35	805.39	893.60	884.86	959.57	1012.44	1014.89	999.74	939.61	900.30	920.83	875.99	855.27	844.88	850.67	788.22	772.97	761.09	648.09
1064.55	1133.55	1138.59	1251.68	1365.54	1391.06	1523.04	1663.65	1795.00	1826.73	1675.98	1657.07	1583.29	1609.23	1436.63	1355.91	1280.70	1414.66	1404.82	1463.89	1372.46	1272.04
1290.02	1483.48	1621.88	1778.32	1960.58	2211.22	2550.31	2707.70	2817.15	2701.34	2536.87	2462.44	2510.17	2371.18	2197.12	2144.14	2005.05	1971.16	2066.19	1995.18	2036.06	1822.45
1508.56	1671.35	1901.09	2184.46	2439.20	2840.98	3351.71	3682.66	3839.07	3656.83	3477.09	3260.44	3280.35	3149.80	2857.70	2476.01	2402.58	2533.32	2505.94	2561.38	2547.00	2333.03
1598.52	1847.49	2097.15	2333.28	2669.61	3029.68	3261.57	3623.32	3839.17	3765.37	3584.94	3580.18	3511.22	3250.49	3051.91	2613.10	2506.79	2523.82	2531.91	2382.39	2441.17	2453.73
1545.64	1840.24	2022.63	2448.38	2671.87	3121.43	3531.28	3891.75	3971.28	3747.24	3520.14	3171.31	3231.41	3041.62	2749.23	2342.26	2436.75	2454.82	2427.35	2498.61	2495.32	2476.36
1611.18	1902.35	2017.91	2213.78	2541.68	2859.18	3241.67	3609.52	3854.46	3764.59	3631.46	3449.89	3561.94	3213.87	2857.72	2394.57	2312.75	2399.42	2490.17	2410.51	2389.89	2461.24
1604.37	1802.77	1985.49	2166.74	2451.85	2724.65	3005.84	3234.24	3346.06	3401.43	3255.21	3235.51	3335.27	3379.09	3173.29	2763.50	2634.45	2787.83	2853.96	2713.33	2670.64	2525.43
1985.78	2185.62	2326.81	2174.26	2196.87	2356.22	2709.35	2879.50	3123.86	3105.65	3135.32	3136.99	3275.39	3122.50	2972.66	2710.85	2724.71	2839.93	3194.31	3090.38	3019.71	3100.58
1762.34	1900.02	1956.90	2399.12	2632.31	2851.02	2993.03	2899.85	2777.84	2589.93	2559.40	2618.77	2938.94	3135.45	3134.91	2863.10	2851.25	3136.31	3275.14	3243.59	3254.72	3248.07
2109.84	2252.30	2237.64	2303.49	2361.03	2389.80	2516.81	2543.81	3130.92	3225.41	3178.31	2981.55	3090.29	2780.57	2592.79	2470.68	2471.31	2788.99	2894.57	2897.63	3095.85	3166.23
1831.12	2115.29	2269.54	2493.03	2621.18	2621.47	2692.89	2540.99	2467.66	2473.57	2333.52	2289.95	2405.33	2846.04	2914.72	2554.69	2689.74	2597.75	2529.75	2343.18	2335.41	2449.23
2077.97	1979.10	1876.80	1896.11	1925.94	1968.36	2229.84	2053.28	2373.41	2430.43	2285.87	2223.71	2386.25	2140.42	2004.85	1890.51	1888.81	2050.81	2316.63	2409.33	2475.68	2350.43
1005.77	1345.12	1348.05	1604.21	1719.09	1855.07	1707.50	1528.14	1497.16	1553.05	1509.10	1554.72	1675.39	1772.23	1762.33	1637.34	1687.29	1618.27	1477.19	1494.06	1440.72	1425.75
714.47	724.74	739.71	767.98	722.84	657.58	912.09	867.44	965.20	1089.50	1131.71	1003.85	999.02	967.90	985.46	852.92	931.56	1041.52	1046.08	1125.53	1107.42	1059.21
309.09	320.36	279.02	430.51	487.80	517.88	562.18	501.90	535.65	504.59	546.44	605.81	777.88	644.84	722.11	684.63	680.70	674.63	666.39	746.14	766.74	701.71
Female deaths
1586.49	1618.69	1507.89	1550.83	1674.95	1844.72	2358.50	2680.91	2734.64	2683.31	2285.11	2318.25	1824.65	1954.04	1546.58	1454.86	1439.66	1538.75	1459.11	1149.33	1092.73	1024.42
384.98	466.40	465.76	550.66	584.65	598.23	680.75	902.58	850.43	867.40	826.12	866.26	736.50	813.34	625.58	603.42	498.36	569.83	544.91	447.66	393.27	363.99
194.97	201.49	199.38	216.91	224.66	244.50	300.89	424.33	417.21	356.35	377.76	269.38	256.18	311.64	348.57	330.70	211.73	237.21	239.17	200.56	171.12	191.50
181.77	210.12	212.44	234.10	239.30	253.54	249.97	295.36	300.21	303.58	286.12	296.58	268.60	318.66	278.41	255.54	254.36	211.01	210.58	187.12	175.51	223.53
334.78	401.00	508.80	583.03	585.65	632.57	796.36	770.85	806.80	833.18	655.27	676.46	708.03	644.09	623.21	604.94	559.18	547.88	462.44	445.39	399.62	390.68
701.76	930.82	1112.13	1433.18	1550.82	1907.46	2233.89	2560.46	2621.99	2379.92	2218.22	2071.19	1937.30	1805.58	1572.26	1275.43	1156.36	1013.67	972.24	941.76	834.71	753.46
908.79	1262.96	1667.62	2180.67	2789.13	3418.54	4186.97	4502.76	4638.33	4197.35	3739.77	3518.09	3400.34	3192.78	2581.27	2250.96	1935.06	1785.22	1680.48	1497.58	1314.68	1221.76
953.06	1253.16	1584.70	2178.37	2694.06	3466.36	4140.60	4710.02	4948.39	4656.34	4249.35	3854.92	3672.92	3301.49	2761.33	2289.30	2080.80	2100.70	1932.66	1825.38	1739.00	1621.84
981.83	1249.02	1468.17	1903.85	2285.22	2796.60	3343.61	3756.01	3952.65	3828.96	3514.11	3343.24	3127.12	2951.72	2530.38	2130.34	1976.73	1819.93	1766.61	1647.01	1670.58	1589.22
969.77	1095.35	1211.52	1622.87	1975.95	2351.02	2756.63	3230.45	3253.35	3258.32	3031.45	2716.50	2732.08	2485.94	2173.35	1819.60	1807.35	1801.74	1681.93	1686.97	1657.53	1498.58
948.82	1127.35	1191.08	1398.28	1691.71	1895.03	2211.90	2567.12	2849.51	2818.45	2745.08	2655.14	2577.11	2392.90	2161.22	1690.20	1627.76	1754.96	1668.21	1625.91	1636.74	1641.75
881.46	1020.49	1105.72	1364.94	1524.64	1721.58	2055.46	2195.12	2463.32	2384.34	2409.51	2275.17	2344.16	2392.95	2177.79	1938.05	1925.34	1986.70	1947.23	1936.71	1829.66	1757.67
1339.78	1569.68	1495.19	1455.90	1414.27	1634.34	1675.95	1928.90	2177.65	2272.39	2218.08	2268.61	2281.87	2227.02	2144.66	1838.31	1890.28	2060.80	2240.66	2243.39	2190.50	2195.24
1514.84	1616.52	1605.39	2065.12	2277.35	2474.71	2437.08	2548.01	2374.45	2166.95	2153.08	2237.38	2226.59	2348.17	2306.26	2103.14	2147.44	2316.36	2386.08	2474.55	2483.13	2476.01
1911.59	2235.77	2243.65	2296.47	2455.14	2401.94	2505.59	2538.64	2949.68	3111.93	2953.70	2915.19	2820.97	2460.55	2231.35	1958.91	2024.18	2184.72	2467.06	2466.03	2633.80	2664.86
1778.23	2006.43	2131.23	2624.43	2882.40	3024.84	3035.38	3042.58	3070.91	2908.03	2834.13	2693.11	2720.48	3018.57	2924.80	2801.97	2754.36	2943.18	2559.34	2437.69	2351.60	2462.12
2384.55	2248.94	2053.89	2156.30	2169.61	2240.30	2477.38	2486.17	2947.36	3130.37	3200.99	3172.48	3296.94	2979.03	2942.51	2725.71	2498.77	2760.63	3016.42	3204.14	3140.14	3120.12
1425.23	1874.03	2082.37	2490.54	2726.48	2755.53	2485.70	2162.57	2201.22	2096.70	2155.80	2337.56	2576.84	2763.49	2836.99	2788.15	2847.24	2974.32	2703.22	2790.86	2552.74	2501.68
1134.76	1258.80	1245.26	1395.49	1250.05	1295.44	1723.31	1615.50	1915.74	2104.34	2235.68	1910.78	1834.31	1798.88	1781.22	1692.58	1734.38	1966.77	2264.30	2345.59	2318.26	2342.82
578.52	664.34	660.12	959.25	1023.43	1146.20	1131.54	1060.40	1153.11	1203.94	1226.31	1433.29	1783.97	1754.39	1767.62	1671.24	1671.47	1804.62	1853.06	1937.18	1893.00	1920.80
SElogNonHIVmort
0.1427
AdjustedCompleteness
0.8932	0.9343	0.9044	0.9692	0.9994	1.0299	1.0778	1.0132	1.1042	1.1323	1.0921	1.0447	1.0920	1.0635	1.0231	0.9180	0.9185	0.9496	0.9515	0.9371	0.9334	0.9109
0.8148	0.8620	0.8429	0.9516	0.9815	0.9996	1.0115	0.9832	1.0726	1.0805	1.0648	1.0310	1.0263	0.9819	0.9298	0.8465	0.8229	0.8692	0.8648	0.8660	0.8346	0.8236

