Adult + paed ART totals
2000	11	0	70
2001	11	0	176
2002	11	0	298
2003	11	30	433
2004	0	95	445
2004	6	515	515
2004	11	1135	574
2005	5	1756	685
2005	6	1838	703
2005	11	2933	796
2006	5	4876	897
2006	6	4989	913
2006	11	6561	997
2007	5	7518	1147
2007	6	7682	1172
2007	11	8901	1296
2008	5	10768	1556
2008	6	11100	1600
2008	7	11458	1643
2008	8	11872	1686
2008	9	12279	1730
2008	10	12660	1773
2008	11	13050	1817
2009	0	13438	1866
2009	1	13764	1915
2009	2	11195	1964
2009	3	11384	2014
2009	4	11686	2063
2009	5	11967	2112
2009	6	12259	2162
2009	7	12543	2211
2009	8	12829	2260
2009	9	13129	2309
2009	10	13651	2359
2009	11	14006	2408
2010	0	14169	2451
2010	1	14389	2494
2010	2	14517	2537
2010	3	14809	2580
2010	4	14943	2623
2010	5	14766	2666
2010	6	14669	2710
2010	7	15070	2753
2010	8	16005	2796
2010	8	15077	2796
2010	9	16397	2839
2010	10	16905	2882
2010	11	17407	2925
2011	8	23486	3157
2011	8	24495	3157
2012	0	20298	3254
2012	1	23053	3273
2012	2	21165	3292
2012	3	21770	3311
2012	4	25208	3331
2012	5	23769	3350
2012	6	25711	3369
2012	7	26979	3388
2012	8	26388	3408
2012	9	26657	3427
2012	10	28954	3446
2012	11	29041	3465
2013	0	31026	3491
2013	1	31243	3516
2013	2	31741	3541
2013	3	33129	3566
2013	4	33620	3591
2013	5	33843	3617
2013	6	35119	3642
2013	7	35427	3667
2013	8	35406	3692
2013	9	38362	3718
2013	10	38564	3743
2013	11	39041	3768
2014	0	39644	3786
2014	1	39522	3804
2014	2	40489	3822
2014	3	40682	3840
2014	4	40981	3858
2014	5	40336	3877
2014	6	41468	3895
2014	7	42523	3913
2014	8	43121	3931
2014	9	43961	3949
2014	10	44634	3967
2014	11	45234	3985
2015	0	45411	4002
2015	1	45860	4019
2015	2	46036	4036
2015	3	46802	4053
2015	4	47593	4069
2015	5	47482	4086
2015	6	47701	4103
2015	7	48078	4120
2015	8	48330	4137
2015	9	49025	4154
2015	10	49492	4170
2015	11	49964	4187
2016	0	49884	4239
2016	1	51420	4290
2016	2	49312	4342
2016	3	49917	4393
2016	4	50351	4445
2016	5	52951	4496
2016	6	53129	4548
2016	7	54306	4599
2016	8	55163	4651
2016	9	55570	4702
2016	10	56713	4754
2016	11	56994	4805
2017	0	57265	4791
2017	1	57206	4777
2017	2	57478	4764
2017	3	57683	4750
2017	4	57756	4736
2017	5	57460	4722
2017	6	57527	4708
2017	7	57165	4694
2017	8	57429	4680
2017	9	59650	4666
2017	10	59581	4653
2017	11	60455	4639
2018	0	60218	4606
2018	1	60612	4572
2018	2	59131	4539
2018	3	60200	4506
2018	4	60444	4473
2018	5	59691	4440
2018	6	60016	4407
2018	7	60059	4374
2018	8	59347	4340
2018	9	61823	4307
2018	10	62605	4274
2018	11	62855	4241
2019	0	63938	4286
2019	1	64477	4330
2019	2	65564	4375
2019	3	65846	4420
2019	4	66323	4465
2019	5	65503	4509
2019	6	65872	4554
2019	7	65839	4599
2019	8	66439	4644
2019	9	65214	4689
2019	10	66504	4733
2019	11	65716	4778
2020	0	64929	4808
2020	1	64329	4838
2020	2	63780	4868
2020	3	63323	4898
2020	4	62100	4928
2020	5	62852	4958
2020	6	62625	4988
2020	7	63728	5018
2020	8	62471	5048
2020	9	64185	5078
2020	10	62400	5108
2020	11	63926	5138
2021	0	64079	5155
2021	1	63057	5171
2021	2	64394	5188
2021	3	63588	5204
2021	4	63513	5221
2021	5	62880	5237
2021	6	63684	5254
2021	7	63003	5270
2021	8	61326	5286
2021	9	64337	5303
2021	10	64365	5319
2021	11	65034	5336
2022	0	66218	5353
2022	1	67065	5370
2022	2	67175	5387
2022	3	68450	5404
2022	4	69174	5421
2022	5	68770	5439
2022	6	68835	5456
2022	7	68416	5473
2022	8	68863	5490
Paed ART totals
2012	9	1370	148
2012	10	1392	148
2012	11	1488	149
2013	0	1469	150
2013	1	1506	151
2013	2	1562	153
2013	3	1564	154
2013	4	1727	155
2013	5	1776	156
2013	6	1818	138
2013	7	1804	139
2013	8	1799	140
2013	9	1918	141
2013	10	1972	141
2013	11	1958	142
2014	0	2016	143
2014	1	2013	144
2014	2	2067	144
2014	3	2060	145
2014	4	2095	146
2014	5	2043	147
LastDateCum, AnnSwitchingCumToCurr
2009.080	0.0001
Paed age distribution
0.10	0.09	0.08	0.11	0.12	0.14	0.15	0.16	0.18	0.21
0.45	0.44	0.40	0.38	0.35	0.35	0.32	0.29	0.30	0.32
Paed age distribution on ART
0.3153	0.2885	0.2617	0.2389	0.2301	0.2030	0.1809	0.1859
0.4114	0.4052	0.3925	0.3930	0.3856	0.3814	0.3681	0.3441
Adult male age distribution on ART
0.0000	0.0000	0.0000	0.0000	0.0000	0.0000	0.0000
0.0000	0.0000	0.0000	0.0000	0.0000	0.0000	0.0000
0.0000	0.0000	0.0000	0.0000	0.0000	0.0000	0.0000
0.0000	0.0000	0.0000	0.0000	0.0000	0.0000	0.0000
0.0000	0.0000	0.0000	0.0000	0.0000	0.0000	0.0000
0.0000	0.0000	0.0000	0.0000	0.0000	0.0000	0.0000
0.0000	0.0000	0.0000	0.0000	0.0000	0.0000	0.0000
0.0000	0.0000	0.0000	0.0000	0.0000	0.0000	0.0000
0.0000	0.0000	0.0000	0.0000	0.0000	0.0000	0.0000
Adult female age distribution on ART
0.0000	0.0000	0.0000	0.0000	0.0000	0.0000	0.0000
0.0000	0.0000	0.0000	0.0000	0.0000	0.0000	0.0000
0.0000	0.0000	0.0000	0.0000	0.0000	0.0000	0.0000
0.0000	0.0000	0.0000	0.0000	0.0000	0.0000	0.0000
0.0000	0.0000	0.0000	0.0000	0.0000	0.0000	0.0000
0.0000	0.0000	0.0000	0.0000	0.0000	0.0000	0.0000
0.0000	0.0000	0.0000	0.0000	0.0000	0.0000	0.0000
0.0000	0.0000	0.0000	0.0000	0.0000	0.0000	0.0000
0.0000	0.0000	0.0000	0.0000	0.0000	0.0000	0.0000
2012 ARV metabolite data (M then F, mean and SD)	
0.1857	0.0690
0.2590	0.0450
2017 ARV metabolite data (M then F, mean and SD)	
0.2824	0.0883
0.6723	0.0587
2022 ARV metabolite data (M then F, mean and SD)	
0.8390	0.0671
0.8630	0.0617
Fraction of adult ART patients who are male (mean, SD)
2012	0.3333	0.0200
2017	0.3218	0.0100
2018	0.3228	0.0100
2019	0.3188	0.0100
