Male migration
-176.3845	182.2857	-462.5545	-1256.9144	-2221.3812	-3235.2295	-3694.5079	-4987.2431	-6628.2542	-9289.2323	-18391.2567	-3545.8612	-3545.8612	-3545.8612	-3545.8612	-3545.8612	-339.0116	-339.0116	-339.0116	-339.0116	-339.0116	1084.5259	1077.5692	1077.5692	1077.5692	1077.5692	-592.0846	-592.0846	-592.0846	-592.0846	-592.0846	-592.0846	-592.0846	-592.0846	-592.0846	-592.0846	-592.0846	-592.0846
-194.7983	161.7630	-456.1180	-1100.9582	-1895.3181	-2859.7849	-1506.4545	-2982.0577	-4274.7929	-5915.8040	-8576.7821	-470.4116	-420.7681	-420.7681	-420.7681	-420.7681	-873.9680	-873.9680	-873.9680	-873.9680	-873.9680	459.3164	457.1579	457.1579	457.1579	457.1579	-590.7274	-590.7274	-590.7274	-590.7274	-590.7274	-590.7274	-590.7274	-590.7274	-590.7274	-590.7274	-590.7274	-590.7274
-224.2415	-436.3893	-462.4294	-1080.3105	-1725.1507	-2519.5105	305.3818	-758.4860	-2234.0892	-3526.8244	-5167.8355	2007.3560	2645.4999	2695.5886	2695.5886	2695.5886	-1257.9057	-1257.9057	-1257.9057	-1257.9057	-1257.9057	-13.2402	-12.2346	-12.2346	-12.2346	-12.2346	-589.3748	-589.3748	-589.3748	-589.3748	-589.3748	-589.3748	-589.3748	-589.3748	-589.3748	-589.3748	-589.3748	-589.3748
-242.7424	-387.3096	-388.1089	-414.1490	-1032.0300	-1676.8703	-329.3767	-1178.0523	-2241.9200	-3717.5232	-5010.2584	1052.1284	761.7922	1399.9362	1452.2236	1452.2236	-1400.6688	-1400.6688	-1400.6688	-1400.6688	-1400.6688	-734.6741	-731.7653	-731.7653	-731.7653	-731.7653	-588.0267	-588.0267	-588.0267	-588.0267	-588.0267	-588.0267	-588.0267	-588.0267	-588.0267	-588.0267	-588.0267	-588.0267
-251.9716	-339.7773	-339.7773	-340.5765	-366.6166	-984.4977	-438.5826	-1148.5018	-1997.1774	-3061.0451	-4536.6483	1159.5939	440.5985	150.2623	788.4062	844.6461	-1356.5569	-1356.5569	-1356.5569	-1356.5569	-1356.5569	-1014.1240	-1010.1994	-1010.1994	-1010.1994	-1010.1994	-586.6831	-586.6831	-586.6831	-586.6831	-586.6831	-586.6831	-586.6831	-586.6831	-586.6831	-586.6831	-586.6831	-586.6831
-254.4681	-296.0649	-296.0649	-296.0649	-296.8642	-322.9042	-289.1722	-774.1508	-1484.0701	-2332.7456	-3396.6134	1976.6591	1023.8285	304.8331	14.4969	652.6409	-1181.3762	-1181.3762	-1181.3762	-1181.3762	-1181.3762	-966.6333	-962.1891	-962.1891	-962.1891	-962.1891	-585.3440	-585.3440	-585.3440	-585.3440	-585.3440	-585.3440	-585.3440	-585.3440	-585.3440	-585.3440	-585.3440	-585.3440
-252.7017	-259.1751	-259.1751	-259.1751	-259.1751	-259.9743	175.0415	-321.3903	-806.3689	-1516.2882	-2364.9638	2592.3886	2160.5817	1207.7512	488.7558	198.4196	-929.4717	-929.4717	-929.4717	-929.4717	-929.4717	-705.7668	-700.9257	-700.9257	-700.9257	-700.9257	-584.0094	-584.0094	-584.0094	-584.0094	-584.0094	-584.0094	-584.0094	-584.0094	-584.0094	-584.0094	-584.0094	-584.0094
-248.9337	-232.0095	-232.0095	-232.0095	-232.0095	-232.0095	-698.3386	258.4017	-238.0301	-723.0086	-1432.9279	3067.2819	2927.1117	2495.3048	1542.4742	823.4788	-651.5391	-651.5391	-651.5391	-651.5391	-651.5391	-344.3951	-338.9604	-338.9604	-338.9604	-338.9604	-582.6792	-582.6792	-582.6792	-582.6792	-582.6792	-582.6792	-582.6792	-582.6792	-582.6792	-582.6792	-582.6792	-582.6792
-245.1418	-217.0150	-217.0150	-217.0150	-217.0150	-217.0150	-674.3249	-675.2439	281.4965	-214.9353	-699.9139	3789.9707	3403.3062	3263.1360	2831.3291	1878.4986	-390.2351	-390.2351	-390.2351	-390.2351	-390.2351	15.7487	22.2039	22.2039	22.2039	22.2039	-581.3535	-581.3535	-581.3535	-581.3535	-581.3535	-581.3535	-581.3535	-581.3535	-581.3535	-581.3535	-581.3535	-581.3535
-242.2179	-215.3373	-215.2739	-215.2739	-215.2739	-215.2739	-851.5561	-851.5561	-852.4751	104.2653	-392.1665	4306.7234	4000.6864	3614.0218	3473.8517	3042.0448	-164.1016	-164.1016	-164.1016	-164.1016	-164.1016	306.3437	314.2074	314.2074	314.2074	314.2074	-580.0322	-580.0322	-580.0322	-580.0322	-580.0322	-580.0322	-580.0322	-580.0322	-580.0322	-580.0322	-580.0322	-580.0322
-239.8675	-226.4292	-226.2827	-226.2193	-226.2193	-226.2193	-1314.4426	-1314.4426	-1314.4426	-1315.3616	-358.6212	4618.2726	4302.0301	3995.9931	3609.3285	3469.1584	35.3628	35.3628	35.3628	35.3628	35.3628	501.4456	510.7803	510.7803	510.7803	510.7803	-578.7153	-578.7153	-578.7153	-578.7153	-578.7153	-578.7153	-578.7153	-578.7153	-578.7153	-578.7153	-578.7153	-578.7153
-236.9108	-247.0818	-246.9078	-246.7613	-246.6979	-246.6979	-2002.6625	-2002.6625	-2002.6625	-2002.6625	-2002.6625	4792.3826	4419.9998	4103.7573	3797.7203	3411.0558	248.1130	248.1130	248.1130	248.1130	248.1130	651.9555	662.2474	662.2474	662.2474	662.2474	-577.4029	-577.4029	-577.4029	-577.4029	-577.4029	-577.4029	-577.4029	-577.4029	-577.4029	-577.4029	-577.4029	-577.4029
-231.7155	-272.0348	-271.8019	-271.6279	-271.4814	-271.4180	-2705.4047	-2705.4047	-2705.4047	-2705.4047	-2705.4047	2532.5474	4537.4996	4165.1167	3848.8742	3542.8372	534.6033	534.6033	534.6033	534.6033	534.6033	877.5315	887.5825	887.5825	887.5825	887.5825	-576.0948	-576.0948	-576.0948	-576.0948	-576.0948	-576.0948	-576.0948	-576.0948	-576.0948	-576.0948	-576.0948	-576.0948
-223.8337	-295.6667	-295.3792	-295.1463	-294.9723	-294.8257	-3092.3137	-3092.3137	-3092.3137	-3092.3137	-3092.3137	2448.4758	2448.4758	4453.4280	4081.0452	3764.8027	940.7162	940.7162	940.7162	940.7162	940.7162	1325.0868	1333.3196	1333.3196	1333.3196	1333.3196	-574.7910	-574.7910	-574.7910	-574.7910	-574.7910	-574.7910	-574.7910	-574.7910	-574.7910	-574.7910	-574.7910	-574.7910
-216.2436	-315.1865	-314.8450	-314.5575	-314.3246	-314.1506	-2805.1585	-2805.0951	-2805.0951	-2805.0951	-2805.0951	2797.9723	2797.9723	2797.9723	4802.9245	4430.5416	1443.6832	1443.6832	1443.6832	1443.6832	1443.6832	2090.0434	2095.3976	2095.3976	2095.3976	2095.3976	-573.4917	-573.4917	-573.4917	-573.4917	-573.4917	-573.4917	-573.4917	-573.4917	-573.4917	-573.4917	-573.4917	-573.4917
-204.9142	-322.5777	-322.2294	-321.8879	-321.6004	-321.3675	-1672.6761	-1672.5295	-1672.4661	-1672.4661	-1672.4661	3630.7571	3630.7571	3630.7571	3630.7571	5635.7093	2059.4529	2059.4529	2059.4529	2059.4529	2059.4529	3255.3890	3257.3130	3257.3130	3257.3130	3257.3130	1092.0369	1092.0369	1092.0369	1092.0369	1092.0369	1092.0369	1092.0369	1092.0369	1092.0369	1092.0369	1092.0369	1092.0369
-200.6320	-329.6685	-329.3615	-329.0132	-328.6717	-328.3842	55.0511	55.2251	55.3717	55.4351	55.4351	4658.3747	4658.3747	4658.3747	4658.3747	4658.3747	2634.1086	2634.1086	2634.1086	2634.1086	2634.1086	4583.2453	4582.2282	4582.2282	4582.2282	4582.2282	13934.9619	13934.9619	13934.9619	13934.9619	13934.9619	13934.9619	13934.9619	13934.9619	13934.9619	13934.9619	13934.9619	13934.9619
-219.6434	-360.7594	-360.1899	-359.8828	-359.5346	-359.1930	1998.5122	1998.7451	1998.9191	1999.0657	1999.1290	5621.9992	5621.9992	5621.9992	5621.9992	5621.9992	2990.1678	2990.1678	2990.1678	2990.1678	2990.1678	5729.0282	5726.3419	5726.3419	5726.3419	5726.3419	12635.3212	12635.3212	12635.3212	12635.3212	12635.3212	12635.3212	12635.3212	12635.3212	12635.3212	12635.3212	12635.3212	12635.3212
-269.4618	-422.9592	-422.6022	-422.0326	-421.7256	-421.3773	3782.8281	3783.1156	3783.3485	3783.5225	3783.6691	6111.2939	6111.2939	6111.2939	6111.2939	6111.2939	2991.6004	2991.6004	2991.6004	2991.6004	2991.6004	6451.1353	6448.6298	6448.6298	6448.6298	6448.6298	11450.5281	11450.5281	11450.5281	11450.5281	11450.5281	11450.5281	11450.5281	11450.5281	11450.5281	11450.5281	11450.5281	11450.5281
-340.8881	-498.9211	-498.9196	-498.5625	-497.9930	-497.6860	5320.5030	5320.8445	5321.1320	5321.3649	5321.5389	5894.9658	5895.0292	5895.0292	5895.0292	5895.0292	2686.4444	2686.4444	2686.4444	2686.4444	2686.4444	6824.1776	6823.2045	6823.2045	6823.2045	6823.2045	10372.2645	10372.2645	10372.2645	10372.2645	10372.2645	10372.2645	10372.2645	10372.2645	10372.2645	10372.2645	10372.2645	10372.2645
-418.7391	-571.4244	-571.5402	-571.5386	-571.1816	-570.6121	6446.9330	6447.2813	6447.6228	6447.9103	6448.1432	4852.7675	4852.9141	4852.9775	4852.9775	4852.9775	2166.4840	2166.4840	2166.4840	2166.4840	2166.4840	6901.0737	6901.9646	6901.9646	6901.9646	6901.9646	9390.9617	9390.9617	9390.9617	9390.9617	9390.9617	9390.9617	9390.9617	9390.9617	9390.9617	9390.9617	9390.9617	9390.9617
-488.1600	-628.7106	-628.6394	-628.7553	-628.7537	-628.3966	7174.9622	7175.2692	7175.6175	7175.9590	7176.2465	3291.0921	3291.2661	3291.4126	3291.4760	3291.4760	1639.3670	1639.3670	1639.3670	1639.3670	1639.3670	6874.1941	6876.5666	6876.5666	6876.5666	6876.5666	8497.9102	8497.9102	8497.9102	8497.9102	8497.9102	8497.9102	8497.9102	8497.9102	8497.9102	8497.9102	8497.9102	8497.9102
-545.8838	-671.7994	-671.7881	-671.7169	-671.8328	-671.8312	7783.6455	7784.2150	7784.5220	7784.8703	7785.2118	1775.4351	1775.6680	1775.8420	1775.9886	1776.0519	1269.3370	1269.3370	1269.3370	1269.3370	1269.3370	7011.1923	7014.8097	7014.8097	7014.8097	7014.8097	7685.1829	7685.1829	7685.1829	7685.1829	7685.1829	7685.1829	7685.1829	7685.1829	7685.1829	7685.1829	7685.1829	7685.1829
-585.2155	-697.5947	-697.6420	-697.6307	-697.5595	-697.6754	8216.1155	8216.4725	8217.0420	8217.3491	8217.6973	606.5099	606.7974	607.0303	607.2043	607.3508	1178.7731	1178.7731	1178.7731	1178.7731	1178.7731	7339.5184	7343.9065	7343.9065	7343.9065	7343.9065	6945.5646	6945.5646	6945.5646	6945.5646	6945.5646	6945.5646	6945.5646	6945.5646	6945.5646	6945.5646	6945.5646	6945.5646
-608.5099	-708.6610	-708.7581	-708.8054	-708.7941	-708.7228	8124.0043	8124.0059	8124.3629	8124.9325	8125.2395	-340.0476	-339.7061	-339.4186	-339.1857	-339.0117	1267.7004	1267.7004	1267.7004	1267.7004	1267.7004	7532.9049	7537.6614	7537.6614	7537.6614	7537.6614	6272.4883	6272.4883	6272.4883	6272.4883	6272.4883	6272.4883	6272.4883	6272.4883	6272.4883	6272.4883	6272.4883	6272.4883
-630.1988	-721.0024	-721.1451	-721.2421	-721.2894	-721.2781	7469.1680	7469.0521	7469.0537	7469.4108	7469.9803	-972.6009	-972.2526	-971.9111	-971.6236	-971.3907	1398.6012	1398.6012	1398.6012	1398.6012	1398.6012	7363.4800	7368.7995	7368.7995	7368.7995	7368.7995	5659.9767	5659.9767	5659.9767	5659.9767	5659.9767	5659.9767	5659.9767	5659.9767	5659.9767	5659.9767	5659.9767	5659.9767
-648.4538	-732.7284	-732.9085	-733.0512	-733.1483	-733.1956	6457.4164	6457.4877	6457.3718	6457.3734	6457.7304	-1308.2166	-1307.9096	-1307.5613	-1307.2198	-1306.9323	1462.7836	1462.7836	1462.7836	1462.7836	1462.7836	6826.0162	6831.9356	6831.9356	6831.9356	6831.9356	5102.5896	5102.5896	5102.5896	5102.5896	5102.5896	5102.5896	5102.5896	5102.5896	5102.5896	5102.5896	5102.5896	5102.5896
-646.2577	-722.5462	-722.7845	-722.9646	-723.1073	-723.2044	5265.0227	5265.0339	5265.1052	5264.9893	5264.9909	-1561.2431	-1560.6735	-1560.3665	-1560.0182	-1559.6767	1453.6434	1453.6434	1453.6434	1453.6434	1453.6434	6085.7726	6091.5340	6091.5340	6091.5340	6091.5340	4595.3753	4595.3753	4595.3753	4595.3753	4595.3753	4595.3753	4595.3753	4595.3753	4595.3753	4595.3753	4595.3753	4595.3753
-618.9542	-687.9579	-688.2612	-688.4995	-688.6796	-688.8223	4195.3925	4195.3453	4195.3565	4195.4278	4195.3119	-1690.0015	-1689.6444	-1689.0749	-1688.7679	-1688.4196	1353.2658	1353.2658	1353.2658	1353.2658	1353.2658	5287.2245	5291.8306	5291.8306	5291.8306	5291.8306	4133.8268	4133.8268	4133.8268	4133.8268	4133.8268	4133.8268	4133.8268	4133.8268	4133.8268	4133.8268	4133.8268	4133.8268
-573.5425	-642.9416	-643.2855	-643.5888	-643.8271	-644.0072	3423.4369	3423.3399	3423.2926	3423.3039	3423.3751	-1529.4842	-1529.4826	-1529.1255	-1528.5560	-1528.2490	1231.3441	1231.3441	1231.3441	1231.3441	1231.3441	4534.3726	4537.1929	4537.1929	4537.1929	4537.1929	3713.8421	3713.8421	3713.8421	3713.8421	3713.8421	3713.8421	3713.8421	3713.8421	3713.8421	3713.8421	3713.8421	3713.8421
-517.6909	-597.6098	-597.9404	-598.2843	-598.5876	-598.8259	3068.3350	3068.1923	3068.0952	3068.0479	3068.0592	-1070.6817	-1070.7976	-1070.7960	-1070.4389	-1069.8694	1155.4207	1155.4207	1155.4207	1155.4207	1155.4207	3967.3168	3967.9609	3967.9609	3967.9609	3967.9609	3331.6875	3331.6875	3331.6875	3331.6875	3331.6875	3331.6875	3331.6875	3331.6875	3331.6875	3331.6875	3331.6875	3331.6875
-464.5731	-561.8154	-562.0928	-562.4233	-562.7673	-563.0705	3006.1319	3005.9518	3005.8091	3005.7121	3005.6648	-456.0961	-456.0249	-456.1407	-456.1391	-455.7821	1158.1912	1158.1912	1158.1912	1158.1912	1158.1912	3587.4035	3586.2966	3586.2966	3586.2966	3586.2966	2983.9648	2983.9648	2983.9648	2983.9648	2983.9648	2983.9648	2983.9648	2983.9648	2983.9648	2983.9648	2983.9648	2983.9648
-423.1787	-540.9558	-541.1365	-541.4139	-541.7444	-542.0884	3006.7780	3006.5397	3006.3596	3006.2169	3006.1198	129.3296	129.3409	129.4121	129.2963	129.2978	1220.6078	1220.6078	1220.6078	1220.6078	1220.6078	3263.6433	3261.9786	3261.9786	3261.9786	3261.9786	2667.5809	2667.5809	2667.5809	2667.5809	2667.5809	2667.5809	2667.5809	2667.5809	2667.5809	2667.5809	2667.5809	2667.5809
-400.7462	-535.8898	-535.9614	-536.1421	-536.4195	-536.7500	2919.1740	2918.8707	2918.6324	2918.4523	2918.3096	521.8784	521.8311	521.8424	521.9136	521.7978	1329.8516	1329.8516	1329.8516	1329.8516	1329.8516	2955.2175	2954.6731	2954.6731	2954.6731	2954.6731	2379.7205	2379.7205	2379.7205	2379.7205	2379.7205	2379.7205	2379.7205	2379.7205	2379.7205	2379.7205	2379.7205	2379.7205
-391.9586	-536.9629	-536.9334	-537.0049	-537.1857	-537.4630	2816.4954	2816.1515	2815.8482	2815.6099	2815.4298	713.5419	713.4448	713.3975	713.4088	713.4800	1452.5159	1452.5159	1452.5159	1452.5159	1452.5159	2715.9173	2717.7026	2717.7026	2717.7026	2717.7026	2117.8214	2117.8214	2117.8214	2117.8214	2117.8214	2117.8214	2117.8214	2117.8214	2117.8214	2117.8214	2117.8214	2117.8214
-386.4065	-530.2714	-530.1917	-530.1622	-530.2337	-530.4145	2666.7604	2666.4299	2666.0860	2665.7827	2665.5444	668.8264	668.6837	668.5866	668.5393	668.5506	1558.0438	1558.0438	1558.0438	1558.0438	1558.0438	2529.8049	2534.2448	2534.2448	2534.2448	2534.2448	1879.5513	1879.5513	1879.5513	1879.5513	1879.5513	1879.5513	1879.5513	1879.5513	1879.5513	1879.5513	1879.5513	1879.5513
-375.5190	-510.0017	-509.9154	-509.8357	-509.8062	-509.8777	2483.3963	2483.1189	2482.7884	2482.4445	2482.1412	459.6471	459.4670	459.3243	459.2273	459.1800	1605.4918	1605.4918	1605.4918	1605.4918	1605.4918	2343.4987	2350.2218	2350.2218	2350.2218	2350.2218	1662.7875	1662.7875	1662.7875	1662.7875	1662.7875	1662.7875	1662.7875	1662.7875	1662.7875	1662.7875	1662.7875	1662.7875
-359.7507	-483.0220	-482.9710	-482.8847	-482.8050	-482.7755	2313.7357	2313.5550	2313.2776	2312.9471	2312.6031	238.2987	238.0604	237.8803	237.7377	237.6406	1574.1570	1574.1570	1574.1570	1574.1570	1574.1570	2108.8504	2117.5026	2117.5026	2117.5026	2117.5026	1465.5980	1465.5980	1465.5980	1465.5980	1465.5980	1465.5980	1465.5980	1465.5980	1465.5980	1465.5980	1465.5980	1465.5980
-336.2504	-449.9792	-449.9759	-449.9249	-449.8386	-449.7590	2171.0316	2170.9601	2170.7793	2170.5019	2170.1714	64.3748	64.0715	63.8332	63.6531	63.5104	1448.8970	1448.8970	1448.8970	1448.8970	1448.8970	1793.4435	1803.4039	1803.4039	1803.4039	1803.4039	1286.2241	1286.2241	1286.2241	1286.2241	1286.2241	1286.2241	1286.2241	1286.2241	1286.2241	1286.2241	1286.2241	1286.2241
-307.5923	-411.2386	-411.2915	-411.2882	-411.2372	-411.1509	2019.1316	2019.1611	2019.0896	2018.9088	2018.6315	-88.2012	-88.5451	-88.8484	-89.0867	-89.2668	1253.5519	1253.5519	1253.5519	1253.5519	1253.5519	1426.2680	1437.0088	1437.0088	1437.0088	1437.0088	1123.0655	1123.0655	1123.0655	1123.0655	1123.0655	1123.0655	1123.0655	1123.0655	1123.0655	1123.0655	1123.0655	1123.0655
-277.9513	-371.7937	-371.8713	-371.9241	-371.9209	-371.8699	1851.0377	1851.1174	1851.1469	1851.0754	1850.8946	-211.1690	-211.4995	-211.8435	-212.1468	-212.3851	1040.7822	1040.7822	1040.7822	1040.7822	1040.7822	1053.5952	1065.1517	1065.1517	1065.1517	1065.1517	974.6651	974.6651	974.6651	974.6651	974.6651	974.6651	974.6651	974.6651	974.6651	974.6651	974.6651	974.6651
-251.7757	-336.3630	-336.4199	-336.4974	-336.5503	-336.5471	1681.3658	1681.4521	1681.5317	1681.5613	1681.4897	-308.2287	-308.5061	-308.8366	-309.1806	-309.4839	865.5875	865.5875	865.5875	865.5875	865.5875	730.0368	742.3803	742.3803	742.3803	742.3803	839.6972	839.6972	839.6972	839.6972	839.6972	839.6972	839.6972	839.6972	839.6972	839.6972	839.6972	839.6972
-230.2287	-304.6242	-304.6327	-304.6896	-304.7671	-304.8200	1530.2797	1530.3308	1530.4171	1530.4967	1530.5262	-410.8510	-411.0318	-411.3091	-411.6397	-411.9836	727.1995	727.1995	727.1995	727.1995	727.1995	470.3547	482.7995	482.7995	482.7995	482.7995	716.9548	716.9548	716.9548	716.9548	716.9548	716.9548	716.9548	716.9548	716.9548	716.9548	716.9548	716.9548
-215.1848	-279.7480	-279.7239	-279.7323	-279.7892	-279.8668	1413.0697	1413.0729	1413.1239	1413.2103	1413.2899	-502.6925	-502.7640	-502.9448	-503.2222	-503.5527	665.0647	665.0647	665.0647	665.0647	665.0647	304.9094	316.5904	316.5904	316.5904	316.5904	605.3396	605.3396	605.3396	605.3396	605.3396	605.3396	605.3396	605.3396	605.3396	605.3396	605.3396	605.3396
-205.0582	-263.4873	-263.4389	-263.4148	-263.4233	-263.4802	1324.6962	1324.6433	1324.6466	1324.6976	1324.7839	-553.8751	-553.8456	-553.9172	-554.0979	-554.3753	698.5247	698.5247	698.5247	698.5247	698.5247	226.0299	236.3444	236.3444	236.3444	236.3444	503.8516	503.8516	503.8516	503.8516	503.8516	503.8516	503.8516	503.8516	503.8516	503.8516	503.8516	503.8516
-196.9799	-254.3149	-254.2663	-254.2179	-254.1938	-254.2022	1262.3154	1262.2378	1262.1849	1262.1882	1262.2392	-550.1996	-550.1200	-550.0904	-550.1620	-550.3427	793.3630	793.3630	793.3630	793.3630	793.3630	189.5789	198.0831	198.0831	198.0831	198.0831	411.5810	411.5810	411.5810	411.5810	411.5810	411.5810	411.5810	411.5810	411.5810	411.5810	411.5810	411.5810
-188.3770	-248.3719	-248.3507	-248.3022	-248.2538	-248.2297	1202.8037	1202.7467	1202.6692	1202.6163	1202.6196	-505.3886	-505.3023	-505.2226	-505.1931	-505.2646	912.8194	912.8194	912.8194	912.8194	912.8194	170.4441	177.2933	177.2933	177.2933	177.2933	327.6995	327.6995	327.6995	327.6995	327.6995	327.6995	327.6995	327.6995	327.6995	327.6995	327.6995	327.6995
-179.0443	-242.1304	-242.1529	-242.1317	-242.0831	-242.0347	1122.7380	1122.7296	1122.6727	1122.5951	1122.5422	-435.1149	-435.0639	-434.9776	-434.8979	-434.8684	1073.8985	1073.8985	1073.8985	1073.8985	1073.8985	191.6365	197.5622	197.5622	197.5622	197.5622	251.4532	251.4532	251.4532	251.4532	251.4532	251.4532	251.4532	251.4532	251.4532	251.4532	251.4532	251.4532
-168.0103	-233.4151	-233.4773	-233.4998	-233.4786	-233.4300	1004.7807	1004.8048	1004.7963	1004.7394	1004.6618	-368.4362	-368.4330	-368.3820	-368.2956	-368.2160	1230.0750	1230.0750	1230.0750	1230.0750	1230.0750	235.6434	241.7332	241.7332	241.7332	241.7332	182.1561	182.1561	182.1561	182.1561	182.1561	182.1561	182.1561	182.1561	182.1561	182.1561	182.1561	182.1561
-156.0239	-224.6388	-224.7394	-224.8016	-224.8241	-224.8029	858.5662	858.6146	858.6387	858.6303	858.5733	-325.1997	-325.2526	-325.2493	-325.1983	-325.1120	1327.0655	1327.0655	1327.0655	1327.0655	1327.0655	277.2632	284.2438	284.2438	284.2438	284.2438	119.1835	119.1835	119.1835	119.1835	119.1835	119.1835	119.1835	119.1835	119.1835	119.1835	119.1835	119.1835
-144.0978	-216.6655	-216.7954	-216.8960	-216.9583	-216.9807	697.0639	697.1124	697.1608	697.1849	697.1765	-321.1334	-321.2110	-321.2638	-321.2606	-321.2096	1335.4320	1335.4320	1335.4320	1335.4320	1335.4320	304.6447	312.8549	312.8549	312.8549	312.8549	61.9671	61.9671	61.9671	61.9671	61.9671	61.9671	61.9671	61.9671	61.9671	61.9671	61.9671	61.9671
-133.7664	-210.1836	-210.3467	-210.4766	-210.5772	-210.6394	541.3455	541.3667	541.4153	541.4636	541.4877	-343.6437	-343.7006	-343.7782	-343.8311	-343.8278	1267.2933	1267.2933	1267.2933	1267.2933	1267.2933	311.2860	320.3105	320.3105	320.3105	320.3105	9.9895	9.9895	9.9895	9.9895	9.9895	9.9895	9.9895	9.9895	9.9895	9.9895	9.9895	9.9895
-125.8133	-207.8162	-207.9922	-208.1554	-208.2853	-208.3858	413.8065	413.7840	413.8052	413.8538	413.9022	-372.3587	-372.3671	-372.4240	-372.5016	-372.5545	1141.5093	1141.5093	1141.5093	1141.5093	1141.5093	287.0711	295.9814	295.9814	295.9814	295.9814	-37.2201	-37.2201	-37.2201	-37.2201	-37.2201	-37.2201	-37.2201	-37.2201	-37.2201	-37.2201	-37.2201	-37.2201
-120.9855	-206.9932	-207.1182	-207.2942	-207.4574	-207.5873	317.4908	317.4285	317.4061	317.4273	317.4758	-384.7613	-384.7372	-384.7457	-384.8026	-384.8802	999.4965	999.4965	999.4965	999.4965	999.4965	241.1661	248.6449	248.6449	248.6449	248.6449	-80.0904	-80.0904	-80.0904	-80.0904	-80.0904	-80.0904	-80.0904	-80.0904	-80.0904	-80.0904	-80.0904	-80.0904
-118.3142	-201.0273	-201.0273	-201.1523	-201.3283	-201.4914	224.1789	224.0783	224.0161	223.9936	224.0148	-376.7144	-376.6661	-376.6420	-376.6504	-376.7074	875.0028	875.0028	875.0028	875.0028	875.0028	195.5955	200.7358	200.7358	200.7358	200.7358	-119.0114	-119.0114	-119.0114	-119.0114	-119.0114	-119.0114	-119.0114	-119.0114	-119.0114	-119.0114	-119.0114	-119.0114
-116.9158	-186.3428	-186.3428	-186.3428	-186.4677	-186.6437	113.2554	113.1255	113.0249	112.9627	112.9402	-339.8388	-339.7902	-339.7419	-339.7178	-339.7262	819.6602	819.6602	819.6602	819.6602	819.6602	186.1318	188.5775	188.5775	188.5775	188.5775	-154.3383	-154.3383	-154.3383	-154.3383	-154.3383	-154.3383	-154.3383	-154.3383	-154.3383	-154.3383	-154.3383	-154.3383
-115.1007	-164.4758	-164.4758	-164.4758	-164.4758	-164.6008	-14.8786	-15.0418	-15.1717	-15.2722	-15.3345	-283.7713	-283.7501	-283.7016	-283.6532	-283.6291	818.7582	818.7582	818.7582	818.7582	818.7582	206.6073	206.7658	206.7658	206.7658	206.7658	-186.3941	-186.3941	-186.3941	-186.3941	-186.3941	-186.3941	-186.3941	-186.3941	-186.3941	-186.3941	-186.3941	-186.3941
-111.6703	-137.7834	-137.7834	-137.7834	-137.7834	-137.7834	-158.4566	-158.6326	-158.7957	-158.9256	-159.0262	-220.3879	-220.4103	-220.3891	-220.3406	-220.2922	817.9582	817.9582	817.9582	817.9582	817.9582	224.2018	222.8611	222.8611	222.8611	222.8611	-215.4730	-215.4730	-215.4730	-215.4730	-215.4730	-215.4730	-215.4730	-215.4730	-215.4730	-215.4730	-215.4730	-215.4730
-105.7104	-111.6670	-111.6670	-111.6670	-111.6670	-111.6670	-290.5527	-290.6777	-290.8537	-291.0168	-291.1467	-167.8530	-167.9152	-167.9377	-167.9165	-167.8679	779.2357	779.2357	779.2357	779.2357	779.2357	214.2526	212.5733	212.5733	212.5733	212.5733	-241.8427	-241.8427	-241.8427	-241.8427	-241.8427	-241.8427	-241.8427	-241.8427	-241.8427	-241.8427	-241.8427	-241.8427
-98.0310	-91.1933	-91.1933	-91.1933	-91.1933	-91.1933	-371.5416	-371.5416	-371.6666	-371.8426	-372.0057	-136.0244	-136.1250	-136.1872	-136.2097	-136.1885	702.4602	702.4602	702.4602	702.4602	702.4602	170.3263	169.1540	169.1540	169.1540	169.1540	-265.7469	-265.7469	-265.7469	-265.7469	-265.7469	-265.7469	-265.7469	-265.7469	-265.7469	-265.7469	-265.7469	-265.7469
-89.8348	-80.9476	-80.9476	-80.9476	-80.9476	-80.9476	-374.8780	-374.8780	-374.8780	-375.0030	-375.1790	-133.3466	-133.4765	-133.5771	-133.6393	-133.6618	571.5070	571.5070	571.5070	571.5070	571.5070	79.7834	79.4062	79.4062	79.4062	79.4062	-287.4074	-287.4074	-287.4074	-287.4074	-287.4074	-287.4074	-287.4074	-287.4074	-287.4074	-287.4074	-287.4074	-287.4074
-82.6681	-79.5595	-79.5595	-79.5595	-79.5595	-79.5595	-317.2993	-317.2993	-317.2993	-317.2993	-317.4243	-150.8628	-151.0260	-151.1559	-151.2565	-151.3187	416.2944	416.2944	416.2944	416.2944	416.2944	-29.8606	-29.6785	-29.6785	-29.6785	-29.6785	-307.0259	-307.0259	-307.0259	-307.0259	-307.0259	-307.0259	-307.0259	-307.0259	-307.0259	-307.0259	-307.0259	-307.0259
-77.0960	-82.4401	-82.3947	-82.3947	-82.3947	-82.3947	-231.8556	-231.8556	-231.8556	-231.8556	-231.8556	-176.2710	-176.4471	-176.6102	-176.7401	-176.8407	281.5178	281.5178	281.5178	281.5178	281.5178	-118.5970	-118.1601	-118.1601	-118.1601	-118.1601	-324.7863	-324.7863	-324.7863	-324.7863	-324.7863	-324.7863	-324.7863	-324.7863	-324.7863	-324.7863	-324.7863	-324.7863
-73.7638	-85.5830	-85.5098	-85.4644	-85.4644	-85.4644	-154.3089	-154.3089	-154.3089	-154.3089	-154.3089	-193.5478	-193.6728	-193.8488	-194.0120	-194.1419	200.8671	200.8671	200.8671	200.8671	200.8671	-157.4167	-157.2350	-157.2350	-157.2350	-157.2350	-340.8558	-340.8558	-340.8558	-340.8558	-340.8558	-340.8558	-340.8558	-340.8558	-340.8558	-340.8558	-340.8558	-340.8558
-72.0096	-87.9420	-87.8670	-87.7938	-87.7485	-87.7485	-99.6711	-99.6711	-99.6711	-99.6711	-99.6711	-194.9450	-194.9450	-195.0700	-195.2460	-195.4092	166.7903	166.7903	166.7903	166.7903	166.7903	-155.2870	-155.7105	-155.7105	-155.7105	-155.7105	-355.3865	-355.3865	-355.3865	-355.3865	-355.3865	-355.3865	-355.3865	-355.3865	-355.3865	-355.3865	-355.3865	-355.3865
-70.7647	-86.6568	-86.5968	-86.5218	-86.4486	-86.4032	-87.6938	-87.6938	-87.6938	-87.6938	-87.6938	-173.0875	-173.0875	-173.0875	-173.2125	-173.3885	173.6819	173.6819	173.6819	173.6819	173.6819	-120.2401	-121.3352	-121.3352	-121.3352	-121.3352	-368.5170	-368.5170	-368.5170	-368.5170	-368.5170	-368.5170	-368.5170	-368.5170	-368.5170	-368.5170	-368.5170	-368.5170
-68.9390	-81.9076	-81.8760	-81.8160	-81.7410	-81.6678	-108.3128	-108.3128	-108.3128	-108.3128	-108.3128	-135.1216	-135.1216	-135.1216	-135.1216	-135.2466	190.4722	190.4722	190.4722	190.4722	190.4722	-82.2144	-83.7715	-83.7715	-83.7715	-83.7715	-380.3734	-380.3734	-380.3734	-380.3734	-380.3734	-380.3734	-380.3734	-380.3734	-380.3734	-380.3734	-380.3734	-380.3734
-66.2274	-74.9712	-74.9717	-74.9401	-74.9190	-74.8439	-135.5921	-135.5467	-135.5467	-135.5467	-135.5467	-94.1694	-94.1694	-94.1694	-94.1694	-94.1694	190.0855	190.0855	190.0855	190.0855	190.0855	-62.6223	-64.3923	-64.3923	-64.3923	-64.3923	-391.0704	-391.0704	-391.0704	-391.0704	-391.0704	-391.0704	-391.0704	-391.0704	-391.0704	-391.0704	-391.0704	-391.0704
-62.2309	-68.2556	-68.2834	-68.2839	-68.3078	-68.2478	-152.0479	-151.9747	-151.9293	-151.9293	-151.9293	-60.5538	-60.5538	-60.5538	-60.5538	-60.5538	148.5651	148.5651	148.5651	148.5651	148.5651	-85.4071	-87.0353	-87.0353	-87.0353	-87.0353	-400.7125	-400.7125	-400.7125	-400.7125	-400.7125	-400.7125	-400.7125	-400.7125	-400.7125	-400.7125	-400.7125	-400.7125
-57.3029	-63.6922	-63.7381	-63.7660	-63.8058	-63.7743	-162.1792	-162.1041	-162.0309	-161.9856	-161.9856	-33.6690	-33.6690	-33.6690	-33.6690	-33.6690	76.3961	76.3961	76.3961	76.3961	76.3961	-145.3712	-146.6026	-146.6026	-146.6026	-146.6026	-409.3947	-409.3947	-409.3947	-409.3947	-409.3947	-409.3947	-409.3947	-409.3947	-409.3947	-409.3947	-409.3947	-409.3947
-52.4405	-63.4653	-63.5168	-63.5626	-63.6060	-63.6065	-160.1197	-160.0597	-159.9847	-159.9115	-159.8662	-17.2954	-17.2954	-17.2954	-17.2954	-17.2954	-15.4857	-15.4857	-15.4857	-15.4857	-15.4857	-232.4972	-233.2311	-233.2311	-233.2311	-233.2311	-417.2037	-417.2037	-417.2037	-417.2037	-417.2037	-417.2037	-417.2037	-417.2037	-417.2037	-417.2037	-417.2037	-417.2037
-47.7630	-66.2121	-66.1661	-66.2176	-66.2646	-66.2924	-148.7982	-148.7666	-148.7066	-148.6316	-148.5584	-8.9878	-8.9878	-8.9878	-8.9878	-8.9878	-100.5747	-100.5747	-100.5747	-100.5747	-100.5747	-317.4317	-317.7436	-317.7436	-317.7436	-317.7436	-424.2180	-424.2180	-424.2180	-424.2180	-424.2180	-424.2180	-424.2180	-424.2180	-424.2180	-424.2180	-424.2180	-424.2180
-42.8629	-71.0409	-71.0966	-71.0506	-71.0937	-71.1396	-129.6828	-129.6833	-129.6517	-129.5917	-129.5167	-4.0935	-4.0482	-4.0482	-4.0482	-4.0482	-157.5174	-157.5174	-157.5174	-157.5174	-157.5174	-378.0305	-378.0545	-378.0545	-378.0545	-378.0545	-430.5095	-430.5095	-430.5095	-430.5095	-430.5095	-430.5095	-430.5095	-430.5095	-430.5095	-430.5095	-430.5095	-430.5095
-37.7507	-73.2603	-73.3186	-73.3742	-73.3204	-73.3719	-113.1640	-113.1919	-113.1924	-113.1608	-113.1008	2.0604	2.1336	2.1789	2.1789	2.1789	-171.0305	-171.0305	-171.0305	-171.0305	-171.0305	-392.5881	-392.5366	-392.5366	-392.5366	-392.5366	-436.1434	-436.1434	-436.1434	-436.1434	-436.1434	-436.1434	-436.1434	-436.1434	-436.1434	-436.1434	-436.1434	-436.1434
-32.5998	-67.4833	-67.5394	-67.5977	-67.6528	-67.6068	-110.1030	-110.1489	-110.1767	-110.1772	-110.1456	10.4693	10.5443	10.6175	10.6628	10.6628	-155.5146	-155.5146	-155.5146	-155.5146	-155.5146	-368.3236	-368.3449	-368.3449	-368.3449	-368.3449	-441.1789	-441.1789	-441.1789	-441.1789	-441.1789	-441.1789	-441.1789	-441.1789	-441.1789	-441.1789	-441.1789	-441.1789
-27.4290	-50.7496	-50.7850	-50.8411	-50.9069	-50.9625	-126.8845	-126.9360	-126.9819	-127.0097	-127.0102	23.3553	23.4153	23.4903	23.5635	23.6088	-132.4117	-132.4117	-132.4117	-132.4117	-132.4117	-322.6518	-322.7928	-322.7928	-322.7928	-322.7928	-445.6703	-445.6703	-445.6703	-445.6703	-445.6703	-445.6703	-445.6703	-445.6703	-445.6703	-445.6703	-445.6703	-445.6703
-22.5601	-27.0365	-27.0365	-27.0719	-27.1383	-27.1965	-155.9797	-155.9337	-155.9852	-156.0311	-156.0589	39.0031	39.0346	39.0946	39.1697	39.2429	-113.5405	-113.5405	-113.5405	-113.5405	-113.5405	-271.4097	-271.6000	-271.6000	-271.6000	-271.6000	-449.6666	-449.6666	-449.6666	-449.6666	-449.6666	-449.6666	-449.6666	-449.6666	-449.6666	-449.6666	-449.6666	-449.6666
-18.4622	-0.5371	-0.5371	-0.5371	-0.5795	-0.6357	-197.6383	-197.6939	-197.6479	-197.6994	-197.7453	58.1018	58.1014	58.1329	58.1929	58.2680	-94.4166	-94.4166	-94.4166	-94.4166	-94.4166	-218.4408	-218.5732	-218.5732	-218.5732	-218.5732	-453.2126	-453.2126	-453.2126	-453.2126	-453.2126	-453.2126	-453.2126	-453.2126	-453.2126	-453.2126	-453.2126	-453.2126
-15.3936	21.1980	21.1980	21.1980	21.2021	21.1668	-228.8976	-228.9558	-229.0114	-228.9654	-229.0169	74.3374	74.3096	74.3091	74.3407	74.4007	-75.5002	-75.5002	-75.5002	-75.5002	-75.5002	-169.3811	-169.2986	-169.2986	-169.2986	-169.2986	-456.3492	-456.3492	-456.3492	-456.3492	-456.3492	-456.3492	-456.3492	-456.3492	-456.3492	-456.3492	-456.3492	-456.3492
-13.1022	33.2408	33.2408	33.2408	33.2615	33.2615	-221.0923	-221.0923	-221.0923	-221.0923	-221.0923	79.2383	79.2383	79.2383	79.2383	79.2383	-51.9652	-51.9652	-51.9652	-51.9652	-51.9652	-117.5487	-117.1447	-117.1447	-117.1447	-117.1447	-459.1133	-459.1133	-459.1133	-459.1133	-459.1133	-459.1133	-459.1133	-459.1133	-459.1133	-459.1133	-459.1133	-459.1133
-9.3250	33.9309	33.9309	33.9309	33.9690	33.9690	-157.4769	-157.4769	-157.4769	-157.4769	-157.4769	68.8749	68.8749	68.8749	68.8749	68.8749	-20.9721	-20.9721	-20.9721	-20.9721	-20.9721	-60.9138	-60.9150	-60.9150	-60.9150	-60.9150	-461.5387	-461.5387	-461.5387	-461.5387	-461.5387	-461.5387	-461.5387	-461.5387	-461.5387	-461.5387	-461.5387	-461.5387
-7.9775	22.9530	22.9530	22.9530	23.0055	23.0055	-57.1971	-57.1971	-57.1971	-57.1971	-57.1971	47.0591	47.0591	47.0591	47.0591	47.0591	14.8112	14.8112	14.8112	14.8112	14.8112	-3.4979	-3.5324	-3.5324	-3.5324	-3.5324	-463.6562	-463.6562	-463.6562	-463.6562	-463.6562	-463.6562	-463.6562	-463.6562	-463.6562	-463.6562	-463.6562	-463.6562
13.8089	9.8909	9.8909	9.8909	9.9525	9.9525	52.4639	52.4639	52.4639	52.4639	52.4639	21.2944	21.2944	21.2944	21.2944	21.2944	50.1390	50.1390	50.1390	50.1390	50.1390	50.0059	49.9739	49.9739	49.9739	49.9739	-465.4937	-465.4937	-465.4937	-465.4937	-465.4937	-465.4937	-465.4937	-465.4937	-465.4937	-465.4937	-465.4937	-465.4937
11.7053	13.9992	-2.1517	-2.1517	-2.0875	-2.0875	146.5777	146.5777	146.5777	146.5777	146.5777	-1.4952	-1.4952	-1.4952	-1.4952	-1.4952	79.4403	79.4403	79.4403	79.4403	79.4403	94.0771	94.0829	94.0829	94.0829	94.0829	-467.0767	-467.0767	-467.0767	-467.0767	-467.0767	-467.0767	-467.0767	-467.0767	-467.0767	-467.0767	-467.0767	-467.0767
10.5053	4.8919	4.8919	-8.9348	-8.8737	-8.8737	209.0416	209.0416	209.0416	209.0416	209.0416	-17.4572	-17.4572	-17.4572	-17.4572	-17.4572	97.7024	97.7024	97.7024	97.7024	97.7024	123.3814	123.4433	123.4433	123.4433	123.4433	-468.4283	-468.4283	-468.4283	-468.4283	-468.4283	-468.4283	-468.4283	-468.4283	-468.4283	-468.4283	-468.4283	-468.4283
10.6255	3.1696	3.1696	3.1696	-9.0259	-9.0259	234.4917	234.4917	234.4917	234.4917	234.4917	-26.6455	-26.6455	-26.6455	-26.6455	-26.6455	101.2665	101.2665	101.2665	101.2665	101.2665	133.5003	133.6140	133.6140	133.6140	133.6140	-469.5695	-469.5695	-469.5695	-469.5695	-469.5695	-469.5695	-469.5695	-469.5695	-469.5695	-469.5695	-469.5695	-469.5695
10.3186	5.5692	5.5692	5.5692	5.6111	-5.5510	226.1175	226.1175	226.1175	226.1175	226.1175	-27.4301	-27.4301	-27.4301	-27.4301	-27.4301	87.8431	87.8431	87.8431	87.8431	87.8431	120.9712	121.1068	121.1068	121.1068	121.1068	-470.5197	-470.5197	-470.5197	-470.5197	-470.5197	-470.5197	-470.5197	-470.5197	-470.5197	-470.5197	-470.5197	-470.5197
9.2756	9.5138	9.5138	9.5138	9.5422	9.5422	191.7371	191.7371	191.7371	191.7371	191.7371	-23.4991	-23.4991	-23.4991	-23.4991	-23.4991	55.5989	55.5989	55.5989	55.5989	55.5989	82.6505	82.7508	82.7508	82.7508	82.7508	-471.2962	-471.2962	-471.2962	-471.2962	-471.2962	-471.2962	-471.2962	-471.2962	-471.2962	-471.2962	-471.2962	-471.2962
7.5032	12.2904	12.2904	12.2904	12.3048	12.3048	140.6497	140.6497	140.6497	140.6497	140.6497	-17.6394	-17.6394	-17.6394	-17.6394	-17.6394	3.0689	3.0689	3.0689	3.0689	3.0689	15.6783	15.6603	15.6603	15.6603	15.6603	-471.9150	-471.9150	-471.9150	-471.9150	-471.9150	-471.9150	-471.9150	-471.9150	-471.9150	-471.9150	-471.9150	-471.9150
4.5684	10.5962	10.5962	10.5962	10.5971	10.5971	82.8095	82.8095	82.8095	82.8095	82.8095	-12.8272	-12.8272	-12.8272	-12.8272	-12.8272	-71.1091	-71.1091	-71.1091	-71.1091	-71.1091	-59.9922	-82.9752	-82.9752	-82.9752	-82.9752	-472.3905	-472.3905	-472.3905	-472.3905	-472.3905	-472.3905	-472.3905	-472.3905	-472.3905	-472.3905	-472.3905	-472.3905
14.2436	15.4842	15.4842	15.4842	15.5305	15.5305	36.9407	36.9407	36.9407	36.9407	36.9407	23.2384	23.2384	23.2384	23.2384	23.2384	17.0118	17.0118	17.0118	17.0118	17.0118	-6.0998	-30.6298	-30.6298	-30.6298	-30.6298	0.0000	0.0000	0.0000	0.0000	0.0000	0.0000	0.0000	0.0000	0.0000	0.0000	0.0000	0.0000
Female migration
-516.4253	1631.3719	834.8869	-96.3690	-1180.9426	-649.3543	-818.3237	-2119.3393	-4001.7037	-6909.5046	-16174.3461	-2687.0916	-2687.0916	-2687.0916	-2687.0916	-2687.0916	-290.6441	-290.6441	-290.6441	-290.6441	-290.6441	1300.8999	1296.2679	1296.2679	1296.2679	1296.2679	-1047.5988	-1047.5988	-1047.5988	-1047.5988	-1047.5988	-1047.5988	-1047.5988	-1047.5988	-1047.5988	-1047.5988	-1047.5988	-1047.5988
64.0402	771.0203	16.4871	-779.9978	-1711.2538	-1113.5896	406.9240	-1151.3086	-2452.3242	-4334.6886	-7242.4895	-446.9333	-207.1998	-207.1998	-207.1998	-207.1998	-704.2171	-704.2171	-704.2171	-704.2171	-704.2171	666.2598	660.7849	660.7849	660.7849	660.7849	-1019.7495	-1019.7495	-1019.7495	-1019.7495	-1019.7495	-1019.7495	-1019.7495	-1019.7495	-1019.7495	-1019.7495	-1019.7495	-1019.7495
34.9541	-211.1976	-832.5944	-1587.1276	-2383.6125	-1638.6892	1375.3674	152.3795	-1405.8532	-2706.8688	-4589.2332	1494.2564	2032.1593	2278.1846	2278.1846	2278.1846	-1030.2076	-1030.2076	-1030.2076	-1030.2076	-1030.2076	117.1270	112.8842	112.8842	112.8842	112.8842	-992.6136	-992.6136	-992.6136	-992.6136	-992.6136	-992.6136	-992.6136	-992.6136	-992.6136	-992.6136	-992.6136	-992.6136
14.5054	-152.6051	-153.1803	-774.5770	-1529.1102	-652.2120	660.5504	-343.9676	-1566.9555	-3125.1882	-4426.2038	945.2735	654.7194	1192.6224	1444.7894	1444.7894	-1400.2254	-1400.2254	-1400.2254	-1400.2254	-1400.2254	-771.3267	-772.8784	-772.8784	-772.8784	-772.8784	-966.1729	-966.1729	-966.1729	-966.1729	-966.1729	-966.1729	-966.1729	-966.1729	-966.1729	-966.1729	-966.1729	-966.1729
1.2114	-104.1853	-104.1853	-104.7605	-726.1572	185.6006	439.3060	-357.5488	-1362.0668	-2585.0547	-4143.2874	1114.1764	484.0794	193.5253	731.4283	989.5870	-1565.1682	-1565.1682	-1565.1682	-1565.1682	-1565.1682	-1254.2326	-1252.2506	-1252.2506	-1252.2506	-1252.2506	-940.4095	-940.4095	-940.4095	-940.4095	-940.4095	-940.4095	-940.4095	-940.4095	-940.4095	-940.4095	-940.4095	-940.4095
-7.0893	-65.3428	-65.3428	-65.3428	-65.9180	959.2569	522.3134	-61.4700	-858.3248	-1862.8428	-3085.8307	1951.3419	948.2518	318.1548	27.6008	565.5037	-1548.0465	-1548.0465	-1548.0465	-1548.0465	-1548.0465	-1395.5241	-1389.8143	-1389.8143	-1389.8143	-1389.8143	-915.3061	-915.3061	-915.3061	-915.3061	-915.3061	-915.3061	-915.3061	-915.3061	-915.3061	-915.3061	-915.3061	-915.3061
-12.4545	-35.9535	-35.9535	-35.9535	-35.9535	1570.1374	934.8051	356.0382	-227.7452	-1024.6000	-2029.1180	2456.7018	1998.1123	995.0222	364.9253	74.3712	-1372.6858	-1372.6858	-1372.6858	-1372.6858	-1372.6858	-1259.9819	-1250.9664	-1250.9664	-1250.9664	-1250.9664	-890.8458	-890.8458	-890.8458	-890.8458	-890.8458	-890.8458	-890.8458	-890.8458	-890.8458	-890.8458	-890.8458	-890.8458
-16.6299	-15.5195	-15.5195	-15.5195	-15.5195	1525.8137	444.2487	915.1203	336.3533	-247.4301	-1044.2849	2829.4287	2626.7188	2168.1293	1165.0392	534.9422	-1066.3909	-1066.3909	-1066.3909	-1066.3909	-1066.3909	-917.8821	-906.5036	-906.5036	-906.5036	-906.5036	-867.0121	-867.0121	-867.0121	-867.0121	-867.0121	-867.0121	-867.0121	-867.0121	-867.0121	-867.0121	-867.0121	-867.0121
-20.8412	-3.0847	-3.0847	-3.0847	-3.0847	1446.1098	397.8833	397.0537	867.9253	289.1584	-294.6250	3407.2350	3041.6135	2838.9037	2380.3141	1377.2240	-659.5110	-659.5110	-659.5110	-659.5110	-659.5110	-440.7845	-428.3463	-428.3463	-428.3463	-428.3463	-843.7890	-843.7890	-843.7890	-843.7890	-843.7890	-843.7890	-843.7890	-843.7890	-843.7890	-843.7890	-843.7890	-843.7890
-24.7545	3.6815	3.6815	3.6815	3.6815	1344.1404	190.5069	190.5069	189.6772	660.5488	81.7819	3954.3864	3590.1582	3224.5367	3021.8268	2563.2373	-191.5282	-191.5282	-191.5282	-191.5282	-191.5282	95.8993	108.2128	108.2128	108.2128	108.2128	-821.1608	-821.1608	-821.1608	-821.1608	-821.1608	-821.1608	-821.1608	-821.1608	-821.1608	-821.1608	-821.1608	-821.1608
-26.3721	8.4648	8.4648	8.4648	8.4648	1246.1606	-250.4857	-250.4857	-250.4857	-251.3153	219.5563	4419.0176	4054.0523	3689.8241	3324.2026	3121.4927	290.1917	290.1917	290.1917	290.1917	290.1917	617.9648	629.5992	629.5992	629.5992	629.5992	-799.1123	-799.1123	-799.1123	-799.1123	-799.1123	-799.1123	-799.1123	-799.1123	-799.1123	-799.1123	-799.1123	-799.1123
-22.2404	15.4808	15.4808	15.4808	15.4808	1189.7706	-857.8868	-857.8868	-857.8868	-857.8868	-857.8868	4855.4550	4434.9249	4069.9596	3705.7314	3340.1100	742.3581	742.3581	742.3581	742.3581	742.3581	1083.6397	1095.1184	1095.1184	1095.1184	1095.1184	-777.6286	-777.6286	-777.6286	-777.6286	-777.6286	-777.6286	-777.6286	-777.6286	-777.6286	-777.6286	-777.6286	-777.6286
-8.2822	28.5814	28.5814	28.5814	28.5814	1216.8417	-1424.2102	-1424.2102	-1424.2102	-1424.2102	-1424.2102	2734.6898	4842.7003	4422.1702	4057.2049	3692.9767	1133.3109	1133.3109	1133.3109	1133.3109	1133.3109	1493.3161	1506.4322	1506.4322	1506.4322	1506.4322	-756.6953	-756.6953	-756.6953	-756.6953	-756.6953	-756.6953	-756.6953	-756.6953	-756.6953	-756.6953	-756.6953	-756.6953
17.8124	48.9864	48.9864	48.9864	48.9864	1353.4810	-1643.4831	-1643.4831	-1643.4831	-1643.4831	-1643.4831	2793.3426	2793.3426	4901.3531	4480.8230	4115.8577	1459.7104	1459.7104	1459.7104	1459.7104	1459.7104	1903.1344	1920.4069	1920.4069	1920.4069	1920.4069	-736.2983	-736.2983	-736.2983	-736.2983	-736.2983	-736.2983	-736.2983	-736.2983	-736.2983	-736.2983	-736.2983	-736.2983
53.0705	72.3462	72.3462	72.3462	72.3462	1581.5997	-1214.0928	-1214.0928	-1214.0928	-1214.0928	-1214.0928	3042.0126	3042.0126	3042.0126	5150.0230	4729.4930	1765.1842	1765.1842	1765.1842	1765.1842	1765.1842	2429.3227	2452.3987	2452.3987	2452.3987	2452.3987	-716.4237	-716.4237	-716.4237	-716.4237	-716.4237	-716.4237	-716.4237	-716.4237	-716.4237	-716.4237	-716.4237	-716.4237
87.8271	88.6702	88.7535	88.7535	88.7535	1792.0335	-12.3210	-12.3210	-12.3210	-12.3210	-12.3210	3492.7232	3492.7232	3492.7232	3492.7232	5600.7336	2155.6889	2155.6889	2155.6889	2155.6889	2155.6889	3217.9516	3247.4467	3247.4467	3247.4467	3247.4467	-697.0583	-697.0583	-697.0583	-697.0583	-697.0583	-697.0583	-697.0583	-697.0583	-697.0583	-697.0583	-697.0583	-697.0583
121.6074	99.7111	100.0460	100.1293	100.1293	2017.1616	1699.7669	1699.7669	1699.7669	1699.7669	1699.7669	3998.7400	3998.7400	3998.7400	3998.7400	3998.7400	2567.0845	2567.0845	2567.0845	2567.0845	2567.0845	4149.6184	4184.4767	4184.4767	4184.4767	4184.4767	15291.6250	15291.6250	15291.6250	15291.6250	15291.6250	15291.6250	15291.6250	15291.6250	15291.6250	15291.6250	15291.6250	15291.6250
162.0417	112.9444	113.2511	113.5860	113.6693	2394.7683	3605.3570	3605.3570	3605.3570	3605.3570	3605.3570	4449.1954	4449.1954	4449.1954	4449.1954	4449.1954	2845.0550	2845.0550	2845.0550	2845.0550	2845.0550	4982.1434	5020.2758	5020.2758	5020.2758	5020.2758	13863.2504	13863.2504	13863.2504	13863.2504	13863.2504	13863.2504	13863.2504	13863.2504	13863.2504	13863.2504	13863.2504	13863.2504
210.0863	136.1896	136.4755	136.7822	137.1171	2970.3543	5307.6917	5307.6917	5307.6917	5307.6917	5307.6917	4629.4453	4629.4453	4629.4453	4629.4453	4629.4453	2882.7784	2882.7784	2882.7784	2882.7784	2882.7784	5522.0266	5560.4717	5560.4717	5560.4717	5560.4717	12493.0407	12493.0407	12493.0407	12493.0407	12493.0407	12493.0407	12493.0407	12493.0407	12493.0407	12493.0407	12493.0407	12493.0407
260.6298	173.5319	173.7838	174.0698	174.3765	3672.9941	6644.1827	6644.1827	6644.1827	6644.1827	6644.1827	4397.4298	4397.4298	4397.4298	4397.4298	4397.4298	2683.4219	2683.4219	2683.4219	2683.4219	2683.4219	5745.7538	5782.2769	5782.2769	5782.2769	5782.2769	11255.0486	11255.0486	11255.0486	11255.0486	11255.0486	11255.0486	11255.0486	11255.0486	11255.0486	11255.0486	11255.0486	11255.0486
317.3036	233.4332	233.6324	233.8843	234.1702	4463.9981	7462.3561	7462.4394	7462.4394	7462.4394	7462.4394	3670.9725	3670.9725	3670.9725	3670.9725	3670.9725	2280.7914	2280.7914	2280.7914	2280.7914	2280.7914	5642.8984	5676.6425	5676.6425	5676.6425	5676.6425	10136.6061	10136.6061	10136.6061	10136.6061	10136.6061	10136.6061	10136.6061	10136.6061	10136.6061	10136.6061	10136.6061	10136.6061
364.6831	295.8789	296.0041	296.2033	296.4552	5161.9056	7820.5793	7820.9141	7820.9974	7820.9974	7820.9974	2614.3704	2614.3704	2614.3704	2614.3704	2614.3704	1811.8335	1811.8335	1811.8335	1811.8335	1811.8335	5361.0143	5392.2673	5392.2673	5392.2673	5392.2673	9126.2553	9126.2553	9126.2553	9126.2553	9126.2553	9126.2553	9126.2553	9126.2553	9126.2553	9126.2553	9126.2553	9126.2553
380.0602	330.2309	330.2693	330.3944	330.5937	5578.7274	7975.7955	7976.1022	7976.4371	7976.5204	7976.5204	1558.0762	1558.0762	1558.0762	1558.0762	1558.0762	1411.9198	1411.9198	1411.9198	1411.9198	1411.9198	5133.6995	5162.7457	5162.7457	5162.7457	5162.7457	8213.6343	8213.6343	8213.6343	8213.6343	8213.6343	8213.6343	8213.6343	8213.6343	8213.6343	8213.6343	8213.6343	8213.6343
352.3991	318.0258	317.9833	318.0217	318.1468	5596.4177	7973.4155	7973.7014	7974.0081	7974.3430	7974.4263	670.8368	670.8368	670.8368	670.8368	670.8368	1176.3832	1176.3832	1176.3832	1176.3832	1176.3832	5031.9174	5059.4589	5059.4589	5059.4589	5059.4589	7389.3721	7389.3721	7389.3721	7389.3721	7389.3721	7389.3721	7389.3721	7389.3721	7389.3721	7389.3721	7389.3721	7389.3721
294.0417	270.4393	270.3361	270.2937	270.3320	5311.7873	7604.8455	7605.0974	7605.3834	7605.6901	7606.0250	-121.6779	-121.6779	-121.6779	-121.6779	-121.6779	1043.4405	1043.4405	1043.4405	1043.4405	1043.4405	4864.3537	4890.8200	4890.8200	4890.8200	4890.8200	6644.9946	6644.9946	6644.9946	6644.9946	6644.9946	6644.9946	6644.9946	6644.9946	6644.9946	6644.9946	6644.9946	6644.9946
222.2961	201.7064	201.5688	201.4656	201.4232	4912.9535	6905.4254	6905.6246	6905.8765	6906.1625	6906.4692	-734.8330	-734.7498	-734.7498	-734.7498	-734.7498	933.3219	933.3219	933.3219	933.3219	933.3219	4512.1997	4537.8057	4537.8057	4537.8057	4537.8057	5972.8379	5972.8379	5972.8379	5972.8379	5972.8379	5972.8379	5972.8379	5972.8379	5972.8379	5972.8379	5972.8379	5972.8379
159.1680	135.6910	135.5545	135.4168	135.3136	4547.7983	6038.4438	6038.5689	6038.7681	6039.0200	6039.3060	-1134.4721	-1134.1373	-1134.0540	-1134.0540	-1134.0540	801.5382	801.5382	801.5382	801.5382	801.5382	3987.8396	4012.0832	4012.0832	4012.0832	4012.0832	5365.9718	5365.9718	5365.9718	5365.9718	5365.9718	5365.9718	5365.9718	5365.9718	5365.9718	5365.9718	5365.9718	5365.9718
114.5873	88.0210	87.8889	87.7524	87.6148	4209.5366	5109.0483	5109.0867	5109.2118	5109.4111	5109.6629	-1419.0503	-1418.7436	-1418.4087	-1418.3254	-1418.3254	665.0114	665.0114	665.0114	665.0114	665.0114	3381.4802	3403.2865	3403.2865	3403.2865	3403.2865	4818.1288	4818.1288	4818.1288	4818.1288	4818.1288	4818.1288	4818.1288	4818.1288	4818.1288	4818.1288	4818.1288	4818.1288
99.2557	71.2057	71.0687	70.9367	70.8002	3952.3479	4309.8723	4309.8299	4309.8683	4309.9934	4310.1927	-1525.9085	-1525.6225	-1525.3158	-1524.9809	-1524.8976	532.4142	532.4142	532.4142	532.4142	532.4142	2800.5528	2818.4940	2818.4940	2818.4940	2818.4940	4323.6415	4323.6415	4323.6415	4323.6415	4323.6415	4323.6415	4323.6415	4323.6415	4323.6415	4323.6415	4323.6415	4323.6415
105.3570	73.8034	73.6675	73.5305	73.3984	3750.3798	3742.6528	3742.5496	3742.5072	3742.5455	3742.6707	-1333.7986	-1333.5467	-1333.2608	-1332.9540	-1332.6192	447.5278	447.5278	447.5278	447.5278	447.5278	2341.2333	2354.4552	2354.4552	2354.4552	2354.4552	3877.3847	3877.3847	3877.3847	3877.3847	3877.3847	3877.3847	3877.3847	3877.3847	3877.3847	3877.3847	3877.3847	3877.3847
115.7890	78.4947	78.3835	78.2475	78.1105	3529.0697	3433.2461	3433.1085	3433.0053	3432.9629	3433.0012	-840.3322	-840.1330	-839.8811	-839.5952	-839.2884	427.7762	427.7762	427.7762	427.7762	427.7762	2072.5121	2080.3340	2080.3340	2080.3340	2080.3340	3474.7235	3474.7235	3474.7235	3474.7235	3474.7235	3474.7235	3474.7235	3474.7235	3474.7235	3474.7235	3474.7235	3474.7235
119.2819	75.0028	74.9247	74.8135	74.6775	3264.6694	3274.5001	3274.3636	3274.2260	3274.1228	3274.0804	-181.4792	-181.3541	-181.1549	-180.9030	-180.6170	470.3213	470.3213	470.3213	470.3213	470.3213	1959.4507	1962.6118	1962.6118	1962.6118	1962.6118	3111.4671	3111.4671	3111.4671	3111.4671	3111.4671	3111.4671	3111.4671	3111.4671	3111.4671	3111.4671	3111.4671	3111.4671
119.7072	67.2075	67.1849	67.1067	66.9955	3008.6611	3130.1015	3129.9695	3129.8330	3129.6953	3129.5921	459.1290	459.1674	459.2925	459.4918	459.7437	557.5595	557.5595	557.5595	557.5595	557.5595	1905.2360	1906.0353	1906.0353	1906.0353	1906.0353	2783.8255	2783.8255	2783.8255	2783.8255	2783.8255	2783.8255	2783.8255	2783.8255	2783.8255	2783.8255	2783.8255	2783.8255
113.9716	54.4050	54.4460	54.4233	54.3452	2769.3956	2906.2615	2906.1245	2905.9925	2905.8560	2905.7183	933.5663	933.5238	933.5622	933.6874	933.8866	672.1448	672.1448	672.1448	672.1448	672.1448	1849.8685	1851.4888	1851.4888	1851.4888	1851.4888	2488.3717	2488.3717	2488.3717	2488.3717	2488.3717	2488.3717	2488.3717	2488.3717	2488.3717	2488.3717	2488.3717	2488.3717
103.7184	41.2517	41.3485	41.3896	41.3669	2547.6913	2668.5922	2668.4563	2668.3193	2668.1873	2668.0507	1220.5697	1220.4665	1220.4241	1220.4625	1220.5876	801.1454	801.1454	801.1454	801.1454	801.1454	1812.7311	1817.4004	1817.4004	1817.4004	1817.4004	2222.0069	2222.0069	2222.0069	2222.0069	2222.0069	2222.0069	2222.0069	2222.0069	2222.0069	2222.0069	2222.0069	2222.0069
93.7358	34.1992	34.3095	34.4064	34.4474	2338.9069	2427.9432	2427.8320	2427.6961	2427.5591	2427.4271	1281.4342	1281.2965	1281.1933	1281.1509	1281.1893	931.9107	931.9107	931.9107	931.9107	931.9107	1776.0998	1784.8225	1784.8225	1784.8225	1784.8225	1981.9290	1981.9290	1981.9290	1981.9290	1981.9290	1981.9290	1981.9290	1981.9290	1981.9290	1981.9290	1981.9290	1981.9290
85.9203	33.6326	33.7212	33.8315	33.9284	2137.7608	2197.8600	2197.7818	2197.6706	2197.5347	2197.3977	1177.7484	1177.6119	1177.4742	1177.3710	1177.3286	1034.8779	1034.8779	1034.8779	1034.8779	1034.8779	1716.6273	1728.5997	1728.5997	1728.5997	1728.5997	1765.6042	1765.6042	1765.6042	1765.6042	1765.6042	1765.6042	1765.6042	1765.6042	1765.6042	1765.6042	1765.6042	1765.6042
77.4756	33.1584	33.1946	33.2832	33.3935	1943.5248	1984.8762	1984.8536	1984.7754	1984.6642	1984.5283	1042.9623	1042.8303	1042.6938	1042.5561	1042.4530	1089.0843	1089.0843	1089.0843	1089.0843	1089.0843	1618.5021	1631.9350	1631.9350	1631.9350	1631.9350	1570.7415	1570.7415	1570.7415	1570.7415	1570.7415	1570.7415	1570.7415	1570.7415	1570.7415	1570.7415	1570.7415	1570.7415
68.3137	30.9837	30.9666	31.0028	31.0914	1754.3519	1790.7672	1790.8083	1790.7856	1790.7074	1790.5962	932.1047	931.9677	931.8357	931.6991	931.5615	1073.6749	1073.6749	1073.6749	1073.6749	1073.6749	1472.5496	1484.7524	1484.7524	1484.7524	1484.7524	1395.2695	1395.2695	1395.2695	1395.2695	1395.2695	1395.2695	1395.2695	1395.2695	1395.2695	1395.2695	1395.2695	1395.2695
58.5806	28.7092	28.6389	28.6218	28.6580	1573.6666	1597.5565	1597.6534	1597.6944	1597.6718	1597.5936	831.8191	831.6832	831.5462	831.4141	831.2776	992.6918	992.6918	992.6918	992.6918	992.6918	1289.8889	1298.9511	1298.9511	1298.9511	1298.9511	1237.3151	1237.3151	1237.3151	1237.3151	1237.3151	1237.3151	1237.3151	1237.3151	1237.3151	1237.3151	1237.3151	1237.3151
48.5188	26.1994	26.1072	26.0369	26.0198	1399.1417	1397.6175	1397.7278	1397.8247	1397.8657	1397.8430	755.5124	755.4012	755.2652	755.1282	754.9962	880.5452	880.5452	880.5452	880.5452	880.5452	1108.6206	1114.1736	1114.1736	1114.1736	1114.1736	1095.1849	1095.1849	1095.1849	1095.1849	1095.1849	1095.1849	1095.1849	1095.1849	1095.1849	1095.1849	1095.1849	1095.1849
38.3522	23.1274	23.0522	22.9600	22.8898	1236.5070	1203.4526	1203.5412	1203.6515	1203.7484	1203.7894	698.4112	698.3331	698.2218	698.0859	697.9489	774.1795	774.1795	774.1795	774.1795	774.1795	956.6301	959.4652	959.4652	959.4652	959.4652	967.3478	967.3478	967.3478	967.3478	967.3478	967.3478	967.3478	967.3478	967.3478	967.3478	967.3478	967.3478
28.1569	22.1015	22.0689	21.9937	21.9015	1098.0269	1032.1362	1032.1724	1032.2610	1032.3713	1032.4682	639.4980	639.4754	639.3972	639.2860	639.1501	673.2682	673.2682	673.2682	673.2682	673.2682	825.6893	826.4691	826.4691	826.4691	826.4691	852.4195	852.4195	852.4195	852.4195	852.4195	852.4195	852.4195	852.4195	852.4195	852.4195	852.4195	852.4195
18.0711	20.2211	20.2174	20.1848	20.1096	985.2273	899.2816	899.2646	899.3007	899.3894	899.4997	578.8128	578.8538	578.8312	578.7530	578.6418	606.3146	606.3146	606.3146	606.3146	606.3146	728.5100	728.3033	728.3033	728.3033	728.3033	749.1485	749.1485	749.1485	749.1485	749.1485	749.1485	749.1485	749.1485	749.1485	749.1485	749.1485	749.1485
8.1259	11.2815	11.2971	11.2934	11.2608	886.6400	804.8247	804.7545	804.7374	804.7736	804.8622	522.5416	522.6385	522.6795	522.6569	522.5787	588.5456	588.5456	588.5456	588.5456	588.5456	669.1364	668.8361	668.8361	668.8361	668.8361	656.4034	656.4034	656.4034	656.4034	656.4034	656.4034	656.4034	656.4034	656.4034	656.4034	656.4034	656.4034
-1.2725	-6.8227	-6.8123	-6.7968	-6.8004	792.9564	743.9066	743.8144	743.7442	743.7271	743.7632	472.2171	472.3274	472.4243	472.4653	472.4426	613.2841	613.2841	613.2841	613.2841	613.2841	633.3679	632.7464	632.7464	632.7464	632.7464	573.1612	573.1612	573.1612	573.1612	573.1612	573.1612	573.1612	573.1612	573.1612	573.1612	573.1612	573.1612
-10.4567	-30.9762	-31.0029	-30.9926	-30.9771	697.9194	697.7772	697.7020	697.6098	697.5395	697.5224	427.0619	427.1506	427.2608	427.3577	427.3988	661.9093	661.9093	661.9093	661.9093	661.9093	609.0401	608.0912	608.0912	608.0912	608.0912	498.4974	498.4974	498.4974	498.4974	498.4974	498.4974	498.4974	498.4974	498.4974	498.4974	498.4974	498.4974
-20.1364	-59.3704	-59.4503	-59.4770	-59.4667	598.8714	660.4711	660.4384	660.3633	660.2711	660.2008	389.2188	389.2549	389.3436	389.4539	389.5508	728.2929	728.2929	728.2929	728.2929	728.2929	602.4926	602.5839	602.5839	602.5839	602.5839	431.5761	431.5761	431.5761	431.5761	431.5761	431.5761	431.5761	431.5761	431.5761	431.5761	431.5761	431.5761
-30.5626	-84.6562	-84.7726	-84.8525	-84.8792	498.5637	608.4991	608.4955	608.4628	608.3876	608.2954	354.3949	354.3779	354.4140	354.5027	354.6130	791.3489	791.3489	791.3489	791.3489	791.3489	602.2163	605.0970	605.0970	605.0970	605.0970	371.6417	371.6417	371.6417	371.6417	371.6417	371.6417	371.6417	371.6417	371.6417	371.6417	371.6417	371.6417
-41.1647	-99.4411	-99.5750	-99.6914	-99.7713	407.7103	525.8870	525.9025	525.8989	525.8662	525.7911	313.7795	313.7093	313.6922	313.7284	313.8170	840.3370	840.3370	840.3370	840.3370	840.3370	596.1372	602.8802	602.8802	602.8802	602.8802	318.0113	318.0113	318.0113	318.0113	318.0113	318.0113	318.0113	318.0113	318.0113	318.0113	318.0113	318.0113
-51.7083	-99.0905	-99.2207	-99.3546	-99.4711	336.5625	408.6332	408.6435	408.6590	408.6554	408.6228	263.9533	263.8611	263.7909	263.7738	263.8100	856.9461	856.9461	856.9461	856.9461	856.9461	569.3556	580.7546	580.7546	580.7546	580.7546	270.0675	270.0675	270.0675	270.0675	270.0675	270.0675	270.0675	270.0675	270.0675	270.0675	270.0675	270.0675
-60.8695	-86.6806	-86.7870	-86.9172	-87.0511	288.1475	279.3160	279.2893	279.2997	279.3152	279.3115	210.3833	210.3081	210.2159	210.1457	210.1286	851.8077	851.8077	851.8077	851.8077	851.8077	532.3385	547.5905	547.5905	547.5905	547.5905	227.2526	227.2526	227.2526	227.2526	227.2526	227.2526	227.2526	227.2526	227.2526	227.2526	227.2526	227.2526
-67.2336	-68.2665	-68.3432	-68.4497	-68.5799	257.7550	154.0297	153.9498	153.9231	153.9334	153.9490	149.9550	149.9224	149.8472	149.7550	149.6848	855.2176	855.2176	855.2176	855.2176	855.2176	510.4352	527.0417	527.0417	527.0417	527.0417	189.0623	189.0623	189.0623	189.0623	189.0623	189.0623	189.0623	189.0623	189.0623	189.0623	189.0623	189.0623
-69.9204	-50.0657	-50.0919	-50.1687	-50.2751	241.5066	65.0374	64.9210	64.8411	64.8144	64.8247	99.9394	99.9358	99.9031	99.8279	99.7357	878.8549	878.8549	878.8549	878.8549	878.8549	515.5260	529.9953	529.9953	529.9953	529.9953	155.0408	155.0408	155.0408	155.0408	155.0408	155.0408	155.0408	155.0408	155.0408	155.0408	155.0408	155.0408
-69.6482	-34.0335	-34.0335	-34.0597	-34.1365	234.6044	29.9382	29.8042	29.6878	29.6079	29.5812	83.5414	83.5569	83.5533	83.5206	83.4454	906.3003	906.3003	906.3003	906.3003	906.3003	535.9148	545.7521	545.7521	545.7521	545.7521	124.7766	124.7766	124.7766	124.7766	124.7766	124.7766	124.7766	124.7766	124.7766	124.7766	124.7766	124.7766
-68.5442	-25.2587	-25.2587	-25.2587	-25.2849	226.3709	56.2449	56.1147	55.9807	55.8643	55.7844	112.6902	112.7006	112.7161	112.7124	112.6798	932.5715	932.5715	932.5715	932.5715	932.5715	565.9804	570.3338	570.3338	570.3338	570.3338	97.8975	97.8975	97.8975	97.8975	97.8975	97.8975	97.8975	97.8975	97.8975	97.8975	97.8975	97.8975
-67.2025	-22.6475	-22.6475	-22.6475	-22.6475	214.2651	122.2168	122.1104	121.9802	121.8462	121.7298	172.7411	172.7144	172.7248	172.7403	172.7366	946.2519	946.2519	946.2519	946.2519	946.2519	590.4269	590.0881	590.0881	590.0881	590.0881	74.0673	74.0673	74.0673	74.0673	74.0673	74.0673	74.0673	74.0673	74.0673	74.0673	74.0673	74.0673
-64.3087	-18.9292	-18.9292	-18.9292	-18.9292	206.2759	199.8525	199.7757	199.6693	199.5391	199.4052	252.1620	252.0821	252.0554	252.0658	252.0813	934.1478	934.1478	934.1478	934.1478	934.1478	592.5483	588.6927	588.6927	588.6927	588.6927	52.9823	52.9823	52.9823	52.9823	52.9823	52.9823	52.9823	52.9823	52.9823	52.9823	52.9823	52.9823
-59.8376	-13.0100	-13.0100	-13.0100	-13.0100	202.1292	263.1607	263.1345	263.0577	262.9513	262.8211	317.7868	317.6704	317.5905	317.5638	317.5741	893.6338	893.6338	893.6338	893.6338	893.6338	565.5918	560.1097	560.1097	560.1097	560.1097	34.3682	34.3682	34.3682	34.3682	34.3682	34.3682	34.3682	34.3682	34.3682	34.3682	34.3682	34.3682
-54.4277	-10.2723	-10.2723	-10.2723	-10.2723	196.0785	311.6122	311.6122	311.5860	311.5092	311.4028	340.5114	340.3774	340.2610	340.1811	340.1544	839.2706	839.2706	839.2706	839.2706	839.2706	523.0376	517.3729	517.3729	517.3729	517.3729	17.9772	17.9772	17.9772	17.9772	17.9772	17.9772	17.9772	17.9772	17.9772	17.9772	17.9772	17.9772
-47.5171	-10.8605	-10.8605	-10.8605	-10.8605	189.8779	339.9128	339.9128	339.9128	339.8866	339.8098	300.2006	300.0704	299.9364	299.8200	299.7401	794.5579	794.5579	794.5579	794.5579	794.5579	487.6010	482.1048	482.1048	482.1048	482.1048	3.5853	3.5853	3.5853	3.5853	3.5853	3.5853	3.5853	3.5853	3.5853	3.5853	3.5853	3.5853
-41.0611	-15.0711	-15.0711	-15.0711	-15.0711	181.6395	352.0954	352.0954	352.0954	352.0954	352.0692	214.8176	214.7112	214.5810	214.4471	214.3306	758.4397	758.4397	758.4397	758.4397	758.4397	459.1487	453.5579	453.5579	453.5579	453.5579	-9.0096	-9.0096	-9.0096	-9.0096	-9.0096	-9.0096	-9.0096	-9.0096	-9.0096	-9.0096	-9.0096	-9.0096
-38.0788	-25.7484	-25.7484	-25.7484	-25.7484	164.2575	362.0891	362.0891	362.0891	362.0891	362.0891	109.2734	109.1966	109.0902	108.9600	108.8261	708.2086	708.2086	708.2086	708.2086	708.2086	419.7472	414.1990	414.1990	414.1990	414.1990	-19.9900	-19.9900	-19.9900	-19.9900	-19.9900	-19.9900	-19.9900	-19.9900	-19.9900	-19.9900	-19.9900	-19.9900
-39.9914	-40.1532	-40.1374	-40.1374	-40.1374	138.7190	369.2518	369.2518	369.2518	369.2518	369.2518	19.1688	19.1426	19.0658	18.9594	18.8292	635.8463	635.8463	635.8463	635.8463	635.8463	359.2772	353.7967	353.7967	353.7967	353.7967	-29.5208	-29.5208	-29.5208	-29.5208	-29.5208	-29.5208	-29.5208	-29.5208	-29.5208	-29.5208	-29.5208	-29.5208
-45.2216	-51.6520	-51.6352	-51.6194	-51.6194	112.9251	356.3209	356.3209	356.3209	356.3209	356.3209	-37.0213	-37.0213	-37.0475	-37.1243	-37.2307	548.5405	548.5405	548.5405	548.5405	548.5405	276.9538	271.6326	271.6326	271.6326	271.6326	-37.7508	-37.7508	-37.7508	-37.7508	-37.7508	-37.7508	-37.7508	-37.7508	-37.7508	-37.7508	-37.7508	-37.7508
-51.8469	-55.5656	-55.5518	-55.5350	-55.5193	94.4231	321.2310	321.2310	321.2310	321.2310	321.2310	-41.3963	-41.3963	-41.3963	-41.4225	-41.4993	448.9447	448.9447	448.9447	448.9447	448.9447	172.9354	167.7425	167.7425	167.7425	167.7425	-44.8143	-44.8143	-44.8143	-44.8143	-44.8143	-44.8143	-44.8143	-44.8143	-44.8143	-44.8143	-44.8143	-44.8143
-56.8291	-51.6835	-51.6716	-51.6578	-51.6410	85.2332	271.9199	271.9199	271.9199	271.9199	271.9199	-8.2124	-8.2124	-8.2124	-8.2124	-8.2386	352.0680	352.0680	352.0680	352.0680	352.0680	65.7170	60.9381	60.9381	60.9381	60.9381	-50.8325	-50.8325	-50.8325	-50.8325	-50.8325	-50.8325	-50.8325	-50.8325	-50.8325	-50.8325	-50.8325	-50.8325
-58.3340	-40.3616	-40.3504	-40.3386	-40.3737	84.1914	212.1609	212.1609	212.1609	212.1609	212.1609	37.9497	37.9497	37.9497	37.9497	37.9497	275.8587	275.8587	275.8587	275.8587	275.8587	-24.5034	-28.1223	-28.1223	-28.1223	-28.1223	-55.9148	-55.9148	-55.9148	-55.9148	-55.9148	-55.9148	-55.9148	-55.9148	-55.9148	-55.9148	-55.9148	-55.9148
-54.8953	-26.6825	-26.6729	-26.6616	-26.7197	86.7795	156.9510	156.9668	156.9668	156.9668	156.9668	72.3687	72.3687	72.3687	72.3687	72.3687	229.4936	229.4936	229.4936	229.4936	229.4936	-80.3844	-81.9006	-81.9006	-81.9006	-81.9006	-60.1599	-60.1599	-60.1599	-60.1599	-60.1599	-60.1599	-60.1599	-60.1599	-60.1599	-60.1599	-60.1599	-60.1599
-47.8986	-17.5930	-17.5856	-17.5760	-17.6143	85.8694	120.0651	120.0819	120.0977	120.0977	120.0977	91.1466	91.1466	91.1466	91.1466	91.1466	202.7957	202.7957	202.7957	202.7957	202.7957	-104.1454	-102.9813	-102.9813	-102.9813	-102.9813	-63.6569	-63.6569	-63.6569	-63.6569	-63.6569	-63.6569	-63.6569	-63.6569	-63.6569	-63.6569	-63.6569	-63.6569
-39.8955	-19.2482	-19.2466	-19.2393	-19.2486	74.6958	109.2527	109.2666	109.2834	109.2991	109.2991	84.5800	84.5800	84.5800	84.5800	84.5800	175.8541	175.8541	175.8541	175.8541	175.8541	-110.6535	-106.3807	-106.3807	-106.3807	-106.3807	-66.4860	-66.4860	-66.4860	-66.4860	-66.4860	-66.4860	-66.4860	-66.4860	-66.4860	-66.4860	-66.4860	-66.4860
-33.0069	-29.4882	-29.5177	-29.5161	-29.5092	55.0775	116.4570	116.4688	116.4826	116.4994	116.5152	60.8826	60.8826	60.8826	60.8826	60.8826	145.8859	145.8859	145.8859	145.8859	145.8859	-106.5708	-99.6191	-99.6191	-99.6191	-99.6191	-68.7195	-68.7195	-68.7195	-68.7195	-68.7195	-68.7195	-68.7195	-68.7195	-68.7195	-68.7195	-68.7195	-68.7195
-27.1768	-45.9031	-45.9232	-45.9527	-45.9398	29.7692	140.3519	140.3631	140.3749	140.3888	140.4056	32.0373	32.0373	32.0373	32.0373	32.0373	130.3376	130.3376	130.3376	130.3376	130.3376	-82.7707	-74.4852	-74.4852	-74.4852	-74.4852	-70.4228	-70.4228	-70.4228	-70.4228	-70.4228	-70.4228	-70.4228	-70.4228	-70.4228	-70.4228	-70.4228	-70.4228
-23.2185	-59.1288	-59.1606	-59.1806	-59.2007	8.1056	158.7359	158.7456	158.7568	158.7687	158.7825	13.4846	13.5004	13.5004	13.5004	13.5004	131.8293	131.8293	131.8293	131.8293	131.8293	-42.9004	-35.1634	-35.1634	-35.1634	-35.1634	-71.6547	-71.6547	-71.6547	-71.6547	-71.6547	-71.6547	-71.6547	-71.6547	-71.6547	-71.6547	-71.6547	-71.6547
-20.7260	-59.1387	-59.1454	-59.1772	-59.1987	0.2525	147.5547	147.5621	147.5717	147.5830	147.5948	10.4212	10.4380	10.4538	10.4538	10.4538	143.3276	143.3276	143.3276	143.3276	143.3276	6.1910	12.0271	12.0271	12.0271	12.0271	-72.4681	-72.4681	-72.4681	-72.4681	-72.4681	-72.4681	-72.4681	-72.4681	-72.4681	-72.4681	-72.4681	-72.4681
-18.3131	-38.6961	-38.6961	-38.7029	-38.7488	13.1720	92.5967	92.5982	92.6056	92.6152	92.6265	29.0541	29.0679	29.0847	29.1005	29.1005	162.7437	162.7437	162.7437	162.7437	162.7437	59.0855	62.4856	62.4856	62.4856	62.4856	-72.9106	-72.9106	-72.9106	-72.9106	-72.9106	-72.9106	-72.9106	-72.9106	-72.9106	-72.9106	-72.9106	-72.9106
-15.6906	-4.2392	-4.2392	-4.2392	-4.2653	40.8362	10.8864	10.8569	10.8584	10.8658	10.8755	61.5845	61.5963	61.6102	61.6270	61.6427	180.4735	180.4735	180.4735	180.4735	180.4735	105.8314	107.1824	107.1824	107.1824	107.1824	-73.0254	-73.0254	-73.0254	-73.0254	-73.0254	-73.0254	-73.0254	-73.0254	-73.0254	-73.0254	-73.0254	-73.0254
-13.9427	35.8447	35.8447	35.8447	35.8314	75.6987	-91.2822	-91.3023	-91.3318	-91.3302	-91.3229	101.5847	101.5960	101.6078	101.6216	101.6385	182.2399	182.2399	182.2399	182.2399	182.2399	134.9377	134.9351	134.9351	134.9351	134.9351	-72.8509	-72.8509	-72.8509	-72.8509	-72.8509	-72.8509	-72.8509	-72.8509	-72.8509	-72.8509	-72.8509	-72.8509
-13.2326	67.8367	67.8367	67.8367	67.8446	104.3491	-169.6616	-169.6933	-169.7134	-169.7429	-169.7413	132.2102	132.2199	132.2312	132.2430	132.2568	165.8353	165.8353	165.8353	165.8353	165.8353	144.1788	143.9339	143.9339	143.9339	143.9339	-72.4221	-72.4221	-72.4221	-72.4221	-72.4221	-72.4221	-72.4221	-72.4221	-72.4221	-72.4221	-72.4221	-72.4221
-13.2193	82.8378	82.8378	82.8378	82.8768	117.4197	-176.9821	-176.9821	-176.9821	-176.9821	-176.9821	139.3426	139.3426	139.3426	139.3426	139.3426	145.4838	145.4838	145.4838	145.4838	145.4838	144.9643	145.2728	145.2728	145.2728	145.2728	-71.7701	-71.7701	-71.7701	-71.7701	-71.7701	-71.7701	-71.7701	-71.7701	-71.7701	-71.7701	-71.7701	-71.7701
-9.9894	77.5942	77.5942	77.5942	77.6661	110.8931	-85.1133	-85.1133	-85.1133	-85.1133	-85.1133	117.5677	117.5677	117.5677	117.5677	117.5677	135.1374	135.1374	135.1374	135.1374	135.1374	152.7772	152.0861	152.0861	152.0861	152.0861	-70.9230	-70.9230	-70.9230	-70.9230	-70.9230	-70.9230	-70.9230	-70.9230	-70.9230	-70.9230	-70.9230	-70.9230
-10.7003	51.6284	51.6284	51.6284	51.7276	83.6214	71.9393	71.9393	71.9393	71.9393	71.9393	68.5879	68.5879	68.5879	68.5879	68.5879	138.8416	138.8416	138.8416	138.8416	138.8416	167.6215	168.6101	168.6101	168.6101	168.6101	-69.9061	-69.9061	-69.9061	-69.9061	-69.9061	-69.9061	-69.9061	-69.9061	-69.9061	-69.9061	-69.9061	-69.9061
43.1268	22.8522	22.8522	22.8522	22.9684	53.0791	245.0085	245.0085	245.0085	245.0085	245.0085	13.0528	13.0528	13.0528	13.0528	13.0528	154.1760	154.1760	154.1760	154.1760	154.1760	191.6007	192.9582	192.9582	192.9582	192.9582	-68.7420	-68.7420	-68.7420	-68.7420	-68.7420	-68.7420	-68.7420	-68.7420	-68.7420	-68.7420	-68.7420	-68.7420
37.1510	42.5158	-3.4989	-3.4989	-3.3776	24.3310	390.1250	390.1250	390.1250	390.1250	390.1250	-34.5052	-34.5052	-34.5052	-34.5052	-34.5052	175.5794	175.5794	175.5794	175.5794	175.5794	222.3899	219.9819	219.9819	219.9819	219.9819	-67.4511	-67.4511	-67.4511	-67.4511	-67.4511	-67.4511	-67.4511	-67.4511	-67.4511	-67.4511	-67.4511	-67.4511
33.0694	22.3004	22.3004	-19.1675	-19.0521	5.7133	479.5516	479.5516	479.5516	479.5516	479.5516	-65.2813	-65.2813	-65.2813	-65.2813	-65.2813	195.9447	195.9447	195.9447	195.9447	195.9447	286.9004	242.7047	242.7047	242.7047	242.7047	-66.0516	-66.0516	-66.0516	-66.0516	-66.0516	-66.0516	-66.0516	-66.0516	-66.0516	-66.0516	-66.0516	-66.0516
31.5688	15.9237	15.9237	15.9237	-21.5891	-0.1477	501.2906	504.7046	504.7046	504.7046	504.7046	-76.7953	-76.7953	-76.7953	-76.7953	-76.7953	209.5434	209.5434	209.5434	209.5434	209.5434	357.7699	255.2054	255.2054	255.2054	255.2054	-64.5597	-64.5597	-64.5597	-64.5597	-64.5597	-64.5597	-64.5597	-64.5597	-64.5597	-64.5597	-64.5597	-64.5597
27.8425	16.5585	16.5585	16.5585	16.6376	-9.9225	469.4180	472.5186	472.5186	472.5186	472.5186	-71.7543	-71.7543	-71.7543	-71.7543	-71.7543	212.3758	212.3758	212.3758	212.3758	212.3758	426.1538	252.9894	252.9894	252.9894	252.9894	-62.9902	-62.9902	-62.9902	-62.9902	-62.9902	-62.9902	-62.9902	-62.9902	-62.9902	-62.9902	-62.9902	-62.9902
24.7190	22.5423	22.5423	22.5423	22.5961	28.0857	394.9246	397.6779	397.6779	397.6779	397.6779	-55.2682	-55.2682	-55.2682	-55.2682	-55.2682	201.0185	201.0185	201.0185	201.0185	201.0185	483.3734	232.0374	232.0374	232.0374	232.0374	-61.3561	-61.3561	-61.3561	-61.3561	-61.3561	-61.3561	-61.3561	-61.3561	-61.3561	-61.3561	-61.3561	-61.3561
20.0895	26.8232	26.8232	26.8232	26.8503	30.5545	295.3495	297.6360	297.6360	297.6360	297.6360	-33.5397	-33.5397	-33.5397	-33.5397	-33.5397	172.8084	172.8084	172.8084	172.8084	172.8084	521.7592	189.0299	189.0299	189.0299	189.0299	-59.6691	-59.6691	-59.6691	-59.6691	-59.6691	-59.6691	-59.6691	-59.6691	-59.6691	-59.6691	-59.6691	-59.6691
13.0277	23.2549	23.2549	23.2549	23.2565	24.9986	189.3900	191.0048	191.0048	191.0048	191.0048	-13.1566	-13.1566	-13.1566	-13.1566	-13.1566	125.2494	125.2494	125.2494	125.2494	125.2494	533.7888	120.7941	120.7941	120.7941	120.7941	-57.9395	-57.9395	-57.9395	-57.9395	-57.9395	-57.9395	-57.9395	-57.9395	-57.9395	-57.9395	-57.9395	-57.9395
38.6884	41.6746	41.6746	41.6746	41.7619	50.5741	124.6295	129.0193	129.0193	129.0193	129.0193	-1.9744	-1.9744	-1.9744	-1.9744	-1.9744	3.3639	3.3639	3.3639	3.3639	3.3639	-16.8830	-28.3038	-28.3038	-28.3038	-28.3038	0.0000	0.0000	0.0000	0.0000	0.0000	0.0000	0.0000	0.0000	0.0000	0.0000	0.0000	0.0000
RR HIV after migration (cf before): 1995, 2000, 2010
1.000000	1.000000	1.000000
1.000000	1.000000	1.000000
1.000000	1.000000	1.000000
1.000000	1.000000	1.000000
1.000000	1.000000	1.000000
1.000000	1.000000	1.000000
1.000000	1.000000	1.000000
1.000000	1.000000	1.000000
1.000000	1.000000	1.000000
1.000000	1.000000	1.000000
1.000000	1.000000	1.000000
1.000000	1.000000	1.000000
1.000000	1.000000	1.000000
1.000000	1.000000	1.000000
1.000000	1.000000	1.000000
1.000000	1.000000	1.000000
1.000000	1.000000	1.000000
1.000000	1.000000	1.000000
1.000000	1.000000	1.000000
1.000000	1.000000	1.000000
1.000000	1.000000	1.000000
1.000000	1.000000	1.000000
1.000000	1.000000	1.000000
1.000000	1.000000	1.000000
1.000000	1.000000	1.000000
1.000000	1.000000	1.000000
1.000000	1.000000	1.000000
1.000000	1.000000	1.000000
1.000000	1.000000	1.000000
1.000000	1.000000	1.000000
1.000000	1.000000	1.000000
1.000000	1.000000	1.000000
1.000000	1.000000	1.000000
1.000000	1.000000	1.000000
1.000000	1.000000	1.000000
1.000000	1.000000	1.000000
1.000000	1.000000	1.000000
1.000000	1.000000	1.000000
1.000000	1.000000	1.000000
1.000000	1.000000	1.000000
1.000000	1.000000	1.000000
1.000000	1.000000	1.000000
1.000000	1.000000	1.000000
1.000000	1.000000	1.000000
1.000000	1.000000	1.000000
1.000000	1.000000	1.000000
1.000000	1.000000	1.000000
1.000000	1.000000	1.000000
1.000000	1.000000	1.000000
1.000000	1.000000	1.000000
1.000000	1.000000	1.000000
1.000000	1.000000	1.000000
1.000000	1.000000	1.000000
1.000000	1.000000	1.000000
1.000000	1.000000	1.000000
1.000000	1.000000	1.000000
1.000000	1.000000	1.000000
1.000000	1.000000	1.000000
1.000000	1.000000	1.000000
1.000000	1.000000	1.000000
1.000000	1.000000	1.000000
1.000000	1.000000	1.000000
1.000000	1.000000	1.000000
1.000000	1.000000	1.000000
1.000000	1.000000	1.000000
1.000000	1.000000	1.000000
1.000000	1.000000	1.000000
1.000000	1.000000	1.000000
1.000000	1.000000	1.000000
1.000000	1.000000	1.000000
1.000000	1.000000	1.000000
1.000000	1.000000	1.000000
1.000000	1.000000	1.000000
1.000000	1.000000	1.000000
1.000000	1.000000	1.000000
1.000000	1.000000	1.000000
1.000000	1.000000	1.000000
1.000000	1.000000	1.000000
1.000000	1.000000	1.000000
1.000000	1.000000	1.000000
1.000000	1.000000	1.000000
1.000000	1.000000	1.000000
1.000000	1.000000	1.000000
1.000000	1.000000	1.000000
1.000000	1.000000	1.000000
1.000000	1.000000	1.000000
1.000000	1.000000	1.000000
1.000000	1.000000	1.000000
1.000000	1.000000	1.000000
1.000000	1.000000	1.000000
1.000000	1.000000	1.000000


