Male migration
-102.5561	-318.1903	-609.6044	-951.8178	-1128.1430	-1269.8391	-1703.8577	-1887.0414	-1911.7224	-4099.3640	-7368.4736	-2808.3134	-2808.3134	-2808.3134	-2808.3134	-2808.3134	880.7038	880.7038	880.7038	880.7038	880.7038	3638.8967	876.6262	876.6262	876.6262	876.6262	4.5044	4.5044	4.5044	4.5044	4.5044	4.5044	4.5044	4.5044	4.5044	4.5044	4.5044	4.5044
22.5850	-96.6511	-312.2854	-603.6995	-945.9128	-1122.2381	-1242.7458	-1698.7305	-1881.9142	-1906.5952	-4094.2368	111.8943	-1014.5556	-1014.5556	-1014.5556	-1014.5556	358.7782	358.7782	358.7782	358.7782	358.7782	3088.8023	233.9590	233.9590	233.9590	233.9590	4.4340	4.4340	4.4340	4.4340	4.4340	4.4340	4.4340	4.4340	4.4340	4.4340	4.4340	4.4340
28.2433	28.2431	-90.9930	-306.6272	-598.0413	-940.2547	-1095.6255	-1237.3216	-1693.3063	-1876.4900	-1901.1710	1634.7776	1888.3101	780.7424	780.7424	780.7424	-163.1474	-163.1474	-163.1474	-163.1474	-163.1474	2552.3347	-408.7081	-408.7081	-408.7081	-408.7081	4.3645	4.3645	4.3645	4.3645	4.3645	4.3645	4.3645	4.3645	4.3645	4.3645	4.3645	4.3645
33.5075	33.5075	33.5074	-85.7288	-301.3630	-592.7771	-914.0922	-1090.4174	-1232.1135	-1688.0982	-1871.2819	831.4483	1575.0563	1828.5889	737.5322	737.5322	109.2241	109.2241	109.2241	109.2241	109.2241	2856.3158	-215.4978	-215.4978	-215.4978	-215.4978	4.2959	4.2959	4.2959	4.2959	4.2959	4.2959	4.2959	4.2959	4.2959	4.2959	4.2959	4.2959
38.2305	38.2305	38.2305	38.2304	-81.0057	-296.6400	-567.4000	-909.6133	-1085.9386	-1227.6347	-1683.6194	1060.6673	806.3074	1549.9154	1803.4479	726.5315	268.5617	268.5617	268.5617	268.5617	268.5617	3069.3338	-108.7665	-108.7665	-108.7665	-108.7665	4.2282	4.2282	4.2282	4.2282	4.2282	4.2282	4.2282	4.2282	4.2282	4.2282	4.2282	4.2282
42.2588	42.2588	42.2588	42.2588	42.2587	-76.9774	-272.7947	-564.2088	-906.4221	-1082.7474	-1224.4435	1264.2112	1053.4239	799.0640	1542.6720	1796.2045	339.6025	339.6025	339.6025	339.6025	339.6025	3200.8114	-69.5795	-69.5795	-69.5795	-69.5795	4.1615	4.1615	4.1615	4.1615	4.1615	4.1615	4.1615	4.1615	4.1615	4.1615	4.1615	4.1615
45.4451	45.4451	45.4451	45.4451	45.4451	45.4450	-55.7700	-271.4042	-562.8183	-905.0316	-1081.3569	1181.9022	1258.0557	1047.2684	792.9086	1536.5166	347.0837	347.0837	347.0837	347.0837	347.0837	3260.6279	-79.0023	-79.0023	-79.0023	-79.0023	4.0957	4.0957	4.0957	4.0957	4.0957	4.0957	4.0957	4.0957	4.0957	4.0957	4.0957	4.0957
47.6613	47.6613	47.6613	47.6613	47.6613	47.6613	62.6783	-56.5578	-272.1921	-563.6061	-905.8195	1250.2721	1158.7465	1234.9000	1024.1127	769.7528	316.8642	316.8642	316.8642	316.8642	316.8642	3260.8607	-117.2707	-117.2707	-117.2707	-117.2707	4.0308	4.0308	4.0308	4.0308	4.0308	4.0308	4.0308	4.0308	4.0308	4.0308	4.0308	4.0308
48.8107	48.8107	48.8107	48.8107	48.8107	48.8107	59.5606	59.5604	-59.6757	-275.3099	-566.7240	1370.1315	1192.9266	1101.4009	1177.5544	966.7671	273.6811	273.6811	273.6811	273.6811	273.6811	3215.0390	-165.4501	-165.4501	-165.4501	-165.4501	3.9667	3.9667	3.9667	3.9667	3.9667	3.9667	3.9667	3.9667	3.9667	3.9667	3.9667	3.9667
48.8918	48.8918	48.8918	48.8918	48.8918	48.8918	54.6388	54.6388	54.6387	-64.5975	-280.2317	1205.6356	1264.4055	1087.2005	995.6749	1071.8284	238.9062	238.9062	238.9062	238.9062	238.9062	3141.0477	-207.0943	-207.0943	-207.0943	-207.0943	3.9035	3.9035	3.9035	3.9035	3.9035	3.9035	3.9035	3.9035	3.9035	3.9035	3.9035	3.9035
48.0041	48.0041	48.0041	48.0041	48.0041	48.0041	49.1621	49.1621	49.1621	49.1620	-70.0741	1013.2689	1042.8334	1101.6033	924.3984	832.8728	228.3028	228.3028	228.3028	228.3028	228.3028	3059.9240	-229.9049	-229.9049	-229.9049	-229.9049	3.8412	3.8412	3.8412	3.8412	3.8412	3.8412	3.8412	3.8412	3.8412	3.8412	3.8412	3.8412
46.3361	46.3361	46.3361	46.3361	46.3361	46.3361	45.0122	45.0122	45.0122	45.0122	45.0122	906.4095	801.1927	830.7572	889.5271	712.3222	240.8076	240.8076	240.8076	240.8076	240.8076	2986.6502	-234.0263	-234.0263	-234.0263	-234.0263	3.7798	3.7798	3.7798	3.7798	3.7798	3.7798	3.7798	3.7798	3.7798	3.7798	3.7798	3.7798
44.1138	44.1138	44.1138	44.1138	44.1138	44.1138	44.3417	44.3417	44.3417	44.3417	44.3417	205.0206	670.5886	565.3717	594.9363	653.7062	257.4097	257.4097	257.4097	257.4097	257.4097	2925.6740	-232.8751	-232.8751	-232.8751	-232.8751	3.7191	3.7191	3.7191	3.7191	3.7191	3.7191	3.7191	3.7191	3.7191	3.7191	3.7191	3.7191
41.4561	41.4561	41.4561	41.4561	41.4561	41.4561	48.5353	48.5353	48.5353	48.5353	48.5353	-13.2206	-13.2206	452.3474	347.1305	376.6950	243.3933	243.3933	243.3933	243.3933	243.3933	2862.0731	-251.4814	-251.4814	-251.4814	-251.4814	3.6593	3.6593	3.6593	3.6593	3.6593	3.6593	3.6593	3.6593	3.6593	3.6593	3.6593	3.6593
38.1650	38.1650	38.1650	38.1650	38.1650	38.1650	56.7183	56.7183	56.7183	56.7183	56.7183	-165.5795	-165.5795	-165.5795	299.9884	194.7715	157.3124	157.3124	157.3124	157.3124	157.3124	2753.1347	-319.8521	-319.8521	-319.8521	-319.8521	3.6003	3.6003	3.6003	3.6003	3.6003	3.6003	3.6003	3.6003	3.6003	3.6003	3.6003	3.6003
35.6699	35.6699	35.6699	35.6699	35.6699	35.6699	64.7402	64.7402	64.7402	64.7402	64.7402	-220.4088	-220.4088	-220.4088	-220.4088	245.1591	-23.2095	-23.2095	-23.2095	-23.2095	-23.2095	2584.9849	-453.8925	-453.8925	-453.8925	-453.8925	3.5421	3.5421	3.5421	3.5421	3.5421	3.5421	3.5421	3.5421	3.5421	3.5421	3.5421	3.5421
32.3246	32.3246	32.3246	32.3246	32.3246	32.3246	72.9690	72.9690	72.9690	72.9690	72.9690	-202.5854	-202.5854	-202.5854	-202.5854	-202.5854	-264.4612	-264.4612	-264.4612	-264.4612	-264.4612	2345.8457	-628.0319	-628.0319	-628.0319	-628.0319	3.4847	3.4847	3.4847	3.4847	3.4847	3.4847	3.4847	3.4847	3.4847	3.4847	3.4847	3.4847
24.8887	24.8887	24.8887	24.8887	24.8887	24.8887	85.8394	85.8394	85.8394	85.8394	85.8394	-162.3179	-162.3179	-162.3179	-162.3179	-162.3179	-534.1800	-534.1800	-534.1800	-534.1800	-534.1800	2009.1850	-822.9307	-822.9307	-822.9307	-822.9307	-128.8002	-128.8002	-128.8002	-128.8002	-128.8002	-128.8002	-128.8002	-128.8002	-128.8002	-128.8002	-128.8002	-128.8002
12.1199	12.1199	12.1199	12.1199	12.1199	12.1199	104.3970	104.3970	104.3970	104.3970	104.3970	-139.9804	-139.9804	-139.9804	-139.9804	-139.9804	-765.1221	-765.1221	-765.1221	-765.1221	-765.1221	1605.9632	-984.2076	-984.2076	-984.2076	-984.2076	-128.8649	-128.8649	-128.8649	-128.8649	-128.8649	-128.8649	-128.8649	-128.8649	-128.8649	-128.8649	-128.8649	-128.8649
-3.8355	-3.8355	-3.8355	-3.8355	-3.8355	-3.8355	126.2988	126.2988	126.2988	126.2988	126.2988	-134.6441	-134.6441	-134.6441	-134.6441	-134.6441	-905.1601	-905.1601	-905.1601	-905.1601	-905.1601	1215.6422	-1063.3085	-1063.3085	-1063.3085	-1063.3085	-128.9174	-128.9174	-128.9174	-128.9174	-128.9174	-128.9174	-128.9174	-128.9174	-128.9174	-128.9174	-128.9174	-128.9174
-21.5736	-21.5736	-21.5736	-21.5736	-21.5736	-21.5736	150.5544	150.5544	150.5544	150.5544	150.5544	-173.4765	-173.4765	-173.4765	-173.4765	-173.4765	-916.1393	-916.1393	-916.1393	-916.1393	-916.1393	912.9508	-1028.1276	-1028.1276	-1028.1276	-1028.1276	-128.9690	-128.9690	-128.9690	-128.9690	-128.9690	-128.9690	-128.9690	-128.9690	-128.9690	-128.9690	-128.9690	-128.9690
-36.4130	-36.4130	-36.4130	-36.4130	-36.4130	-36.4130	171.8102	171.8102	171.8102	171.8102	171.8102	-255.5019	-255.5019	-255.5019	-255.5019	-255.5019	-829.0617	-829.0617	-829.0617	-829.0617	-829.0617	722.4839	-907.2556	-907.2556	-907.2556	-907.2556	-129.0200	-129.0200	-129.0200	-129.0200	-129.0200	-129.0200	-129.0200	-129.0200	-129.0200	-129.0200	-129.0200	-129.0200
-43.9063	-43.9063	-43.9063	-43.9063	-43.9063	-43.9063	184.3140	184.3140	184.3140	184.3140	184.3140	-359.0130	-359.0130	-359.0130	-359.0130	-359.0130	-716.9736	-716.9736	-716.9736	-716.9736	-716.9736	607.2229	-762.6501	-762.6501	-762.6501	-762.6501	-129.0702	-129.0702	-129.0702	-129.0702	-129.0702	-129.0702	-129.0702	-129.0702	-129.0702	-129.0702	-129.0702	-129.0702
-41.2267	-41.2267	-41.2267	-41.2267	-41.2267	-41.2267	184.6573	184.6573	184.6573	184.6573	184.6573	-469.3914	-469.3914	-469.3914	-469.3914	-469.3914	-618.1326	-618.1326	-618.1326	-618.1326	-618.1326	556.4125	-632.0183	-632.0183	-632.0183	-632.0183	-129.1197	-129.1197	-129.1197	-129.1197	-129.1197	-129.1197	-129.1197	-129.1197	-129.1197	-129.1197	-129.1197	-129.1197
-30.9379	-30.9379	-30.9379	-30.9379	-30.9379	-30.9379	175.9536	175.9536	175.9536	175.9536	175.9536	-586.8763	-586.8763	-586.8763	-586.8763	-586.8763	-506.7038	-506.7038	-506.7038	-506.7038	-506.7038	569.1903	-500.4807	-500.4807	-500.4807	-500.4807	-128.9302	-128.9302	-128.9302	-128.9302	-128.9302	-128.9302	-128.9302	-128.9302	-128.9302	-128.9302	-128.9302	-128.9302
-18.2183	-18.2183	-18.2183	-18.2183	-18.2183	-18.2183	163.5682	163.5682	163.5682	163.5682	163.5682	-685.1902	-685.1902	-685.1902	-685.1902	-685.1902	-391.5710	-391.5710	-391.5710	-391.5710	-391.5710	585.3732	-379.4404	-379.4404	-379.4404	-379.4404	-39.0030	-39.0030	-39.0030	-39.0030	-39.0030	-39.0030	-39.0030	-39.0030	-39.0030	-39.0030	-39.0030	-39.0030
-6.7129	-6.7129	-6.7129	-6.7129	-6.7129	-6.7129	152.6312	152.6312	152.6312	152.6312	152.6312	-745.0863	-745.0863	-745.0863	-745.0863	-745.0863	-277.5147	-277.5147	-277.5147	-277.5147	-277.5147	588.9893	-270.1553	-270.1553	-270.1553	-270.1553	943.0914	943.0914	943.0914	943.0914	943.0914	943.0914	943.0914	943.0914	943.0914	943.0914	943.0914	943.0914
4.2424	4.2424	4.2424	4.2424	4.2424	4.2424	144.0056	144.0056	144.0056	144.0056	144.0056	-754.3484	-754.3484	-754.3484	-754.3484	-754.3484	-150.8750	-150.8750	-150.8750	-150.8750	-150.8750	633.6860	-151.1759	-151.1759	-151.1759	-151.1759	2470.4319	2470.4319	2470.4319	2470.4319	2470.4319	2470.4319	2470.4319	2470.4319	2470.4319	2470.4319	2470.4319	2470.4319
13.3906	13.3906	13.3906	13.3906	13.3906	13.3906	139.7977	139.7977	139.7977	139.7977	139.7977	-709.9112	-709.9112	-709.9112	-709.9112	-709.9112	-28.4046	-28.4046	-28.4046	-28.4046	-28.4046	708.7770	-35.5596	-35.5596	-35.5596	-35.5596	2907.1157	2907.1157	2907.1157	2907.1157	2907.1157	2907.1157	2907.1157	2907.1157	2907.1157	2907.1157	2907.1157	2907.1157
21.0218	21.0218	21.0218	21.0218	21.0218	21.0218	138.5541	138.5541	138.5541	138.5541	138.5541	-617.5198	-617.5198	-617.5198	-617.5198	-617.5198	52.8039	52.8039	52.8039	52.8039	52.8039	766.4406	37.0810	37.0810	37.0810	37.0810	2406.4980	2406.4980	2406.4980	2406.4980	2406.4980	2406.4980	2406.4980	2406.4980	2406.4980	2406.4980	2406.4980	2406.4980
28.9447	28.9447	28.9447	28.9447	28.9447	28.9447	137.7194	137.7194	137.7194	137.7194	137.7194	-493.5145	-493.5145	-493.5145	-493.5145	-493.5145	76.6174	76.6174	76.6174	76.6174	76.6174	786.2951	51.8296	51.8296	51.8296	51.8296	1685.9944	1685.9944	1685.9944	1685.9944	1685.9944	1685.9944	1685.9944	1685.9944	1685.9944	1685.9944	1685.9944	1685.9944
37.1623	37.1623	37.1623	37.1623	37.1623	37.1623	134.6406	134.6406	134.6406	134.6406	134.6406	-359.1531	-359.1531	-359.1531	-359.1531	-359.1531	56.1895	56.1895	56.1895	56.1895	56.1895	766.9942	23.7966	23.7966	23.7966	23.7966	1081.3792	1081.3792	1081.3792	1081.3792	1081.3792	1081.3792	1081.3792	1081.3792	1081.3792	1081.3792	1081.3792	1081.3792
43.6444	43.6444	43.6444	43.6444	43.6444	43.6444	128.8620	128.8620	128.8620	128.8620	128.8620	-240.6113	-240.6113	-240.6113	-240.6113	-240.6113	24.6440	24.6440	24.6440	24.6440	24.6440	720.2048	-19.1838	-19.1838	-19.1838	-19.1838	652.2657	652.2657	652.2657	652.2657	652.2657	652.2657	652.2657	652.2657	652.2657	652.2657	652.2657	652.2657
47.8226	47.8226	47.8226	47.8226	47.8226	47.8226	119.3999	119.3999	119.3999	119.3999	119.3999	-149.0984	-149.0984	-149.0984	-149.0984	-149.0984	-3.4767	-3.4767	-3.4767	-3.4767	-3.4767	657.8872	-54.5482	-54.5482	-54.5482	-54.5482	367.7125	367.7125	367.7125	367.7125	367.7125	367.7125	367.7125	367.7125	367.7125	367.7125	367.7125	367.7125
50.1067	50.1067	50.1067	50.1067	50.1067	50.1067	107.4488	107.4488	107.4488	107.4488	107.4488	-89.7456	-89.7456	-89.7456	-89.7456	-89.7456	-43.0175	-43.0175	-43.0175	-43.0175	-43.0175	587.5308	-81.8254	-81.8254	-81.8254	-81.8254	184.5361	184.5361	184.5361	184.5361	184.5361	184.5361	184.5361	184.5361	184.5361	184.5361	184.5361	184.5361
51.7222	51.7222	51.7222	51.7222	51.7222	51.7222	94.5732	94.5732	94.5732	94.5732	94.5732	-62.3591	-62.3591	-62.3591	-62.3591	-62.3591	-91.5546	-91.5546	-91.5546	-91.5546	-91.5546	535.0999	-92.0255	-92.0255	-92.0255	-92.0255	68.1780	68.1780	68.1780	68.1780	68.1780	68.1780	68.1780	68.1780	68.1780	68.1780	68.1780	68.1780
53.0098	53.0098	53.0098	53.0098	53.0098	53.0098	82.9388	82.9388	82.9388	82.9388	82.9388	-58.2006	-58.2006	-58.2006	-58.2006	-58.2006	-144.3927	-144.3927	-144.3927	-144.3927	-144.3927	507.0149	-88.1836	-88.1836	-88.1836	-88.1836	-5.2933	-5.2933	-5.2933	-5.2933	-5.2933	-5.2933	-5.2933	-5.2933	-5.2933	-5.2933	-5.2933	-5.2933
53.1747	53.1747	53.1747	53.1747	53.1747	53.1747	73.6827	73.6827	73.6827	73.6827	73.6827	-59.9871	-59.9871	-59.9871	-59.9871	-59.9871	-205.4490	-205.4490	-205.4490	-205.4490	-205.4490	477.4732	-90.0124	-90.0124	-90.0124	-90.0124	-51.5614	-51.5614	-51.5614	-51.5614	-51.5614	-51.5614	-51.5614	-51.5614	-51.5614	-51.5614	-51.5614	-51.5614
52.1747	52.1747	52.1747	52.1747	52.1747	52.1747	67.9040	67.9040	67.9040	67.9040	67.9040	-63.3554	-63.3554	-63.3554	-63.3554	-63.3554	-262.0171	-262.0171	-262.0171	-262.0171	-262.0171	451.3218	-94.5238	-94.5238	-94.5238	-94.5238	-80.6667	-80.6667	-80.6667	-80.6667	-80.6667	-80.6667	-80.6667	-80.6667	-80.6667	-80.6667	-80.6667	-80.6667
50.3187	50.3187	50.3187	50.3187	50.3187	50.3187	64.8044	64.8044	64.8044	64.8044	64.8044	-65.2740	-65.2740	-65.2740	-65.2740	-65.2740	-293.1326	-293.1326	-293.1326	-293.1326	-293.1326	451.8180	-77.8722	-77.8722	-77.8722	-77.8722	-98.9700	-98.9700	-98.9700	-98.9700	-98.9700	-98.9700	-98.9700	-98.9700	-98.9700	-98.9700	-98.9700	-98.9700
47.6829	47.6829	47.6829	47.6829	47.6829	47.6829	62.2952	62.2952	62.2952	62.2952	62.2952	-64.3325	-64.3325	-64.3325	-64.3325	-64.3325	-288.5345	-288.5345	-288.5345	-288.5345	-288.5345	476.2873	-33.3496	-33.3496	-33.3496	-33.3496	-110.4824	-110.4824	-110.4824	-110.4824	-110.4824	-110.4824	-110.4824	-110.4824	-110.4824	-110.4824	-110.4824	-110.4824
44.9595	44.9595	44.9595	44.9595	44.9595	44.9595	59.4857	59.4857	59.4857	59.4857	59.4857	-61.4699	-61.4699	-61.4699	-61.4699	-61.4699	-256.6029	-256.6029	-256.6029	-256.6029	-256.6029	519.6439	29.1205	29.1205	29.1205	29.1205	-117.7274	-117.7274	-117.7274	-117.7274	-117.7274	-117.7274	-117.7274	-117.7274	-117.7274	-117.7274	-117.7274	-117.7274
42.9783	42.9783	42.9783	42.9783	42.9783	42.9783	57.3856	57.3856	57.3856	57.3856	57.3856	-59.9740	-59.9740	-59.9740	-59.9740	-59.9740	-220.3663	-220.3663	-220.3663	-220.3663	-220.3663	587.2177	100.1855	100.1855	100.1855	100.1855	-122.2916	-122.2916	-122.2916	-122.2916	-122.2916	-122.2916	-122.2916	-122.2916	-122.2916	-122.2916	-122.2916	-122.2916
42.2164	42.2164	42.2164	42.2164	42.2164	42.2164	55.8897	55.8897	55.8897	55.8897	55.8897	-59.4232	-59.4232	-59.4232	-59.4232	-59.4232	-187.5821	-187.5821	-187.5821	-187.5821	-187.5821	663.8264	159.8683	159.8683	159.8683	159.8683	-125.1718	-125.1718	-125.1718	-125.1718	-125.1718	-125.1718	-125.1718	-125.1718	-125.1718	-125.1718	-125.1718	-125.1718
42.3048	42.3048	42.3048	42.3048	42.3048	42.3048	54.7518	54.7518	54.7518	54.7518	54.7518	-59.3698	-59.3698	-59.3698	-59.3698	-59.3698	-145.2936	-145.2936	-145.2936	-145.2936	-145.2936	725.2388	192.5280	192.5280	192.5280	192.5280	-126.9939	-126.9939	-126.9939	-126.9939	-126.9939	-126.9939	-126.9939	-126.9939	-126.9939	-126.9939	-126.9939	-126.9939
42.7582	42.7582	42.7582	42.7582	42.7582	42.7582	54.5123	54.5123	54.5123	54.5123	54.5123	-59.3931	-59.3931	-59.3931	-59.3931	-59.3931	-93.8317	-93.8317	-93.8317	-93.8317	-93.8317	763.5570	186.8343	186.8343	186.8343	186.8343	-128.1514	-128.1514	-128.1514	-128.1514	-128.1514	-128.1514	-128.1514	-128.1514	-128.1514	-128.1514	-128.1514	-128.1514
42.8084	42.8084	42.8084	42.8084	42.8084	42.8084	54.2315	54.2315	54.2315	54.2315	54.2315	-59.1960	-59.1960	-59.1960	-59.1960	-59.1960	-38.5604	-38.5604	-38.5604	-38.5604	-38.5604	762.5448	152.2258	152.2258	152.2258	152.2258	-128.8912	-128.8912	-128.8912	-128.8912	-128.8912	-128.8912	-128.8912	-128.8912	-128.8912	-128.8912	-128.8912	-128.8912
42.0586	42.0586	42.0586	42.0586	42.0586	42.0586	52.1956	52.1956	52.1956	52.1956	52.1956	-58.6043	-58.6043	-58.6043	-58.6043	-58.6043	26.1238	26.1238	26.1238	26.1238	26.1238	712.5261	113.2034	113.2034	113.2034	113.2034	-129.3685	-129.3685	-129.3685	-129.3685	-129.3685	-129.3685	-129.3685	-129.3685	-129.3685	-129.3685	-129.3685	-129.3685
40.1594	40.1594	40.1594	40.1594	40.1594	40.1594	47.6542	47.6542	47.6542	47.6542	47.6542	-57.3068	-57.3068	-57.3068	-57.3068	-57.3068	83.4179	83.4179	83.4179	83.4179	83.4179	606.2206	79.4900	79.4900	79.4900	79.4900	-129.6807	-129.6807	-129.6807	-129.6807	-129.6807	-129.6807	-129.6807	-129.6807	-129.6807	-129.6807	-129.6807	-129.6807
37.5496	37.5496	37.5496	37.5496	37.5496	37.5496	41.4807	41.4807	41.4807	41.4807	41.4807	-55.0874	-55.0874	-55.0874	-55.0874	-55.0874	106.6361	106.6361	106.6361	106.6361	106.6361	452.7025	39.0345	39.0345	39.0345	39.0345	-129.8891	-129.8891	-129.8891	-129.8891	-129.8891	-129.8891	-129.8891	-129.8891	-129.8891	-129.8891	-129.8891	-129.8891
34.4926	34.4926	34.4926	34.4926	34.4926	34.4926	34.5133	34.5133	34.5133	34.5133	34.5133	-51.5123	-51.5123	-51.5123	-51.5123	-51.5123	83.1913	83.1913	83.1913	83.1913	83.1913	271.4670	-6.9010	-6.9010	-6.9010	-6.9010	-130.0321	-130.0321	-130.0321	-130.0321	-130.0321	-130.0321	-130.0321	-130.0321	-130.0321	-130.0321	-130.0321	-130.0321
32.0195	32.0195	32.0195	32.0195	32.0195	32.0195	28.5917	28.5917	28.5917	28.5917	28.5917	-46.5457	-46.5457	-46.5457	-46.5457	-46.5457	26.7733	26.7733	26.7733	26.7733	26.7733	112.4596	-53.7751	-53.7751	-53.7751	-53.7751	-130.1339	-130.1339	-130.1339	-130.1339	-130.1339	-130.1339	-130.1339	-130.1339	-130.1339	-130.1339	-130.1339	-130.1339
31.1098	31.1098	31.1098	31.1098	31.1098	31.1098	25.1117	25.1117	25.1117	25.1117	25.1117	-40.5498	-40.5498	-40.5498	-40.5498	-40.5498	-43.5201	-43.5201	-43.5201	-43.5201	-43.5201	4.9196	-109.4550	-109.4550	-109.4550	-109.4550	-130.2095	-130.2095	-130.2095	-130.2095	-130.2095	-130.2095	-130.2095	-130.2095	-130.2095	-130.2095	-130.2095	-130.2095
32.3626	32.3626	32.3626	32.3626	32.3626	32.3626	25.0718	25.0718	25.0718	25.0718	25.0718	-33.7504	-33.7504	-33.7504	-33.7504	-33.7504	-103.0236	-103.0236	-103.0236	-103.0236	-103.0236	-9.7194	-157.8541	-157.8541	-157.8541	-157.8541	-130.2686	-130.2686	-130.2686	-130.2686	-130.2686	-130.2686	-130.2686	-130.2686	-130.2686	-130.2686	-130.2686	-130.2686
35.1175	35.1175	35.1175	35.1175	35.1175	35.1175	27.4792	27.4792	27.4792	27.4792	27.4792	-26.4997	-26.4997	-26.4997	-26.4997	-26.4997	-140.4659	-140.4659	-140.4659	-140.4659	-140.4659	71.3273	-170.9895	-170.9895	-170.9895	-170.9895	-130.3172	-130.3172	-130.3172	-130.3172	-130.3172	-130.3172	-130.3172	-130.3172	-130.3172	-130.3172	-130.3172	-130.3172
38.4235	38.4235	38.4235	38.4235	38.4235	38.4235	30.8386	30.8386	30.8386	30.8386	30.8386	-19.3345	-19.3345	-19.3345	-19.3345	-19.3345	-143.9081	-143.9081	-143.9081	-143.9081	-143.9081	220.3841	-136.3008	-136.3008	-136.3008	-136.3008	-130.3589	-130.3589	-130.3589	-130.3589	-130.3589	-130.3589	-130.3589	-130.3589	-130.3589	-130.3589	-130.3589	-130.3589
41.1184	41.1184	41.1184	41.1184	41.1184	41.1184	33.3977	33.3977	33.3977	33.3977	33.3977	-12.7271	-12.7271	-12.7271	-12.7271	-12.7271	-122.5387	-122.5387	-122.5387	-122.5387	-122.5387	380.4411	-68.0923	-68.0923	-68.0923	-68.0923	-130.3962	-130.3962	-130.3962	-130.3962	-130.3962	-130.3962	-130.3962	-130.3962	-130.3962	-130.3962	-130.3962	-130.3962
42.7149	42.7149	42.7149	42.7149	42.7149	42.7149	34.5155	34.5155	34.5155	34.5155	34.5155	-7.0857	-7.0857	-7.0857	-7.0857	-7.0857	-94.4775	-94.4775	-94.4775	-94.4775	-94.4775	519.9511	14.2227	14.2227	14.2227	14.2227	-130.4305	-130.4305	-130.4305	-130.4305	-130.4305	-130.4305	-130.4305	-130.4305	-130.4305	-130.4305	-130.4305	-130.4305
42.6562	42.6562	42.6562	42.6562	42.6562	42.6562	33.3903	33.3903	33.3903	33.3903	33.3903	-2.6908	-2.6908	-2.6908	-2.6908	-2.6908	-74.1735	-74.1735	-74.1735	-74.1735	-74.1735	594.1501	84.7922	84.7922	84.7922	84.7922	-130.4628	-130.4628	-130.4628	-130.4628	-130.4628	-130.4628	-130.4628	-130.4628	-130.4628	-130.4628	-130.4628	-130.4628
41.3402	41.3402	41.3402	41.3402	41.3402	41.3402	30.6496	30.6496	30.6496	30.6496	30.6496	0.3390	0.3390	0.3390	0.3390	0.3390	-60.5534	-60.5534	-60.5534	-60.5534	-60.5534	603.5889	131.0226	131.0226	131.0226	131.0226	-130.4937	-130.4937	-130.4937	-130.4937	-130.4937	-130.4937	-130.4937	-130.4937	-130.4937	-130.4937	-130.4937	-130.4937
39.6223	39.6223	39.6223	39.6223	39.6223	39.6223	27.4513	27.4513	27.4513	27.4513	27.4513	1.7914	1.7914	1.7914	1.7914	1.7914	-58.5126	-58.5126	-58.5126	-58.5126	-58.5126	569.3634	140.1351	140.1351	140.1351	140.1351	-130.5235	-130.5235	-130.5235	-130.5235	-130.5235	-130.5235	-130.5235	-130.5235	-130.5235	-130.5235	-130.5235	-130.5235
38.0959	38.0959	38.0959	38.0959	38.0959	38.0959	24.8362	24.8362	24.8362	24.8362	24.8362	1.8374	1.8374	1.8374	1.8374	1.8374	-64.4459	-64.4459	-64.4459	-64.4459	-64.4459	516.6156	121.7289	121.7289	121.7289	121.7289	-130.5525	-130.5525	-130.5525	-130.5525	-130.5525	-130.5525	-130.5525	-130.5525	-130.5525	-130.5525	-130.5525	-130.5525
36.5972	36.5972	36.5972	36.5972	36.5972	36.5972	22.8716	22.8716	22.8716	22.8716	22.8716	1.0314	1.0314	1.0314	1.0314	1.0314	-72.0561	-72.0561	-72.0561	-72.0561	-72.0561	450.7369	96.6477	96.6477	96.6477	96.6477	-130.5809	-130.5809	-130.5809	-130.5809	-130.5809	-130.5809	-130.5809	-130.5809	-130.5809	-130.5809	-130.5809	-130.5809
35.2960	35.2960	35.2960	35.2960	35.2960	35.2960	21.9412	21.9412	21.9412	21.9412	21.9412	-0.3193	-0.3193	-0.3193	-0.3193	-0.3193	-74.9205	-74.9205	-74.9205	-74.9205	-74.9205	387.6210	78.6741	78.6741	78.6741	78.6741	-130.6087	-130.6087	-130.6087	-130.6087	-130.6087	-130.6087	-130.6087	-130.6087	-130.6087	-130.6087	-130.6087	-130.6087
34.0781	34.0781	34.0781	34.0781	34.0781	34.0781	21.7167	21.7167	21.7167	21.7167	21.7167	-1.8563	-1.8563	-1.8563	-1.8563	-1.8563	-71.9270	-71.9270	-71.9270	-71.9270	-71.9270	325.2649	63.2990	63.2990	63.2990	63.2990	-130.6359	-130.6359	-130.6359	-130.6359	-130.6359	-130.6359	-130.6359	-130.6359	-130.6359	-130.6359	-130.6359	-130.6359
32.8983	32.8983	32.8983	32.8983	32.8983	32.8983	21.7734	21.7734	21.7734	21.7734	21.7734	-2.8461	-2.8461	-2.8461	-2.8461	-2.8461	-60.6302	-60.6302	-60.6302	-60.6302	-60.6302	263.7856	54.4507	54.4507	54.4507	54.4507	-130.6627	-130.6627	-130.6627	-130.6627	-130.6627	-130.6627	-130.6627	-130.6627	-130.6627	-130.6627	-130.6627	-130.6627
31.4249	31.4249	31.4249	31.4249	31.4249	31.4249	21.4471	21.4471	21.4471	21.4471	21.4471	-2.8791	-2.8791	-2.8791	-2.8791	-2.8791	-43.6741	-43.6741	-43.6741	-43.6741	-43.6741	209.0608	50.3587	50.3587	50.3587	50.3587	-130.6891	-130.6891	-130.6891	-130.6891	-130.6891	-130.6891	-130.6891	-130.6891	-130.6891	-130.6891	-130.6891	-130.6891
29.3387	29.3387	29.3387	29.3387	29.3387	29.3387	20.3849	20.3849	20.3849	20.3849	20.3849	-1.8696	-1.8696	-1.8696	-1.8696	-1.8696	-24.7001	-24.7001	-24.7001	-24.7001	-24.7001	169.2780	45.1285	45.1285	45.1285	45.1285	-130.7151	-130.7151	-130.7151	-130.7151	-130.7151	-130.7151	-130.7151	-130.7151	-130.7151	-130.7151	-130.7151	-130.7151
26.4645	26.4645	26.4645	26.4645	26.4645	26.4645	18.2745	18.2745	18.2745	18.2745	18.2745	0.1808	0.1808	0.1808	0.1808	0.1808	-8.5167	-8.5167	-8.5167	-8.5167	-8.5167	149.0912	36.9053	36.9053	36.9053	36.9053	-130.7406	-130.7406	-130.7406	-130.7406	-130.7406	-130.7406	-130.7406	-130.7406	-130.7406	-130.7406	-130.7406	-130.7406
23.0910	23.0910	23.0910	23.0910	23.0910	23.0910	15.4685	15.4685	15.4685	15.4685	15.4685	3.0397	3.0397	3.0397	3.0397	3.0397	2.6098	2.6098	2.6098	2.6098	2.6098	146.9526	29.7999	29.7999	29.7999	29.7999	-130.7658	-130.7658	-130.7658	-130.7658	-130.7658	-130.7658	-130.7658	-130.7658	-130.7658	-130.7658	-130.7658	-130.7658
19.3801	19.3801	19.3801	19.3801	19.3801	19.3801	12.3506	12.3506	12.3506	12.3506	12.3506	5.9893	5.9893	5.9893	5.9893	5.9893	6.3433	6.3433	6.3433	6.3433	6.3433	150.8965	24.2802	24.2802	24.2802	24.2802	-130.7905	-130.7905	-130.7905	-130.7905	-130.7905	-130.7905	-130.7905	-130.7905	-130.7905	-130.7905	-130.7905	-130.7905
15.9871	15.9871	15.9871	15.9871	15.9871	15.9871	9.6330	9.6330	9.6330	9.6330	9.6330	8.3606	8.3606	8.3606	8.3606	8.3606	4.5318	4.5318	4.5318	4.5318	4.5318	153.0877	19.9297	19.9297	19.9297	19.9297	-130.8149	-130.8149	-130.8149	-130.8149	-130.8149	-130.8149	-130.8149	-130.8149	-130.8149	-130.8149	-130.8149	-130.8149
13.5612	13.5612	13.5612	13.5612	13.5612	13.5612	7.7982	7.7982	7.7982	7.7982	7.7982	9.5336	9.5336	9.5336	9.5336	9.5336	0.9222	0.9222	0.9222	0.9222	0.9222	156.4428	16.4527	16.4527	16.4527	16.4527	-130.8390	-130.8390	-130.8390	-130.8390	-130.8390	-130.8390	-130.8390	-130.8390	-130.8390	-130.8390	-130.8390	-130.8390
12.4999	12.4999	12.4999	12.4999	12.4999	12.4999	7.2207	7.2207	7.2207	7.2207	7.2207	9.3306	9.3306	9.3306	9.3306	9.3306	-1.6964	-1.6964	-1.6964	-1.6964	-1.6964	157.7819	12.8280	12.8280	12.8280	12.8280	-130.8626	-130.8626	-130.8626	-130.8626	-130.8626	-130.8626	-130.8626	-130.8626	-130.8626	-130.8626	-130.8626	-130.8626
12.4164	12.4164	12.4164	12.4164	12.4164	12.4164	7.5457	7.5457	7.5457	7.5457	7.5457	7.8315	7.8315	7.8315	7.8315	7.8315	-3.7437	-3.7437	-3.7437	-3.7437	-3.7437	155.9359	8.1716	8.1716	8.1716	8.1716	-130.8859	-130.8859	-130.8859	-130.8859	-130.8859	-130.8859	-130.8859	-130.8859	-130.8859	-130.8859	-130.8859	-130.8859
12.7633	12.7633	12.7633	12.7633	12.7633	12.7633	8.2276	8.2276	8.2276	8.2276	8.2276	5.4401	5.4401	5.4401	5.4401	5.4401	-4.3037	-4.3037	-4.3037	-4.3037	-4.3037	155.5775	1.9353	1.9353	1.9353	1.9353	-130.9089	-130.9089	-130.9089	-130.9089	-130.9089	-130.9089	-130.9089	-130.9089	-130.9089	-130.9089	-130.9089	-130.9089
12.8255	12.8255	12.8255	12.8255	12.8255	12.8255	8.6382	8.6382	8.6382	8.6382	8.6382	2.7316	2.7316	2.7316	2.7316	2.7316	-3.9033	-3.9033	-3.9033	-3.9033	-3.9033	153.9456	-5.1576	-5.1576	-5.1576	-5.1576	-130.9315	-130.9315	-130.9315	-130.9315	-130.9315	-130.9315	-130.9315	-130.9315	-130.9315	-130.9315	-130.9315	-130.9315
12.2865	12.2865	12.2865	12.2865	12.2865	12.2865	8.5625	8.5625	8.5625	8.5625	8.5625	0.4530	0.4530	0.4530	0.4530	0.4530	-3.4279	-3.4279	-3.4279	-3.4279	-3.4279	141.8667	-12.5305	-12.5305	-12.5305	-12.5305	-130.9538	-130.9538	-130.9538	-130.9538	-130.9538	-130.9538	-130.9538	-130.9538	-130.9538	-130.9538	-130.9538	-130.9538
10.8113	10.8113	10.8113	10.8113	10.8113	10.8113	7.7195	7.7195	7.7195	7.7195	7.7195	-1.1249	-1.1249	-1.1249	-1.1249	-1.1249	-3.9597	-3.9597	-3.9597	-3.9597	-3.9597	117.2794	-18.6115	-18.6115	-18.6115	-18.6115	-130.9757	-130.9757	-130.9757	-130.9757	-130.9757	-130.9757	-130.9757	-130.9757	-130.9757	-130.9757	-130.9757	-130.9757
8.6972	8.6972	8.6972	8.6972	8.6972	8.6972	6.3402	6.3402	6.3402	6.3402	6.3402	-1.8940	-1.8940	-1.8940	-1.8940	-1.8940	-5.7825	-5.7825	-5.7825	-5.7825	-5.7825	85.8731	-22.0527	-22.0527	-22.0527	-22.0527	-130.9973	-130.9973	-130.9973	-130.9973	-130.9973	-130.9973	-130.9973	-130.9973	-130.9973	-130.9973	-130.9973	-130.9973
6.4564	6.4564	6.4564	6.4564	6.4564	6.4564	4.8299	4.8299	4.8299	4.8299	4.8299	-1.9717	-1.9717	-1.9717	-1.9717	-1.9717	-9.2886	-9.2886	-9.2886	-9.2886	-9.2886	55.5968	-21.9582	-21.9582	-21.9582	-21.9582	-131.0185	-131.0185	-131.0185	-131.0185	-131.0185	-131.0185	-131.0185	-131.0185	-131.0185	-131.0185	-131.0185	-131.0185
4.5254	4.5254	4.5254	4.5254	4.5254	4.5254	3.5322	3.5322	3.5322	3.5322	3.5322	-1.5625	-1.5625	-1.5625	-1.5625	-1.5625	-13.8232	-13.8232	-13.8232	-13.8232	-13.8232	31.6639	-19.2110	-19.2110	-19.2110	-19.2110	-131.0395	-131.0395	-131.0395	-131.0395	-131.0395	-131.0395	-131.0395	-131.0395	-131.0395	-131.0395	-131.0395	-131.0395
3.1636	3.1636	3.1636	3.1636	3.1636	3.1636	2.6475	2.6475	2.6475	2.6475	2.6475	-0.8922	-0.8922	-0.8922	-0.8922	-0.8922	-18.3753	-18.3753	-18.3753	-18.3753	-18.3753	16.4497	-15.2989	-15.2989	-15.2989	-15.2989	-131.0601	-131.0601	-131.0601	-131.0601	-131.0601	-131.0601	-131.0601	-131.0601	-131.0601	-131.0601	-131.0601	-131.0601
2.4278	2.4278	2.4278	2.4278	2.4278	2.4278	2.2122	2.2122	2.2122	2.2122	2.2122	-0.2018	-0.2018	-0.2018	-0.2018	-0.2018	-22.0593	-22.0593	-22.0593	-22.0593	-22.0593	9.9909	-11.4961	-11.4961	-11.4961	-11.4961	-131.0804	-131.0804	-131.0804	-131.0804	-131.0804	-131.0804	-131.0804	-131.0804	-131.0804	-131.0804	-131.0804	-131.0804
2.1853	2.1853	2.1853	2.1853	2.1853	2.1853	2.1092	2.1092	2.1092	2.1092	2.1092	0.3110	0.3110	0.3110	0.3110	0.3110	-24.2834	-24.2834	-24.2834	-24.2834	-24.2834	10.4297	-8.5789	-8.5789	-8.5789	-8.5789	-131.1004	-131.1004	-131.1004	-131.1004	-131.1004	-131.1004	-131.1004	-131.1004	-131.1004	-131.1004	-131.1004	-131.1004
2.2401	2.2401	2.2401	2.2401	2.2401	2.2401	2.1701	2.1701	2.1701	2.1701	2.1701	0.6029	0.6029	0.6029	0.6029	0.6029	-24.7905	-24.7905	-24.7905	-24.7905	-24.7905	15.6800	-6.7543	-6.7543	-6.7543	-6.7543	-131.1201	-131.1201	-131.1201	-131.1201	-131.1201	-131.1201	-131.1201	-131.1201	-131.1201	-131.1201	-131.1201	-131.1201
2.3582	2.3582	2.3582	2.3582	2.3582	2.3582	2.1958	2.1958	2.1958	2.1958	2.1958	0.6000	0.6000	0.6000	0.6000	0.6000	-23.6381	-23.6381	-23.6381	-23.6381	-23.6381	23.7110	-5.6957	-5.6957	-5.6957	-5.6957	-131.1394	-131.1394	-131.1394	-131.1394	-131.1394	-131.1394	-131.1394	-131.1394	-131.1394	-131.1394	-131.1394	-131.1394
2.2931	2.2931	2.2931	2.2931	2.2931	2.2931	1.9768	1.9768	1.9768	1.9768	1.9768	0.2697	0.2697	0.2697	0.2697	0.2697	-20.9881	-20.9881	-20.9881	-20.9881	-20.9881	32.5099	-4.8985	-4.8985	-4.8985	-4.8985	-131.1585	-131.1585	-131.1585	-131.1585	-131.1585	-131.1585	-131.1585	-131.1585	-131.1585	-131.1585	-131.1585	-131.1585
1.8107	1.8107	1.8107	1.8107	1.8107	1.8107	1.3141	1.3141	1.3141	1.3141	1.3141	-0.3880	-0.3880	-0.3880	-0.3880	-0.3880	-17.0656	-17.0656	-17.0656	-17.0656	-17.0656	40.3304	-3.7515	-3.7515	-3.7515	-3.7515	-131.1773	-131.1773	-131.1773	-131.1773	-131.1773	-131.1773	-131.1773	-131.1773	-131.1773	-131.1773	-131.1773	-131.1773
0.6771	0.6771	0.6771	0.6771	0.6771	0.6771	0.0086	0.0086	0.0086	0.0086	0.0086	-1.3731	-1.3731	-1.3731	-1.3731	-1.3731	-12.1164	-12.1164	-12.1164	-12.1164	-12.1164	45.4619	-1.6079	-1.6079	-1.6079	-1.6079	-131.1958	-131.1958	-131.1958	-131.1958	-131.1958	-131.1958	-131.1958	-131.1958	-131.1958	-131.1958	-131.1958	-131.1958
3.1264	3.1264	3.1264	3.1264	3.1264	3.1264	2.5552	2.5552	2.5552	2.5552	2.5552	-0.0962	-0.0962	-0.0962	-0.0962	-0.0962	-6.3655	-6.3655	-6.3655	-6.3655	-6.3655	2.0043	2.1436	2.1436	2.1436	2.1436	0.0000	0.0000	0.0000	0.0000	0.0000	0.0000	0.0000	0.0000	0.0000	0.0000	0.0000	0.0000
Female migration
-152.5488	1484.5106	1131.6419	777.5277	522.2894	448.7693	263.4727	136.0422	-35.1742	-2041.8833	-4930.0090	-2010.7581	-2010.7581	-2010.7581	-2010.7581	-2010.7581	61.8821	61.8821	61.8821	61.8821	61.8821	3634.1843	714.2640	714.2640	714.2640	714.2640	1.3060	1.3060	1.3060	1.3060	1.3060	1.3060	1.3060	1.3060	1.3060	1.3060	1.3060	1.3060
44.0836	798.2787	574.1584	221.2897	-132.8246	-262.7139	63.4931	-259.0692	-386.4998	-557.7161	-2564.4253	139.7057	-801.6621	-801.6621	-801.6621	-801.6621	295.4336	295.4336	295.4336	295.4336	295.4336	3220.3251	272.2058	272.2058	272.2058	272.2058	1.2781	1.2781	1.2781	1.2781	1.2781	1.2781	1.2781	1.2781	1.2781	1.2781	1.2781	1.2781
61.6961	61.6714	-114.7235	-338.8438	-691.7125	-908.1103	-277.8537	-461.5659	-784.1282	-911.5588	-1082.7751	1157.3748	1339.1869	408.6071	408.6071	408.6071	528.9852	528.9852	528.9852	528.9852	528.9852	2801.7835	-169.8524	-169.8524	-169.8524	-169.8524	1.2505	1.2505	1.2505	1.2505	1.2505	1.2505	1.2505	1.2505	1.2505	1.2505	1.2505	1.2505
76.5879	76.5879	76.5632	-99.8317	-323.9520	-529.5846	-213.4413	-468.6795	-652.3918	-974.9541	-1102.3847	497.4048	1150.7979	1332.6100	411.3243	411.3243	497.2386	497.2386	497.2386	497.2386	497.2386	2812.2900	-181.2496	-181.2496	-181.2496	-181.2496	1.2233	1.2233	1.2233	1.2233	1.2233	1.2233	1.2233	1.2233	1.2233	1.2233	1.2233	1.2233
88.7378	88.7378	88.7378	88.7130	-87.6818	-157.9525	-34.7334	-388.8477	-644.0859	-827.7982	-1150.3605	654.0007	514.9288	1168.3219	1350.1340	436.6484	450.5681	450.5681	450.5681	450.5681	450.5681	2789.3578	-227.5423	-227.5423	-227.5423	-227.5423	1.1964	1.1964	1.1964	1.1964	1.1964	1.1964	1.1964	1.1964	1.1964	1.1964	1.1964	1.1964
98.0819	98.0819	98.0819	98.0819	98.0572	79.1119	160.2074	-192.6613	-546.7756	-802.0138	-985.7261	902.2364	681.5692	542.4973	1195.8904	1377.7025	395.3621	395.3621	395.3621	395.3621	395.3621	2750.3519	-294.7473	-294.7473	-294.7473	-294.7473	1.1700	1.1700	1.1700	1.1700	1.1700	1.1700	1.1700	1.1700	1.1700	1.1700	1.1700	1.1700
104.5744	104.5744	104.5744	104.5744	104.5744	262.5272	246.0068	21.8864	-330.9823	-685.0965	-940.3348	964.8581	925.5663	704.8991	565.8272	1219.2203	338.0089	338.0089	338.0089	338.0089	338.0089	2712.3250	-368.8817	-368.8817	-368.8817	-368.8817	1.1439	1.1439	1.1439	1.1439	1.1439	1.1439	1.1439	1.1439	1.1439	1.1439	1.1439	1.1439
108.2223	108.2223	108.2223	108.2223	108.2223	263.7450	306.3032	129.9084	-94.2120	-447.0807	-801.1949	1028.7782	968.9512	929.6594	708.9921	569.9203	285.2917	285.2917	285.2917	285.2917	285.2917	2692.2397	-435.1149	-435.1149	-435.1149	-435.1149	1.1181	1.1181	1.1181	1.1181	1.1181	1.1181	1.1181	1.1181	1.1181	1.1181	1.1181	1.1181
109.1212	109.1212	109.1212	109.1212	109.1212	259.5412	215.1352	215.1105	38.7157	-185.4047	-538.2734	1096.5285	998.6707	938.8437	899.5519	678.8846	243.5988	243.5988	243.5988	243.5988	243.5988	2704.6492	-479.4639	-479.4639	-479.4639	-479.4639	1.0927	1.0927	1.0927	1.0927	1.0927	1.0927	1.0927	1.0927	1.0927	1.0927	1.0927	1.0927
107.6324	107.6324	107.6324	107.6324	107.6324	251.3741	151.7342	151.7342	151.7095	-24.6853	-248.8057	1019.0738	1019.9240	922.0661	862.2391	822.9473	218.1342	218.1342	218.1342	218.1342	218.1342	2756.8779	-490.4875	-490.4875	-490.4875	-490.4875	1.0677	1.0677	1.0677	1.0677	1.0677	1.0677	1.0677	1.0677	1.0677	1.0677	1.0677	1.0677
104.4007	104.4007	104.4007	104.4007	104.4007	241.7470	118.7244	118.7244	118.7244	118.6997	-57.6951	851.0002	888.5424	889.3926	791.5347	731.7077	212.1272	212.1272	212.1272	212.1272	212.1272	2847.0150	-460.9813	-460.9813	-460.9813	-460.9813	1.0430	1.0430	1.0430	1.0430	1.0430	1.0430	1.0430	1.0430	1.0430	1.0430	1.0430	1.0430
100.3184	100.3184	100.3184	100.3184	100.3184	234.0994	115.4888	115.4888	115.4888	115.4888	115.4888	876.3512	673.5585	711.1008	711.9510	614.0931	222.8848	222.8848	222.8848	222.8848	222.8848	2956.0652	-396.4506	-396.4506	-396.4506	-396.4506	1.0186	1.0186	1.0186	1.0186	1.0186	1.0186	1.0186	1.0186	1.0186	1.0186	1.0186	1.0186
96.3846	96.3846	96.3846	96.3846	96.3846	232.2720	137.3593	137.3593	137.3593	137.3593	137.3593	142.0429	674.7930	472.0003	509.5425	510.3927	241.3960	241.3960	241.3960	241.3960	241.3960	3049.6017	-315.9581	-315.9581	-315.9581	-315.9581	0.9946	0.9946	0.9946	0.9946	0.9946	0.9946	0.9946	0.9946	0.9946	0.9946	0.9946	0.9946
93.2969	93.2969	93.2969	93.2969	93.2969	238.9688	174.5808	174.5808	174.5808	174.5808	174.5808	-46.1633	-46.1633	486.5868	283.7941	321.3363	253.1222	253.1222	253.1222	253.1222	253.1222	3086.6464	-250.4289	-250.4289	-250.4289	-250.4289	0.9709	0.9709	0.9709	0.9709	0.9709	0.9709	0.9709	0.9709	0.9709	0.9709	0.9709	0.9709
90.8677	90.8677	90.8677	90.8677	90.8677	253.5503	212.2554	212.2554	212.2554	212.2554	212.2554	-176.8974	-176.8974	-176.8974	355.8527	153.0600	241.1555	241.1555	241.1555	241.1555	241.1555	3036.7594	-235.8721	-235.8721	-235.8721	-235.8721	1.0414	1.0414	1.0414	1.0414	1.0414	1.0414	1.0414	1.0414	1.0414	1.0414	1.0414	1.0414
88.4239	88.4239	88.4239	88.4239	88.4239	264.6868	230.1345	230.1345	230.1345	230.1345	230.1345	-211.5570	-211.5570	-211.5570	-211.5570	321.1931	195.3005	195.3005	195.3005	195.3005	195.3005	2903.9116	-293.8923	-293.8923	-293.8923	-293.8923	129.5145	129.5145	129.5145	129.5145	129.5145	129.5145	129.5145	129.5145	129.5145	129.5145	129.5145	129.5145
85.6437	85.6437	85.6437	85.6437	85.6437	278.1223	237.8747	237.8747	237.8747	237.8747	237.8747	-165.6181	-165.6181	-165.6181	-165.6181	-165.6181	125.1043	125.1043	125.1043	125.1043	125.1043	2707.8991	-403.7277	-403.7277	-403.7277	-403.7277	1137.4676	1137.4676	1137.4676	1137.4676	1137.4676	1137.4676	1137.4676	1137.4676	1137.4676	1137.4676	1137.4676	1137.4676
82.9710	82.9710	82.9710	82.9710	82.9710	311.6779	265.5644	265.5644	265.5644	265.5644	265.5644	-82.5649	-82.5649	-82.5649	-82.5649	-82.5649	54.6146	54.6146	54.6146	54.6146	54.6146	2465.2125	-522.5460	-522.5460	-522.5460	-522.5460	1879.0149	1879.0149	1879.0149	1879.0149	1879.0149	1879.0149	1879.0149	1879.0149	1879.0149	1879.0149	1879.0149	1879.0149
80.4678	80.4678	80.4678	80.4678	80.4678	371.2351	324.2663	324.2663	324.2663	324.2663	324.2663	-0.0137	-0.0137	-0.0137	-0.0137	-0.0137	-6.4929	-6.4929	-6.4929	-6.4929	-6.4929	2197.8816	-622.2734	-622.2734	-622.2734	-622.2734	2032.8703	2032.8703	2032.8703	2032.8703	2032.8703	2032.8703	2032.8703	2032.8703	2032.8703	2032.8703	2032.8703	2032.8703
78.3471	78.3471	78.3471	78.3471	78.3471	446.8401	397.0544	397.0544	397.0544	397.0544	397.0544	76.0973	76.0973	76.0973	76.0973	76.0973	-69.4292	-69.4292	-69.4292	-69.4292	-69.4292	1911.0295	-710.2769	-710.2769	-710.2769	-710.2769	1849.4132	1849.4132	1849.4132	1849.4132	1849.4132	1849.4132	1849.4132	1849.4132	1849.4132	1849.4132	1849.4132	1849.4132
76.2566	76.2566	76.2566	76.2566	76.2566	531.7851	478.7450	478.7450	478.7450	478.7450	478.7450	102.0369	102.0369	102.0369	102.0369	102.0369	-132.5339	-132.5339	-132.5339	-132.5339	-132.5339	1632.1066	-777.0238	-777.0238	-777.0238	-777.0238	1590.2661	1590.2661	1590.2661	1590.2661	1590.2661	1590.2661	1590.2661	1590.2661	1590.2661	1590.2661	1590.2661	1590.2661
74.9357	74.9357	74.9357	74.9357	74.9357	604.4425	548.2512	548.2512	548.2512	548.2512	548.2512	62.9483	62.9483	62.9483	62.9483	62.9483	-190.6929	-190.6929	-190.6929	-190.6929	-190.6929	1380.2831	-822.3214	-822.3214	-822.3214	-822.3214	1340.3694	1340.3694	1340.3694	1340.3694	1340.3694	1340.3694	1340.3694	1340.3694	1340.3694	1340.3694	1340.3694	1340.3694
75.6647	75.6647	75.6647	75.6647	75.6647	644.5101	584.4478	584.4478	584.4478	584.4478	584.4478	-33.1330	-33.1330	-33.1330	-33.1330	-33.1330	-261.3073	-261.3073	-261.3073	-261.3073	-261.3073	1135.1003	-874.4862	-874.4862	-874.4862	-874.4862	1119.7931	1119.7931	1119.7931	1119.7931	1119.7931	1119.7931	1119.7931	1119.7931	1119.7931	1119.7931	1119.7931	1119.7931
79.0215	79.0215	79.0215	79.0215	79.0215	638.9933	574.3807	574.3807	574.3807	574.3807	574.3807	-175.5914	-175.5914	-175.5914	-175.5914	-175.5914	-319.7553	-319.7553	-319.7553	-319.7553	-319.7553	923.7676	-916.5483	-916.5483	-916.5483	-916.5483	930.0702	930.0702	930.0702	930.0702	930.0702	930.0702	930.0702	930.0702	930.0702	930.0702	930.0702	930.0702
84.3595	84.3595	84.3595	84.3595	84.3595	599.6764	530.1719	530.1719	530.1719	530.1719	530.1719	-358.3426	-358.3426	-358.3426	-358.3426	-358.3426	-319.0886	-319.0886	-319.0886	-319.0886	-319.0886	793.9113	-899.2058	-899.2058	-899.2058	-899.2058	768.1866	768.1866	768.1866	768.1866	768.1866	768.1866	768.1866	768.1866	768.1866	768.1866	768.1866	768.1866
90.2739	90.2739	90.2739	90.2739	90.2739	548.6030	473.7548	473.7548	473.7548	473.7548	473.7548	-542.4247	-542.4247	-542.4247	-542.4247	-542.4247	-239.7988	-239.7988	-239.7988	-239.7988	-239.7988	743.3242	-804.9040	-804.9040	-804.9040	-804.9040	630.4048	630.4048	630.4048	630.4048	630.4048	630.4048	630.4048	630.4048	630.4048	630.4048	630.4048	630.4048
96.0002	96.0002	96.0002	96.0002	96.0002	503.8944	424.1083	424.1083	424.1083	424.1083	424.1083	-692.7042	-692.7042	-692.7042	-692.7042	-692.7042	-108.1670	-108.1670	-108.1670	-108.1670	-108.1670	753.3428	-657.8128	-657.8128	-657.8128	-657.8128	513.2295	513.2295	513.2295	513.2295	513.2295	513.2295	513.2295	513.2295	513.2295	513.2295	513.2295	513.2295
101.9226	101.9226	101.9226	101.9226	101.9226	465.6903	382.6066	382.6066	382.6066	382.6066	382.6066	-777.8759	-777.8759	-777.8759	-777.8759	-777.8759	54.5181	54.5181	54.5181	54.5181	54.5181	831.6766	-478.0157	-478.0157	-478.0157	-478.0157	413.6038	413.6038	413.6038	413.6038	413.6038	413.6038	413.6038	413.6038	413.6038	413.6038	413.6038	413.6038
107.7946	107.7946	107.7946	107.7946	107.7946	440.8752	356.7727	356.7727	356.7727	356.7727	356.7727	-787.1365	-787.1365	-787.1365	-787.1365	-787.1365	191.6369	191.6369	191.6369	191.6369	191.6369	935.8313	-316.9683	-316.9683	-316.9683	-316.9683	328.9057	328.9057	328.9057	328.9057	328.9057	328.9057	328.9057	328.9057	328.9057	328.9057	328.9057	328.9057
113.4174	113.4174	113.4174	113.4174	113.4174	425.9655	342.5797	342.5797	342.5797	342.5797	342.5797	-723.2298	-723.2298	-723.2298	-723.2298	-723.2298	254.9599	254.9599	254.9599	254.9599	254.9599	1012.0674	-218.0013	-218.0013	-218.0013	-218.0013	256.8999	256.8999	256.8999	256.8999	256.8999	256.8999	256.8999	256.8999	256.8999	256.8999	256.8999	256.8999
118.8641	118.8641	118.8641	118.8641	118.8641	409.9848	328.1759	328.1759	328.1759	328.1759	328.1759	-603.8499	-603.8499	-603.8499	-603.8499	-603.8499	212.1801	212.1801	212.1801	212.1801	212.1801	1012.2338	-210.4845	-210.4845	-210.4845	-210.4845	195.6848	195.6848	195.6848	195.6848	195.6848	195.6848	195.6848	195.6848	195.6848	195.6848	195.6848	195.6848
123.7519	123.7519	123.7519	123.7519	123.7519	389.2864	308.9468	308.9468	308.9468	308.9468	308.9468	-457.7106	-457.7106	-457.7106	-457.7106	-457.7106	94.5036	94.5036	94.5036	94.5036	94.5036	948.8907	-266.7692	-266.7692	-266.7692	-266.7692	143.6431	143.6431	143.6431	143.6431	143.6431	143.6431	143.6431	143.6431	143.6431	143.6431	143.6431	143.6431
127.4015	127.4015	127.4015	127.4015	127.4015	371.0665	291.8146	291.8146	291.8146	291.8146	291.8146	-324.5448	-324.5448	-324.5448	-324.5448	-324.5448	-50.6000	-50.6000	-50.6000	-50.6000	-50.6000	858.8951	-349.3314	-349.3314	-349.3314	-349.3314	99.3999	99.3999	99.3999	99.3999	99.3999	99.3999	99.3999	99.3999	99.3999	99.3999	99.3999	99.3999
129.4458	129.4458	129.4458	129.4458	129.4458	355.9062	276.9517	276.9517	276.9517	276.9517	276.9517	-219.3404	-219.3404	-219.3404	-219.3404	-219.3404	-167.8774	-167.8774	-167.8774	-167.8774	-167.8774	788.8024	-405.2587	-405.2587	-405.2587	-405.2587	61.7863	61.7863	61.7863	61.7863	61.7863	61.7863	61.7863	61.7863	61.7863	61.7863	61.7863	61.7863
129.9649	129.9649	129.9649	129.9649	129.9649	342.7995	263.7293	263.7293	263.7293	263.7293	263.7293	-149.6596	-149.6596	-149.6596	-149.6596	-149.6596	-237.7598	-237.7598	-237.7598	-237.7598	-237.7598	765.4855	-408.7743	-408.7743	-408.7743	-408.7743	29.8086	29.8086	29.8086	29.8086	29.8086	29.8086	29.8086	29.8086	29.8086	29.8086	29.8086	29.8086
130.2989	130.2989	130.2989	130.2989	130.2989	331.5980	252.2283	252.2283	252.2283	252.2283	252.2283	-116.3219	-116.3219	-116.3219	-116.3219	-116.3219	-235.2822	-235.2822	-235.2822	-235.2822	-235.2822	826.9310	-334.8571	-334.8571	-334.8571	-334.8571	2.6221	2.6221	2.6221	2.6221	2.6221	2.6221	2.6221	2.6221	2.6221	2.6221	2.6221	2.6221
129.8066	129.8066	129.8066	129.8066	129.8066	319.7114	240.8053	240.8053	240.8053	240.8053	240.8053	-109.3361	-109.3361	-109.3361	-109.3361	-109.3361	-180.6368	-180.6368	-180.6368	-180.6368	-180.6368	945.0400	-207.7761	-207.7761	-207.7761	-207.7761	-20.4913	-20.4913	-20.4913	-20.4913	-20.4913	-20.4913	-20.4913	-20.4913	-20.4913	-20.4913	-20.4913	-20.4913
126.4077	126.4077	126.4077	126.4077	126.4077	304.1300	227.3189	227.3189	227.3189	227.3189	227.3189	-107.9001	-107.9001	-107.9001	-107.9001	-107.9001	-109.1190	-109.1190	-109.1190	-109.1190	-109.1190	1065.5259	-63.4712	-63.4712	-63.4712	-63.4712	-40.1421	-40.1421	-40.1421	-40.1421	-40.1421	-40.1421	-40.1421	-40.1421	-40.1421	-40.1421	-40.1421	-40.1421
119.4175	119.4175	119.4175	119.4175	119.4175	283.2078	210.6431	210.6431	210.6431	210.6431	210.6431	-107.5644	-107.5644	-107.5644	-107.5644	-107.5644	-55.2651	-55.2651	-55.2651	-55.2651	-55.2651	1138.8099	54.3867	54.3867	54.3867	54.3867	-56.8493	-56.8493	-56.8493	-56.8493	-56.8493	-56.8493	-56.8493	-56.8493	-56.8493	-56.8493	-56.8493	-56.8493
109.9539	109.9539	109.9539	109.9539	109.9539	258.7683	191.9154	191.9154	191.9154	191.9154	191.9154	-105.2987	-105.2987	-105.2987	-105.2987	-105.2987	-24.5684	-24.5684	-24.5684	-24.5684	-24.5684	1155.1677	128.8343	128.8343	128.8343	128.8343	-71.0541	-71.0541	-71.0541	-71.0541	-71.0541	-71.0541	-71.0541	-71.0541	-71.0541	-71.0541	-71.0541	-71.0541
99.0339	99.0339	99.0339	99.0339	99.0339	233.3454	172.9528	172.9528	172.9528	172.9528	172.9528	-99.5185	-99.5185	-99.5185	-99.5185	-99.5185	-30.5548	-30.5548	-30.5548	-30.5548	-30.5548	1101.5631	139.8470	139.8470	139.8470	139.8470	-83.1315	-83.1315	-83.1315	-83.1315	-83.1315	-83.1315	-83.1315	-83.1315	-83.1315	-83.1315	-83.1315	-83.1315
88.8955	88.8955	88.8955	88.8955	88.8955	210.2152	155.6718	155.6718	155.6718	155.6718	155.6718	-91.2555	-91.2555	-91.2555	-91.2555	-91.2555	-61.1996	-61.1996	-61.1996	-61.1996	-61.1996	1009.8078	104.2063	104.2063	104.2063	104.2063	-93.4004	-93.4004	-93.4004	-93.4004	-93.4004	-93.4004	-93.4004	-93.4004	-93.4004	-93.4004	-93.4004	-93.4004
81.3468	81.3468	81.3468	81.3468	81.3468	190.8893	140.6132	140.6132	140.6132	140.6132	140.6132	-84.1580	-84.1580	-84.1580	-84.1580	-84.1580	-102.0325	-102.0325	-102.0325	-102.0325	-102.0325	921.8460	52.4611	52.4611	52.4611	52.4611	-102.1318	-102.1318	-102.1318	-102.1318	-102.1318	-102.1318	-102.1318	-102.1318	-102.1318	-102.1318	-102.1318	-102.1318
77.6824	77.6824	77.6824	77.6824	77.6824	176.9627	128.6292	128.6292	128.6292	128.6292	128.6292	-78.1028	-78.1028	-78.1028	-78.1028	-78.1028	-128.1683	-128.1683	-128.1683	-128.1683	-128.1683	873.2413	11.9502	11.9502	11.9502	11.9502	-109.5562	-109.5562	-109.5562	-109.5562	-109.5562	-109.5562	-109.5562	-109.5562	-109.5562	-109.5562	-109.5562	-109.5562
76.8743	76.8743	76.8743	76.8743	76.8743	167.2331	119.1479	119.1479	119.1479	119.1479	119.1479	-73.0011	-73.0011	-73.0011	-73.0011	-73.0011	-124.8287	-124.8287	-124.8287	-124.8287	-124.8287	858.3287	-15.1700	-15.1700	-15.1700	-15.1700	-115.8694	-115.8694	-115.8694	-115.8694	-115.8694	-115.8694	-115.8694	-115.8694	-115.8694	-115.8694	-115.8694	-115.8694
77.1088	77.1088	77.1088	77.1088	77.1088	159.1584	110.6516	110.6516	110.6516	110.6516	110.6516	-69.2710	-69.2710	-69.2710	-69.2710	-69.2710	-79.9198	-79.9198	-79.9198	-79.9198	-79.9198	871.0522	-18.4689	-18.4689	-18.4689	-18.4689	-121.2379	-121.2379	-121.2379	-121.2379	-121.2379	-121.2379	-121.2379	-121.2379	-121.2379	-121.2379	-121.2379	-121.2379
76.6262	76.6262	76.6262	76.6262	76.6262	150.9622	102.4818	102.4818	102.4818	102.4818	102.4818	-67.0734	-67.0734	-67.0734	-67.0734	-67.0734	-7.1016	-7.1016	-7.1016	-7.1016	-7.1016	893.3621	-5.6428	-5.6428	-5.6428	-5.6428	-125.8034	-125.8034	-125.8034	-125.8034	-125.8034	-125.8034	-125.8034	-125.8034	-125.8034	-125.8034	-125.8034	-125.8034
75.1695	75.1695	75.1695	75.1695	75.1695	143.0863	95.3832	95.3832	95.3832	95.3832	95.3832	-66.3114	-66.3114	-66.3114	-66.3114	-66.3114	78.9184	78.9184	78.9184	78.9184	78.9184	917.9418	12.6050	12.6050	12.6050	12.6050	-129.6862	-129.6862	-129.6862	-129.6862	-129.6862	-129.6862	-129.6862	-129.6862	-129.6862	-129.6862	-129.6862	-129.6862
72.0586	72.0586	72.0586	72.0586	72.0586	134.9959	89.2902	89.2902	89.2902	89.2902	89.2902	-66.6099	-66.6099	-66.6099	-66.6099	-66.6099	150.4158	150.4158	150.4158	150.4158	150.4158	925.5846	20.4443	20.4443	20.4443	20.4443	-132.9885	-132.9885	-132.9885	-132.9885	-132.9885	-132.9885	-132.9885	-132.9885	-132.9885	-132.9885	-132.9885	-132.9885
67.9125	67.9125	67.9125	67.9125	67.9125	126.9904	84.0722	84.0722	84.0722	84.0722	84.0722	-67.4166	-67.4166	-67.4166	-67.4166	-67.4166	188.3836	188.3836	188.3836	188.3836	188.3836	908.5455	10.5339	10.5339	10.5339	10.5339	-135.7973	-135.7973	-135.7973	-135.7973	-135.7973	-135.7973	-135.7973	-135.7973	-135.7973	-135.7973	-135.7973	-135.7973
63.4630	63.4630	63.4630	63.4630	63.4630	119.6301	79.7329	79.7329	79.7329	79.7329	79.7329	-67.5510	-67.5510	-67.5510	-67.5510	-67.5510	178.2003	178.2003	178.2003	178.2003	178.2003	873.5855	-24.0700	-24.0700	-24.0700	-24.0700	-138.1867	-138.1867	-138.1867	-138.1867	-138.1867	-138.1867	-138.1867	-138.1867	-138.1867	-138.1867	-138.1867	-138.1867
59.9918	59.9918	59.9918	59.9918	59.9918	113.4934	76.0004	76.0004	76.0004	76.0004	76.0004	-66.2026	-66.2026	-66.2026	-66.2026	-66.2026	133.8264	133.8264	133.8264	133.8264	133.8264	820.0141	-74.3970	-74.3970	-74.3970	-74.3970	-140.2193	-140.2193	-140.2193	-140.2193	-140.2193	-140.2193	-140.2193	-140.2193	-140.2193	-140.2193	-140.2193	-140.2193
58.2785	58.2785	58.2785	58.2785	58.2785	108.6407	72.4830	72.4830	72.4830	72.4830	72.4830	-62.9306	-62.9306	-62.9306	-62.9306	-62.9306	74.4079	74.4079	74.4079	74.4079	74.4079	728.1211	-134.9843	-134.9843	-134.9843	-134.9843	-141.9488	-141.9488	-141.9488	-141.9488	-141.9488	-141.9488	-141.9488	-141.9488	-141.9488	-141.9488	-141.9488	-141.9488
58.9527	58.9527	58.9527	58.9527	58.9527	105.2594	68.9617	68.9617	68.9617	68.9617	68.9617	-57.5940	-57.5940	-57.5940	-57.5940	-57.5940	26.3861	26.3861	26.3861	26.3861	26.3861	609.6995	-184.9382	-184.9382	-184.9382	-184.9382	-143.4204	-143.4204	-143.4204	-143.4204	-143.4204	-143.4204	-143.4204	-143.4204	-143.4204	-143.4204	-143.4204	-143.4204
61.3135	61.3135	61.3135	61.3135	61.3135	103.0320	65.5428	65.5428	65.5428	65.5428	65.5428	-50.4340	-50.4340	-50.4340	-50.4340	-50.4340	2.3561	2.3561	2.3561	2.3561	2.3561	498.0705	-204.4425	-204.4425	-204.4425	-204.4425	-144.6729	-144.6729	-144.6729	-144.6729	-144.6729	-144.6729	-144.6729	-144.6729	-144.6729	-144.6729	-144.6729	-144.6729
64.2061	64.2061	64.2061	64.2061	64.2061	101.2346	62.2518	62.2518	62.2518	62.2518	62.2518	-42.1863	-42.1863	-42.1863	-42.1863	-42.1863	14.8129	14.8129	14.8129	14.8129	14.8129	412.2650	-181.3162	-181.3162	-181.3162	-181.3162	-145.7390	-145.7390	-145.7390	-145.7390	-145.7390	-145.7390	-145.7390	-145.7390	-145.7390	-145.7390	-145.7390	-145.7390
66.5143	66.5143	66.5143	66.5143	66.5143	99.5734	59.4450	59.4450	59.4450	59.4450	59.4450	-33.7797	-33.7797	-33.7797	-33.7797	-33.7797	51.9798	51.9798	51.9798	51.9798	51.9798	370.8491	-128.7357	-128.7357	-128.7357	-128.7357	-146.6466	-146.6466	-146.6466	-146.6466	-146.6466	-146.6466	-146.6466	-146.6466	-146.6466	-146.6466	-146.6466	-146.6466
67.9870	67.9870	67.9870	67.9870	67.9870	98.3252	57.4652	57.4652	57.4652	57.4652	57.4652	-26.3371	-26.3371	-26.3371	-26.3371	-26.3371	100.2564	100.2564	100.2564	100.2564	100.2564	391.6910	-60.7788	-60.7788	-60.7788	-60.7788	-147.4196	-147.4196	-147.4196	-147.4196	-147.4196	-147.4196	-147.4196	-147.4196	-147.4196	-147.4196	-147.4196	-147.4196
68.1256	68.1256	68.1256	68.1256	68.1256	97.3960	56.4894	56.4894	56.4894	56.4894	56.4894	-20.3149	-20.3149	-20.3149	-20.3149	-20.3149	135.2600	135.2600	135.2600	135.2600	135.2600	466.7834	-4.5719	-4.5719	-4.5719	-4.5719	-148.0779	-148.0779	-148.0779	-148.0779	-148.0779	-148.0779	-148.0779	-148.0779	-148.0779	-148.0779	-148.0779	-148.0779
67.1673	67.1673	67.1673	67.1673	67.1673	96.5390	56.1610	56.1610	56.1610	56.1610	56.1610	-15.8944	-15.8944	-15.8944	-15.8944	-15.8944	141.6903	141.6903	141.6903	141.6903	141.6903	557.4507	21.2074	21.2074	21.2074	21.2074	-148.6389	-148.6389	-148.6389	-148.6389	-148.6389	-148.6389	-148.6389	-148.6389	-148.6389	-148.6389	-148.6389	-148.6389
66.0160	66.0160	66.0160	66.0160	66.0160	96.0781	56.3048	56.3048	56.3048	56.3048	56.3048	-12.9096	-12.9096	-12.9096	-12.9096	-12.9096	107.3898	107.3898	107.3898	107.3898	107.3898	623.8391	2.3536	2.3536	2.3536	2.3536	-149.1170	-149.1170	-149.1170	-149.1170	-149.1170	-149.1170	-149.1170	-149.1170	-149.1170	-149.1170	-149.1170	-149.1170
64.8154	64.8154	64.8154	64.8154	64.8154	95.2341	56.1151	56.1151	56.1151	56.1151	56.1151	-10.9025	-10.9025	-10.9025	-10.9025	-10.9025	45.5921	45.5921	45.5921	45.5921	45.5921	641.9237	-46.9547	-46.9547	-46.9547	-46.9547	-149.5247	-149.5247	-149.5247	-149.5247	-149.5247	-149.5247	-149.5247	-149.5247	-149.5247	-149.5247	-149.5247	-149.5247
62.7994	62.7994	62.7994	62.7994	62.7994	92.6808	54.7565	54.7565	54.7565	54.7565	54.7565	-9.1229	-9.1229	-9.1229	-9.1229	-9.1229	-29.6967	-29.6967	-29.6967	-29.6967	-29.6967	607.4119	-110.2564	-110.2564	-110.2564	-110.2564	-149.8725	-149.8725	-149.8725	-149.8725	-149.8725	-149.8725	-149.8725	-149.8725	-149.8725	-149.8725	-149.8725	-149.8725
59.8317	59.8317	59.8317	59.8317	59.8317	87.8023	51.7248	51.7248	51.7248	51.7248	51.7248	-7.4278	-7.4278	-7.4278	-7.4278	-7.4278	-91.1740	-91.1740	-91.1740	-91.1740	-91.1740	530.2034	-158.7492	-158.7492	-158.7492	-158.7492	-150.1693	-150.1693	-150.1693	-150.1693	-150.1693	-150.1693	-150.1693	-150.1693	-150.1693	-150.1693	-150.1693	-150.1693
56.1387	56.1387	56.1387	56.1387	56.1387	81.2210	47.4836	47.4836	47.4836	47.4836	47.4836	-5.7868	-5.7868	-5.7868	-5.7868	-5.7868	-119.8618	-119.8618	-119.8618	-119.8618	-119.8618	445.3165	-174.4079	-174.4079	-174.4079	-174.4079	-150.4228	-150.4228	-150.4228	-150.4228	-150.4228	-150.4228	-150.4228	-150.4228	-150.4228	-150.4228	-150.4228	-150.4228
52.1653	52.1653	52.1653	52.1653	52.1653	74.1238	42.8937	42.8937	42.8937	42.8937	42.8937	-4.4872	-4.4872	-4.4872	-4.4872	-4.4872	-101.4145	-101.4145	-101.4145	-101.4145	-101.4145	391.8194	-142.7044	-142.7044	-142.7044	-142.7044	-150.6395	-150.6395	-150.6395	-150.6395	-150.6395	-150.6395	-150.6395	-150.6395	-150.6395	-150.6395	-150.6395	-150.6395
48.1779	48.1779	48.1779	48.1779	48.1779	67.4099	38.6689	38.6689	38.6689	38.6689	38.6689	-3.7965	-3.7965	-3.7965	-3.7965	-3.7965	-50.1482	-50.1482	-50.1482	-50.1482	-50.1482	386.6915	-78.5231	-78.5231	-78.5231	-78.5231	-150.8248	-150.8248	-150.8248	-150.8248	-150.8248	-150.8248	-150.8248	-150.8248	-150.8248	-150.8248	-150.8248	-150.8248
44.1097	44.1097	44.1097	44.1097	44.1097	61.0270	34.8239	34.8239	34.8239	34.8239	34.8239	-3.9628	-3.9628	-3.9628	-3.9628	-3.9628	14.3430	14.3430	14.3430	14.3430	14.3430	424.4476	-0.7509	-0.7509	-0.7509	-0.7509	-150.9834	-150.9834	-150.9834	-150.9834	-150.9834	-150.9834	-150.9834	-150.9834	-150.9834	-150.9834	-150.9834	-150.9834
40.0726	40.0726	40.0726	40.0726	40.0726	55.3202	31.6331	31.6331	31.6331	31.6331	31.6331	-4.9342	-4.9342	-4.9342	-4.9342	-4.9342	65.2878	65.2878	65.2878	65.2878	65.2878	490.8245	61.8469	61.8469	61.8469	61.8469	-151.1193	-151.1193	-151.1193	-151.1193	-151.1193	-151.1193	-151.1193	-151.1193	-151.1193	-151.1193	-151.1193	-151.1193
36.1524	36.1524	36.1524	36.1524	36.1524	50.2117	28.9598	28.9598	28.9598	28.9598	28.9598	-6.5352	-6.5352	-6.5352	-6.5352	-6.5352	89.8808	89.8808	89.8808	89.8808	89.8808	555.8566	93.3714	93.3714	93.3714	93.3714	-151.2358	-151.2358	-151.2358	-151.2358	-151.2358	-151.2358	-151.2358	-151.2358	-151.2358	-151.2358	-151.2358	-151.2358
32.0666	32.0666	32.0666	32.0666	32.0666	45.0989	26.4030	26.4030	26.4030	26.4030	26.4030	-8.3966	-8.3966	-8.3966	-8.3966	-8.3966	75.3244	75.3244	75.3244	75.3244	75.3244	586.5671	79.6065	79.6065	79.6065	79.6065	-151.3360	-151.3360	-151.3360	-151.3360	-151.3360	-151.3360	-151.3360	-151.3360	-151.3360	-151.3360	-151.3360	-151.3360
28.1723	28.1723	28.1723	28.1723	28.1723	40.0675	23.7938	23.7938	23.7938	23.7938	23.7938	-10.1505	-10.1505	-10.1505	-10.1505	-10.1505	33.0164	33.0164	33.0164	33.0164	33.0164	569.2649	33.7830	33.7830	33.7830	33.7830	-151.4221	-151.4221	-151.4221	-151.4221	-151.4221	-151.4221	-151.4221	-151.4221	-151.4221	-151.4221	-151.4221	-151.4221
25.2164	25.2164	25.2164	25.2164	25.2164	35.8727	21.3586	21.3586	21.3586	21.3586	21.3586	-11.4304	-11.4304	-11.4304	-11.4304	-11.4304	-17.8479	-17.8479	-17.8479	-17.8479	-17.8479	511.0863	-23.3738	-23.3738	-23.3738	-23.3738	-151.4963	-151.4963	-151.4963	-151.4963	-151.4963	-151.4963	-151.4963	-151.4963	-151.4963	-151.4963	-151.4963	-151.4963
23.5151	23.5151	23.5151	23.5151	23.5151	32.7404	19.1010	19.1010	19.1010	19.1010	19.1010	-12.0623	-12.0623	-12.0623	-12.0623	-12.0623	-57.9557	-57.9557	-57.9557	-57.9557	-57.9557	422.3815	-68.6040	-68.6040	-68.6040	-68.6040	-151.5604	-151.5604	-151.5604	-151.5604	-151.5604	-151.5604	-151.5604	-151.5604	-151.5604	-151.5604	-151.5604	-151.5604
22.7335	22.7335	22.7335	22.7335	22.7335	30.4263	17.0228	17.0228	17.0228	17.0228	17.0228	-11.9964	-11.9964	-11.9964	-11.9964	-11.9964	-83.2494	-83.2494	-83.2494	-83.2494	-83.2494	322.7623	-94.5521	-94.5521	-94.5521	-94.5521	-151.6158	-151.6158	-151.6158	-151.6158	-151.6158	-151.6158	-151.6158	-151.6158	-151.6158	-151.6158	-151.6158	-151.6158
22.3746	22.3746	22.3746	22.3746	22.3746	28.5472	15.0724	15.0724	15.0724	15.0724	15.0724	-11.2895	-11.2895	-11.2895	-11.2895	-11.2895	-85.7174	-85.7174	-85.7174	-85.7174	-85.7174	243.6919	-90.9778	-90.9778	-90.9778	-90.9778	-151.6639	-151.6639	-151.6639	-151.6639	-151.6639	-151.6639	-151.6639	-151.6639	-151.6639	-151.6639	-151.6639	-151.6639
21.8532	21.8532	21.8532	21.8532	21.8532	26.6955	13.2927	13.2927	13.2927	13.2927	13.2927	-10.1522	-10.1522	-10.1522	-10.1522	-10.1522	-71.5842	-71.5842	-71.5842	-71.5842	-71.5842	196.5822	-66.2919	-66.2919	-66.2919	-66.2919	-151.7056	-151.7056	-151.7056	-151.7056	-151.7056	-151.7056	-151.7056	-151.7056	-151.7056	-151.7056	-151.7056	-151.7056
20.9449	20.9449	20.9449	20.9449	20.9449	24.7467	11.7824	11.7824	11.7824	11.7824	11.7824	-8.9488	-8.9488	-8.9488	-8.9488	-8.9488	-53.0951	-53.0951	-53.0951	-53.0951	-53.0951	169.5431	-35.4515	-35.4515	-35.4515	-35.4515	-151.7420	-151.7420	-151.7420	-151.7420	-151.7420	-151.7420	-151.7420	-151.7420	-151.7420	-151.7420	-151.7420	-151.7420
19.3755	19.3755	19.3755	19.3755	19.3755	22.5144	10.5773	10.5773	10.5773	10.5773	10.5773	-7.8004	-7.8004	-7.8004	-7.8004	-7.8004	-40.0174	-40.0174	-40.0174	-40.0174	-40.0174	156.6745	-12.5518	-12.5518	-12.5518	-12.5518	-151.7738	-151.7738	-151.7738	-151.7738	-151.7738	-151.7738	-151.7738	-151.7738	-151.7738	-151.7738	-151.7738	-151.7738
17.3430	17.3430	17.3430	17.3430	17.3430	20.1123	9.6155	9.6155	9.6155	9.6155	9.6155	-6.7892	-6.7892	-6.7892	-6.7892	-6.7892	-31.6571	-31.6571	-31.6571	-31.6571	-31.6571	151.1701	0.6271	0.6271	0.6271	0.6271	-151.8017	-151.8017	-151.8017	-151.8017	-151.8017	-151.8017	-151.8017	-151.8017	-151.8017	-151.8017	-151.8017	-151.8017
15.2056	15.2056	15.2056	15.2056	15.2056	17.7556	8.8019	8.8019	8.8019	8.8019	8.8019	-5.9339	-5.9339	-5.9339	-5.9339	-5.9339	-31.3444	-31.3444	-31.3444	-31.3444	-31.3444	138.0452	-1.3779	-1.3779	-1.3779	-1.3779	-151.8262	-151.8262	-151.8262	-151.8262	-151.8262	-151.8262	-151.8262	-151.8262	-151.8262	-151.8262	-151.8262	-151.8262
13.2649	13.2649	13.2649	13.2649	13.2649	15.6238	8.0533	8.0533	8.0533	8.0533	8.0533	-5.2215	-5.2215	-5.2215	-5.2215	-5.2215	-36.6860	-36.6860	-36.6860	-36.6860	-36.6860	113.8834	-14.0482	-14.0482	-14.0482	-14.0482	-151.8479	-151.8479	-151.8479	-151.8479	-151.8479	-151.8479	-151.8479	-151.8479	-151.8479	-151.8479	-151.8479	-151.8479
11.6907	11.6907	11.6907	11.6907	11.6907	13.8125	7.3135	7.3135	7.3135	7.3135	7.3135	-4.6224	-4.6224	-4.6224	-4.6224	-4.6224	-43.3425	-43.3425	-43.3425	-43.3425	-43.3425	82.3643	-29.4715	-29.4715	-29.4715	-29.4715	-151.8672	-151.8672	-151.8672	-151.8672	-151.8672	-151.8672	-151.8672	-151.8672	-151.8672	-151.8672	-151.8672	-151.8672
10.5013	10.5013	10.5013	10.5013	10.5013	12.3210	6.5577	6.5577	6.5577	6.5577	6.5577	-4.0990	-4.0990	-4.0990	-4.0990	-4.0990	-47.6612	-47.6612	-47.6612	-47.6612	-47.6612	50.2001	-40.9333	-40.9333	-40.9333	-40.9333	-151.8843	-151.8843	-151.8843	-151.8843	-151.8843	-151.8843	-151.8843	-151.8843	-151.8843	-151.8843	-151.8843	-151.8843
9.5738	9.5738	9.5738	9.5738	9.5738	11.0592	5.7905	5.7905	5.7905	5.7905	5.7905	-3.6127	-3.6127	-3.6127	-3.6127	-3.6127	-47.5922	-47.5922	-47.5922	-47.5922	-47.5922	25.2750	-44.5138	-44.5138	-44.5138	-44.5138	-151.8997	-151.8997	-151.8997	-151.8997	-151.8997	-151.8997	-151.8997	-151.8997	-151.8997	-151.8997	-151.8997	-151.8997
8.7378	8.7378	8.7378	8.7378	8.7378	9.9065	5.0259	5.0259	5.0259	5.0259	5.0259	-3.1644	-3.1644	-3.1644	-3.1644	-3.1644	-42.9171	-42.9171	-42.9171	-42.9171	-42.9171	13.6007	-39.4875	-39.4875	-39.4875	-39.4875	-151.9135	-151.9135	-151.9135	-151.9135	-151.9135	-151.9135	-151.9135	-151.9135	-151.9135	-151.9135	-151.9135	-151.9135
7.7949	7.7949	7.7949	7.7949	7.7949	8.7246	4.2841	4.2841	4.2841	4.2841	4.2841	-2.7387	-2.7387	-2.7387	-2.7387	-2.7387	-35.1348	-35.1348	-35.1348	-35.1348	-35.1348	18.9878	-28.1234	-28.1234	-28.1234	-28.1234	-151.9259	-151.9259	-151.9259	-151.9259	-151.9259	-151.9259	-151.9259	-151.9259	-151.9259	-151.9259	-151.9259	-151.9259
6.5371	6.5371	6.5371	6.5371	6.5371	7.3691	3.5869	3.5869	3.5869	3.5869	3.5869	-2.3276	-2.3276	-2.3276	-2.3276	-2.3276	-26.3162	-26.3162	-26.3162	-26.3162	-26.3162	44.5134	-13.6889	-13.6889	-13.6889	-13.6889	-151.9372	-151.9372	-151.9372	-151.9372	-151.9372	-151.9372	-151.9372	-151.9372	-151.9372	-151.9372	-151.9372	-151.9372
4.7658	4.7658	4.7658	4.7658	4.7658	5.7018	2.9546	2.9546	2.9546	2.9546	2.9546	-1.9311	-1.9311	-1.9311	-1.9311	-1.9311	-18.8759	-18.8759	-18.8759	-18.8759	-18.8759	92.3908	-0.0500	-0.0500	-0.0500	-0.0500	-151.9476	-151.9476	-151.9476	-151.9476	-151.9476	-151.9476	-151.9476	-151.9476	-151.9476	-151.9476	-151.9476	-151.9476
2.2824	2.2824	2.2824	2.2824	2.2824	3.5841	2.4070	2.4070	2.4070	2.4070	2.4070	-1.5494	-1.5494	-1.5494	-1.5494	-1.5494	-15.3429	-15.3429	-15.3429	-15.3429	-15.3429	164.6341	8.7275	8.7275	8.7275	8.7275	-151.9570	-151.9570	-151.9570	-151.9570	-151.9570	-151.9570	-151.9570	-151.9570	-151.9570	-151.9570	-151.9570	-151.9570
10.0394	10.0394	10.0394	10.0394	10.0394	11.7620	6.0862	6.0862	6.0862	6.0862	6.0862	-3.9037	-3.9037	-3.9037	-3.9037	-3.9037	-18.1318	-18.1318	-18.1318	-18.1318	-18.1318	6.2534	8.7775	8.7775	8.7775	8.7775	0.0000	0.0000	0.0000	0.0000	0.0000	0.0000	0.0000	0.0000	0.0000	0.0000	0.0000	0.0000
RR HIV after migration (cf before): 1995, 2000, 2010
0.994419	0.998176	0.997760
0.994212	0.998108	0.998169
0.993946	0.998021	0.998222
0.994779	0.998293	0.998710
0.994872	0.998324	0.998609
0.994686	0.998473	0.998655
0.995251	0.998432	0.998568
0.995682	0.998733	0.998874
0.995697	0.998666	0.998807
0.995770	0.998637	0.998904
0.996036	0.998578	0.998841
0.996260	0.998717	0.998849
0.996094	0.998674	0.998761
0.996168	0.998770	0.998938
0.996062	0.998564	0.998783
0.996068	0.998518	0.998816
0.995712	0.998018	0.998768
0.994636	0.997863	0.998113
0.992864	0.997215	0.997081
0.991791	0.996341	0.995962
0.990153	0.996157	0.995590
0.989455	0.995825	0.995145
0.988623	0.995465	0.994752
0.988567	0.995349	0.994697
0.987849	0.995057	0.994484
0.987606	0.994838	0.994747
0.987763	0.995701	0.995113
0.987943	0.995575	0.995071
0.988377	0.995584	0.994987
0.987854	0.995455	0.995215
0.988472	0.995864	0.995256
0.989758	0.995542	0.995905
0.989713	0.995915	0.995995
0.990399	0.996332	0.995901
0.990523	0.996705	0.995843
0.991691	0.996852	0.996199
0.991422	0.997048	0.996681
0.992034	0.996982	0.996615
0.992996	0.996912	0.996870
0.992618	0.997280	0.997237
0.992239	0.997541	0.996729
0.992984	0.997112	0.997332
0.993420	0.997433	0.997571
0.993382	0.997300	0.997797
0.993756	0.997378	0.997728
0.992729	0.997974	0.997920
0.993559	0.997911	0.998024
0.993960	0.998211	0.998265
0.993518	0.997863	0.998430
0.992850	0.998158	0.998361
0.993974	0.997926	0.998499
0.994724	0.998352	0.998594
0.993532	0.998394	0.998574
0.994633	0.998319	0.998543
0.995374	0.997975	0.998559
0.994400	0.998644	0.998760
0.995162	0.998145	0.998782
0.994493	0.998559	0.998434
0.995728	0.998209	0.998785
0.994671	0.998688	0.998787
0.996100	0.998481	0.998647
0.995698	0.998201	0.998732
0.995747	0.998217	0.998987
0.996304	0.997617	0.998703
0.996120	0.998228	0.998658
0.996199	0.998550	0.998665
0.997125	0.998416	0.999028
0.996072	0.999001	0.998530
0.996310	0.998200	0.998649
0.996680	0.998353	0.998653
0.996666	0.998157	0.998800
0.996355	0.999004	0.998882
0.996292	0.998576	0.998604
0.995123	0.998418	0.998821
0.995175	0.998718	0.998982
0.996306	0.997898	0.999128
0.997303	0.998871	0.999111
0.995680	0.998281	0.998813
0.997398	0.997166	0.998774
0.996459	0.997406	0.998606
0.996699	0.998245	0.998897
0.992249	0.998932	0.999099
0.996411	0.998202	0.999105
0.996141	0.998865	0.998791
0.997672	0.998769	0.999169
0.995012	0.998173	0.999112
0.996466	0.994477	0.999611
0.993679	0.998679	0.999335
0.997121	0.996585	0.999667
0.997459	0.999072	0.998798
0.994206	0.997738	0.999312


