cholIMIS 0
	              0	              0	              0	              0	              0	              0	              0	              0	              0	              0
	              0	              0	              0	              0	              0	              0	              0	              0	              0	              0
	              0	              0	              0	              0	              0	              0	              0	              0	              0	              0
	              0	              0	              0	              0	              0	              0	              0	              0	              0	              0
	              0	              0	              0	              0	              0	              0	              0	              0	              0	              0
	              0	              0	              0	              0	              0	              0	              0	              0	              0	              0
	              0	              0	              0	              0	              0	              0	              0	              0	              0	              0
	              0	              0	              0	              0	              0	              0	              0	              0	              0	              0
	              0	              0	              0	              0	              0	              0	              0	              0	              0	              0
	              0	              0	              0	              0	              0	              0	              0	              0	              0	              0
cholIMIS 1
	       0.767322	       0.468751	      0.0362627	      -0.130007	      0.0918223	     -0.0873662	     -0.0325352	       0.152945	       0.857242	      0.0499945
	              0	        0.70163	    -0.00132304	     -0.0108379	      0.0158021	     -0.0129334	     -0.0058838	      0.0590145	       0.129422	      0.0437646
	              0	              0	       0.208073	     -0.0170449	   -0.000857418	   -0.000941732	     0.00130735	     -0.0661051	     -0.0228496	     -0.0706061
	              0	              0	              0	       0.182582	    -0.00834418	      0.0110396	     0.00368449	     0.00718899	     -0.0768141	      0.0232561
	              0	              0	              0	              0	      0.0626749	     -0.0266397	    -0.00951823	       0.108339	       0.209634	      0.0779044
	              0	              0	              0	              0	              0	      0.0702332	     0.00150431	     -0.0422883	      -0.086849	     -0.0330634
	              0	              0	              0	              0	              0	              0	      0.0450308	     0.00295247	     -0.0305578	     0.00287843
	              0	              0	              0	              0	              0	              0	              0	       0.294752	       0.137273	       0.165969
	              0	              0	              0	              0	              0	              0	              0	              0	       0.720492	      0.0263452
	              0	              0	              0	              0	              0	              0	              0	              0	              0	       0.266029
cholIMIS 2
	       0.317897	      -0.112623	     -0.0351972	      0.0549015	      0.0445895	      0.0433931	     0.00731559	      0.0379819	       0.403405	      -0.110956
	              0	        0.45122	     0.00672085	    -0.00733792	     -0.0122982	     0.00998842	      0.0158637	      0.0304626	       0.267934	       -0.02545
	              0	              0	      0.0938524	     -0.0227739	    -0.00542836	     -0.0122379	    -0.00206992	    -0.00842353	     -0.0631153	      0.0108349
	              0	              0	              0	       0.112435	       0.013452	      0.0468041	      0.0126716	     -0.0412156	       0.267458	      -0.113055
	              0	              0	              0	              0	      0.0437569	    -0.00417807	     -0.0160276	      -0.019622	       0.140047	    -0.00898433
	              0	              0	              0	              0	              0	      0.0617145	      0.0232009	     -0.0203093	       0.256884	      -0.132231
	              0	              0	              0	              0	              0	              0	      0.0294892	      0.0455999	       0.124969	     -0.0335473
	              0	              0	              0	              0	              0	              0	              0	       0.145714	    -0.00131004	      0.0746872
	              0	              0	              0	              0	              0	              0	              0	              0	       0.396903	     -0.0207878
	              0	              0	              0	              0	              0	              0	              0	              0	              0	       0.130645
cholIMIS 3
	       0.248876	       0.372363	     -0.0360028	      0.0420875	      0.0302622	      0.0122717	     0.00126085	    -0.00456071	       0.276916	     -0.0533691
	              0	       0.685953	     -0.0011055	     -0.0174587	     -0.0165781	     -0.0220293	    -0.00740587	    -0.00579114	      0.0911247	      0.0300294
	              0	              0	      0.0544438	       -0.03747	    -0.00855328	      0.0065547	      0.0151436	      0.0351997	       0.294993	     -0.0412879
	              0	              0	              0	       0.052149	     0.00883677	     0.00560958	      -0.004829	     -0.0391599	      -0.142244	     0.00174117
	              0	              0	              0	              0	      0.0230921	     0.00300503	    -0.00377937	     0.00129009	       0.163912	     -0.0293008
	              0	              0	              0	              0	              0	      0.0273143	      0.0130289	     0.00513961	        0.18293	     -0.0416152
	              0	              0	              0	              0	              0	              0	      0.0167163	      0.0397429	       0.246336	     -0.0517039
	              0	              0	              0	              0	              0	              0	              0	      0.0680602	       0.129128	    -0.00457629
	              0	              0	              0	              0	              0	              0	              0	              0	       0.248666	     -0.0393293
	              0	              0	              0	              0	              0	              0	              0	              0	              0	      0.0706355
cholIMIS 4
	       0.165541	     -0.0258858	     -0.0054118	      0.0204878	      0.0105218	      0.0113739	     0.00351734	       -0.01619	      0.0946564	     -0.0302419
	              0	       0.339161	    0.000636398	     -0.0133912	    -0.00142352	    -0.00988601	     -0.0130312	     -0.0117495	     -0.0445926	      0.0386235
	              0	              0	      0.0580649	     -0.0697663	     -0.0089634	     0.00365772	    -0.00216564	      0.0491552	       0.113461	    -0.00396978
	              0	              0	              0	      0.0473205	     0.00824844	     0.00262083	    0.000966105	     -0.0446209	    -0.00678643	     -0.0078734
	              0	              0	              0	              0	        0.02224	    -0.00402852	     -0.0131876	     -0.0138371	     -0.0315694	     0.00469641
	              0	              0	              0	              0	              0	      0.0182913	      0.0071618	     0.00723791	       0.127649	     -0.0342968
	              0	              0	              0	              0	              0	              0	      0.0144843	       0.027271	       0.175289	      -0.037397
	              0	              0	              0	              0	              0	              0	              0	      0.0598813	      0.0319287	     -0.0118082
	              0	              0	              0	              0	              0	              0	              0	              0	       0.190694	     -0.0121145
	              0	              0	              0	              0	              0	              0	              0	              0	              0	      0.0563078
cholIMIS 5
	       0.172106	      -0.012554	    0.000935277	     0.00432348	      0.0146894	     0.00471976	    -0.00874189	     -0.0207807	     -0.0440348	     0.00295707
	              0	       0.285936	     0.00087875	     0.00413978	    -0.00270179	    -0.00317429	    -0.00653102	     -0.0302548	     -0.0512822	       0.019123
	              0	              0	      0.0441108	     -0.0468124	     -0.0021966	     -0.0039431	     -0.0125317	      0.0240755	      0.0397173	      0.0013027
	              0	              0	              0	      0.0334236	   -0.000709773	     0.00645386	    -0.00023483	     -0.0590738	      -0.105196	      0.0123795
	              0	              0	              0	              0	      0.0306895	     -0.0012788	     -0.0147664	     0.00591041	      0.0897345	     -0.0139704
	              0	              0	              0	              0	              0	      0.0158597	     0.00937245	      0.0106395	       0.170415	      -0.017777
	              0	              0	              0	              0	              0	              0	      0.0146758	     0.00218961	       0.112162	   -0.000470129
	              0	              0	              0	              0	              0	              0	              0	      0.0504771	      0.0712947	     -0.0533108
	              0	              0	              0	              0	              0	              0	              0	              0	       0.226758	    -0.00357785
	              0	              0	              0	              0	              0	              0	              0	              0	              0	      0.0355949
cholIMIS 6
	       0.169037	      0.0997028	    -0.00342712	    0.000363279	     0.00121969	    -0.00231994	    -0.00159133	     -0.0123982	     -0.0116453	     0.00854721
	              0	       0.369056	     0.00470514	     -0.0150412	     -0.0100516	    -0.00614785	     0.00333832	    -0.00777987	      0.0582286	      0.0210111
	              0	              0	      0.0409619	     -0.0460073	      -0.010185	    -0.00227492	    -0.00174091	      0.0295492	       0.115264	     0.00548256
	              0	              0	              0	      0.0427791	     0.00319095	      0.0134249	    -0.00915328	     -0.0893412	      -0.192306	      0.0260021
	              0	              0	              0	              0	      0.0267615	    -0.00425882	     -0.0107182	     0.00732737	      0.0293876	     -0.0121661
	              0	              0	              0	              0	              0	      0.0132712	     0.00903409	     0.00959487	       0.128451	     -0.0177616
	              0	              0	              0	              0	              0	              0	      0.0172589	     0.00631153	       0.157127	    -0.00749612
	              0	              0	              0	              0	              0	              0	              0	      0.0532993	      0.0925609	     -0.0565658
	              0	              0	              0	              0	              0	              0	              0	              0	       0.265447	      -0.005467
	              0	              0	              0	              0	              0	              0	              0	              0	              0	      0.0307206
cholIMIS 7
	       0.168227	      0.0410022	    -0.00718366	     0.00720302	    -0.00719164	    -0.00680215	     0.00748014	    -0.00242015	      -0.169723	     -0.0111654
	              0	       0.340294	    -0.00288297	     0.00338519	   -0.000798588	     0.00228215	    -0.00499211	     -0.0170048	       0.113957	     0.00752537
	              0	              0	      0.0349769	      -0.038459	    -0.00988332	     -0.0012278	    -0.00140396	      0.0104021	      0.0679106	      0.0213009
	              0	              0	              0	      0.0292758	     0.00563345	     0.00371018	    -0.00338804	     -0.0701176	      -0.109962	      0.0300751
	              0	              0	              0	              0	      0.0262489	    -0.00276549	     -0.0067321	    -0.00829672	      0.0756782	     0.00416701
	              0	              0	              0	              0	              0	      0.0173125	   -0.000820634	      0.0311375	       0.109518	     -0.0421749
	              0	              0	              0	              0	              0	              0	      0.0196651	      -0.011117	      0.0714887	      0.0108336
	              0	              0	              0	              0	              0	              0	              0	      0.0644987	     -0.0885301	     -0.0836128
	              0	              0	              0	              0	              0	              0	              0	              0	       0.276362	     0.00382645
	              0	              0	              0	              0	              0	              0	              0	              0	              0	      0.0215191
cholIMIS 8
	       0.184738	      0.0798755	    -0.00726635	     0.00850667	      0.0076658	    -0.00403406	    -0.00436377	     -0.0198112	     -0.0676483	      0.0114826
	              0	       0.353092	     0.00570585	     -0.0156385	      -0.011878	    -0.00546161	     0.00223538	    -0.00691476	       0.113476	      0.0275489
	              0	              0	      0.0397279	     -0.0442258	     -0.0109617	    -0.00113711	   -0.000309822	      0.0121388	      0.0133544	      0.0187285
	              0	              0	              0	      0.0351765	     0.00723796	      0.0118073	     -0.0126052	     -0.0675635	      0.0356236	      0.0211737
	              0	              0	              0	              0	      0.0398332	    -0.00522366	      -0.013337	     -0.0008754	     -0.0178458	    -0.00895489
	              0	              0	              0	              0	              0	       0.010647	     0.00689799	    -0.00202923	      0.0505541	    -0.00169636
	              0	              0	              0	              0	              0	              0	      0.0172432	    -0.00132128	     -0.0351335	    -0.00657451
	              0	              0	              0	              0	              0	              0	              0	      0.0535671	      0.0430654	     -0.0645677
	              0	              0	              0	              0	              0	              0	              0	              0	       0.342983	      0.0073204
	              0	              0	              0	              0	              0	              0	              0	              0	              0	      0.0235257
cholIMIS 9
	       0.253591	      0.0932859	     -0.0203609	     0.00508951	      0.0252858	     -0.0115456	     0.00310187	     0.00493362	       0.181629	     0.00594936
	              0	       0.320771	    -0.00128514	     0.00216102	    -0.00932892	      0.0064954	     0.00744186	     -0.0312384	      0.0855537	      0.0246779
	              0	              0	      0.0257116	     -0.0244849	    -0.00577177	    0.000144703	    -0.00323277	      0.0089688	      0.0977306	     0.00296876
	              0	              0	              0	      0.0297095	    -0.00255101	     0.00997062	    -0.00645362	     -0.0494379	       0.169017	     0.00938377
	              0	              0	              0	              0	      0.0238763	      -0.010315	     -0.0143311	    -0.00852348	       0.102469	      0.0157644
	              0	              0	              0	              0	              0	      0.0132568	      0.0106456	     0.00523713	     -0.0429639	     -0.0196401
	              0	              0	              0	              0	              0	              0	      0.0129492	     -0.0108418	     -0.0900096	     0.00769581
	              0	              0	              0	              0	              0	              0	              0	      0.0417149	       0.105034	     -0.0530274
	              0	              0	              0	              0	              0	              0	              0	              0	       0.340068	     0.00737418
	              0	              0	              0	              0	              0	              0	              0	              0	              0	      0.0146153
