Male migration
156.6488	123.5804	185.0027	180.5575	59.1855	38.2720	40.9609	-208.2196	-172.4538	683.1891	2646.4130	-685.5320	-685.5320	-685.5320	-685.5320	-685.5320	56.5434	56.5434	56.5434	56.5434	56.5434	-8434.5134	-723.0518	-2749.1998	-723.0518	-723.0518	-0.2149	-0.2149	-0.2149	-0.2149	-0.2149	-0.2149	-0.2149	-0.2149	-0.2149	-0.2149	-0.2149	-0.2149
-16.0949	152.9969	119.9285	181.3508	176.9056	55.5336	130.5242	25.0103	-224.1701	-188.4044	667.2385	-891.6659	219.6409	219.6409	219.6409	219.6409	-196.0308	-196.0308	-196.0308	-196.0308	-196.0308	-6760.6678	477.3941	-1519.9409	477.3941	477.3941	-0.2213	-0.2213	-0.2213	-0.2213	-0.2213	-0.2213	-0.2213	-0.2213	-0.2213	-0.2213	-0.2213	-0.2213
-17.9223	-17.9330	151.1588	118.0904	179.5127	175.0675	130.3767	109.4632	3.9493	-245.2312	-209.4654	279.4908	16.5182	1126.0077	1126.0077	1126.0077	-436.9954	-436.9954	-436.9954	-436.9954	-436.9954	-5127.7049	1689.4496	-148.2274	1689.4496	1689.4496	-0.2276	-0.2276	-0.2276	-0.2276	-0.2276	-0.2276	-0.2276	-0.2276	-0.2276	-0.2276	-0.2276	-0.2276
-18.4259	-18.4259	-18.4365	150.6553	117.5868	179.0092	227.3339	105.9619	85.0484	-20.4655	-269.6460	627.6150	167.3017	-95.6709	1012.3662	1012.3662	-443.0421	-443.0421	-443.0421	-443.0421	-443.0421	-4886.3986	1568.9061	77.8961	1568.9061	1568.9061	-0.2338	-0.2338	-0.2338	-0.2338	-0.2338	-0.2338	-0.2338	-0.2338	-0.2338	-0.2338	-0.2338	-0.2338
-18.0742	-18.0742	-18.0742	-18.0848	151.0070	117.9385	205.7674	201.3221	79.9501	59.0366	-46.4773	754.9392	532.2126	71.8992	-191.0734	915.8761	-449.7886	-449.7886	-449.7886	-449.7886	-449.7886	-4678.0724	1481.0049	-16.5031	1481.0049	1481.0049	-0.2399	-0.2399	-0.2399	-0.2399	-0.2399	-0.2399	-0.2399	-0.2399	-0.2399	-0.2399	-0.2399	-0.2399
-17.3691	-17.3691	-17.3691	-17.3691	-17.3798	151.7120	118.5484	179.9707	175.5255	54.1535	33.2400	683.8230	672.0776	449.3510	-10.9624	-273.9350	-459.1145	-459.1145	-459.1145	-459.1145	-459.1145	-4519.4473	1416.4593	-1.2407	1416.4593	1416.4593	-0.2459	-0.2459	-0.2459	-0.2459	-0.2459	-0.2459	-0.2459	-0.2459	-0.2459	-0.2459	-0.2459	-0.2459
-16.7901	-16.7901	-16.7901	-16.7901	-16.7901	-16.8008	127.7921	94.7236	156.1460	151.7008	30.3287	745.6578	609.2134	597.4680	374.7414	-85.5720	-472.7201	-472.7201	-472.7201	-472.7201	-472.7201	-4426.1962	1366.1614	-79.6476	1366.1614	1366.1614	-0.2519	-0.2519	-0.2519	-0.2519	-0.2519	-0.2519	-0.2519	-0.2519	-0.2519	-0.2519	-0.2519	-0.2519
-16.7481	-16.7481	-16.7481	-16.7481	-16.7481	-16.7481	-61.5617	107.5301	74.4616	135.8840	131.4388	754.9112	674.8501	538.4057	526.6604	303.9337	-491.7318	-491.7318	-491.7318	-491.7318	-491.7318	-4411.1365	1321.2512	-76.2878	1321.2512	1321.2512	-0.2578	-0.2578	-0.2578	-0.2578	-0.2578	-0.2578	-0.2578	-0.2578	-0.2578	-0.2578	-0.2578	-0.2578
-17.5408	-17.5408	-17.5408	-17.5408	-17.5408	-17.5408	-76.9360	-76.9467	92.1451	59.0767	120.4991	614.4696	683.4875	603.4264	466.9820	455.2367	-516.4195	-516.4195	-516.4195	-516.4195	-516.4195	-4481.5565	1274.0514	-273.4696	1274.0514	1274.0514	-0.2636	-0.2636	-0.2636	-0.2636	-0.2636	-0.2636	-0.2636	-0.2636	-0.2636	-0.2636	-0.2636	-0.2636
-19.1249	-19.1249	-19.1249	-19.1249	-19.1249	-19.1249	-86.9594	-86.9594	-86.9700	82.1218	49.0533	611.6888	538.7346	607.7525	527.6914	391.2471	-544.4835	-544.4835	-544.4835	-544.4835	-544.4835	-4628.1587	1220.4325	-141.9705	1220.4325	1220.4325	-0.2694	-0.2694	-0.2694	-0.2694	-0.2694	-0.2694	-0.2694	-0.2694	-0.2694	-0.2694	-0.2694	-0.2694
-21.0937	-21.0937	-21.0937	-21.0937	-21.0937	-21.0937	-92.0215	-92.0215	-92.0215	-92.0322	77.0596	699.0396	529.1993	456.2452	525.2630	445.2019	-570.9516	-570.9516	-570.9516	-570.9516	-570.9516	-4823.4338	1160.5689	-335.6871	1160.5689	1160.5689	-0.2751	-0.2751	-0.2751	-0.2751	-0.2751	-0.2751	-0.2751	-0.2751	-0.2751	-0.2751	-0.2751	-0.2751
-22.7225	-22.7225	-22.7225	-22.7225	-22.7225	-22.7225	-93.2972	-93.2972	-93.2972	-93.2972	-93.2972	591.6991	611.0669	441.2265	368.2724	437.2903	-588.9130	-588.9130	-588.9130	-588.9130	-588.9130	-5020.8728	1101.4655	-235.5785	1101.4655	1101.4655	-0.2807	-0.2807	-0.2807	-0.2807	-0.2807	-0.2807	-0.2807	-0.2807	-0.2807	-0.2807	-0.2807	-0.2807
-23.1502	-23.1502	-23.1502	-23.1502	-23.1502	-23.1502	-92.2932	-92.2932	-92.2932	-92.2932	-92.2932	310.6198	503.5556	522.9234	353.0830	280.1289	-590.9866	-590.9866	-590.9866	-590.9866	-590.9866	-5163.0626	1055.8161	-185.3059	1055.8161	1055.8161	-0.2863	-0.2863	-0.2863	-0.2863	-0.2863	-0.2863	-0.2863	-0.2863	-0.2863	-0.2863	-0.2863	-0.2863
-21.9020	-21.9020	-21.9020	-21.9020	-21.9020	-21.9020	-89.5757	-89.5757	-89.5757	-89.5757	-89.5757	231.3443	231.3443	424.2801	443.6478	273.8075	-573.3594	-573.3594	-573.3594	-573.3594	-573.3594	-5206.3683	1037.3132	-165.0008	1037.3132	1037.3132	413.2372	413.2372	413.2372	413.2372	413.2372	413.2372	413.2372	413.2372	413.2372	413.2372	413.2372	413.2372
-19.6389	-19.6389	-19.6389	-19.6389	-19.6389	-19.6389	-82.9455	-82.9455	-82.9455	-82.9455	-82.9455	171.6402	171.6402	171.6402	364.5760	383.9437	-541.3856	-541.3856	-541.3856	-541.3856	-541.3856	-5157.8267	1052.4387	-205.9773	1052.4387	1052.4387	1070.0043	1070.0043	1070.0043	1070.0043	1070.0043	1070.0043	1070.0043	1070.0043	1070.0043	1070.0043	1070.0043	1070.0043
-16.6594	-16.6594	-16.6594	-16.6594	-16.6594	-16.6594	-77.8079	-77.8079	-77.8079	-77.8079	-77.8079	139.4217	139.4217	139.4217	139.4217	332.3576	-502.0263	-502.0263	-502.0263	-502.0263	-502.0263	-5063.7555	1100.5228	-493.6542	1100.5228	1100.5228	593.0671	593.0671	593.0671	593.0671	593.0671	593.0671	593.0671	593.0671	593.0671	593.0671	593.0671	593.0671
-14.5626	-14.5626	-14.5626	-14.5626	-14.5626	-14.5626	-64.4510	-64.4510	-64.4510	-64.4510	-64.4510	129.6643	129.6643	129.6643	129.6643	129.6643	-461.5294	-461.5294	-461.5294	-461.5294	-461.5294	-4954.0598	1165.3010	-321.2743	1165.3010	1165.3010	321.5160	321.5160	321.5160	321.5160	321.5160	321.5160	321.5160	321.5160	321.5160	321.5160	321.5160	321.5160
-14.9874	-14.9874	-14.9874	-14.9874	-14.9874	-14.9874	-26.0962	-26.0962	-26.0962	-26.0962	-26.0962	133.8152	133.8152	133.8152	133.8152	133.8152	-430.8901	-430.8901	-430.8901	-430.8901	-430.8901	-4817.2458	1225.7110	-365.3680	1225.7110	1225.7110	174.1789	174.1789	174.1789	174.1789	174.1789	174.1789	174.1789	174.1789	174.1789	174.1789	174.1789	174.1789
-18.8945	-18.8945	-18.8945	-18.8945	-18.8945	-18.8945	44.4180	44.4180	44.4180	44.4180	44.4180	140.5314	140.5314	140.5314	140.5314	140.5314	-403.4316	-403.4316	-403.4316	-403.4316	-403.4316	-4662.0628	1269.0295	-748.9235	1269.0295	1269.0295	94.2904	94.2904	94.2904	94.2904	94.2904	94.2904	94.2904	94.2904	94.2904	94.2904	94.2904	94.2904
-25.2271	-25.2271	-25.2271	-25.2271	-25.2271	-25.2271	136.8927	136.8927	136.8927	136.8927	136.8927	144.1941	144.1941	144.1941	144.1941	144.1941	-356.5122	-356.5122	-356.5122	-356.5122	-356.5122	-4484.3999	1303.3819	-680.2071	1303.3819	1303.3819	50.9730	50.9730	50.9730	50.9730	50.9730	50.9730	50.9730	50.9730	50.9730	50.9730	50.9730	50.9730
-32.3695	-32.3695	-32.3695	-32.3695	-32.3695	-32.3695	237.8370	237.8370	237.8370	237.8370	237.8370	137.4910	137.4910	137.4910	137.4910	137.4910	-276.0128	-276.0128	-276.0128	-276.0128	-276.0128	-4300.1877	1331.8751	-577.6739	1331.8751	1331.8751	27.4842	27.4842	27.4842	27.4842	27.4842	27.4842	27.4842	27.4842	27.4842	27.4842	27.4842	27.4842
-38.5337	-38.5337	-38.5337	-38.5337	-38.5337	-38.5337	329.5822	329.5822	329.5822	329.5822	329.5822	122.5411	122.5411	122.5411	122.5411	122.5411	-170.4195	-170.4195	-170.4195	-170.4195	-170.4195	-4106.6342	1354.2463	-685.2378	1354.2463	1354.2463	14.7465	14.7465	14.7465	14.7465	14.7465	14.7465	14.7465	14.7465	14.7465	14.7465	14.7465	14.7465
-43.1097	-43.1097	-43.1097	-43.1097	-43.1097	-43.1097	403.0174	403.0174	403.0174	403.0174	403.0174	104.3156	104.3156	104.3156	104.3156	104.3156	-55.2282	-55.2282	-55.2282	-55.2282	-55.2282	-3871.0048	1382.2288	-747.5822	1382.2288	1382.2288	-40.7543	-40.7543	-40.7543	-40.7543	-40.7543	-40.7543	-40.7543	-40.7543	-40.7543	-40.7543	-40.7543	-40.7543
-45.2655	-45.2655	-45.2655	-45.2655	-45.2655	-45.2655	448.9234	448.9234	448.9234	448.9234	448.9234	89.3261	89.3261	89.3261	89.3261	89.3261	47.7822	47.7822	47.7822	47.7822	47.7822	-3605.5817	1398.5986	-1071.3894	1398.5986	1398.5986	-44.5014	-44.5014	-44.5014	-44.5014	-44.5014	-44.5014	-44.5014	-44.5014	-44.5014	-44.5014	-44.5014	-44.5014
-45.5253	-45.5253	-45.5253	-45.5253	-45.5253	-45.5253	472.5599	472.5599	472.5599	472.5599	472.5599	79.1517	79.1517	79.1517	79.1517	79.1517	123.1500	123.1500	123.1500	123.1500	123.1500	-3360.0909	1367.0409	-1321.8301	1367.0409	1367.0409	-46.5347	-46.5347	-46.5347	-46.5347	-46.5347	-46.5347	-46.5347	-46.5347	-46.5347	-46.5347	-46.5347	-46.5347
-45.4667	-45.4667	-45.4667	-45.4667	-45.4667	-45.4667	490.9849	490.9849	490.9849	490.9849	490.9849	77.6601	77.6601	77.6601	77.6601	77.6601	155.4251	155.4251	155.4251	155.4251	155.4251	-3155.7961	1269.5738	-1021.2682	1269.5738	1269.5738	-47.6388	-47.6388	-47.6388	-47.6388	-47.6388	-47.6388	-47.6388	-47.6388	-47.6388	-47.6388	-47.6388	-47.6388
-45.5780	-45.5780	-45.5780	-45.5780	-45.5780	-45.5780	508.6471	508.6471	508.6471	508.6471	508.6471	83.3010	83.3010	83.3010	83.3010	83.3010	154.0812	154.0812	154.0812	154.0812	154.0812	-3005.2518	1125.5365	-1037.8405	1125.5365	1125.5365	-48.2391	-48.2391	-48.2391	-48.2391	-48.2391	-48.2391	-48.2391	-48.2391	-48.2391	-48.2391	-48.2391	-48.2391
-44.8532	-44.8532	-44.8532	-44.8532	-44.8532	-44.8532	513.4696	513.4696	513.4696	513.4696	513.4696	92.8243	92.8243	92.8243	92.8243	92.8243	150.9128	150.9128	150.9128	150.9128	150.9128	-2912.8789	967.4689	-1515.7934	967.4689	967.4689	-48.5662	-48.5662	-48.5662	-48.5662	-48.5662	-48.5662	-48.5662	-48.5662	-48.5662	-48.5662	-48.5662	-48.5662
-43.2387	-43.2387	-43.2387	-43.2387	-43.2387	-43.2387	504.1952	504.1952	504.1952	504.1952	504.1952	101.9899	101.9899	101.9899	101.9899	101.9899	152.8869	152.8869	152.8869	152.8869	152.8869	-2868.5326	826.4605	-1467.4265	826.4605	826.4605	-48.7451	-48.7451	-48.7451	-48.7451	-48.7451	-48.7451	-48.7451	-48.7451	-48.7451	-48.7451	-48.7451	-48.7451
-41.0243	-41.0243	-41.0243	-41.0243	-41.0243	-41.0243	484.2554	484.2554	484.2554	484.2554	484.2554	110.2162	110.2162	110.2162	110.2162	110.2162	137.5113	137.5113	137.5113	137.5113	137.5113	-2845.2320	709.9265	-1562.7875	709.9265	709.9265	-48.8438	-48.8438	-48.8438	-48.8438	-48.8438	-48.8438	-48.8438	-48.8438	-48.8438	-48.8438	-48.8438	-48.8438
-38.1450	-38.1450	-38.1450	-38.1450	-38.1450	-38.1450	455.6419	455.6419	455.6419	455.6419	455.6419	114.9029	114.9029	114.9029	114.9029	114.9029	101.1211	101.1211	101.1211	101.1211	101.1211	-2811.1899	630.5913	-1454.2807	630.5913	630.5913	-48.8988	-48.8988	-48.8988	-48.8988	-48.8988	-48.8988	-48.8988	-48.8988	-48.8988	-48.8988	-48.8988	-48.8988
-35.3654	-35.3654	-35.3654	-35.3654	-35.3654	-35.3654	425.6152	425.6152	425.6152	425.6152	425.6152	116.1415	116.1415	116.1415	116.1415	116.1415	47.8089	47.8089	47.8089	47.8089	47.8089	-2734.1459	577.3530	-1288.3630	577.3530	577.3530	-48.9301	-48.9301	-48.9301	-48.9301	-48.9301	-48.9301	-48.9301	-48.9301	-48.9301	-48.9301	-48.9301	-48.9301
-33.7163	-33.7163	-33.7163	-33.7163	-33.7163	-33.7163	401.5394	401.5394	401.5394	401.5394	401.5394	115.6648	115.6648	115.6648	115.6648	115.6648	-21.7988	-21.7988	-21.7988	-21.7988	-21.7988	-2613.8502	518.5813	-1379.4597	518.5813	518.5813	-48.9487	-48.9487	-48.9487	-48.9487	-48.9487	-48.9487	-48.9487	-48.9487	-48.9487	-48.9487	-48.9487	-48.9487
-33.7326	-33.7326	-33.7326	-33.7326	-33.7326	-33.7326	388.0479	388.0479	388.0479	388.0479	388.0479	114.4475	114.4475	114.4475	114.4475	114.4475	-92.7424	-92.7424	-92.7424	-92.7424	-92.7424	-2433.0829	449.0636	-1585.3869	449.0636	449.0636	-48.9602	-48.9602	-48.9602	-48.9602	-48.9602	-48.9602	-48.9602	-48.9602	-48.9602	-48.9602	-48.9602	-48.9602
-34.8848	-34.8848	-34.8848	-34.8848	-34.8848	-34.8848	381.5505	381.5505	381.5505	381.5505	381.5505	110.9527	110.9527	110.9527	110.9527	110.9527	-144.3695	-144.3695	-144.3695	-144.3695	-144.3695	-2190.8213	396.3327	-1762.4633	396.3327	396.3327	-48.9679	-48.9679	-48.9679	-48.9679	-48.9679	-48.9679	-48.9679	-48.9679	-48.9679	-48.9679	-48.9679	-48.9679
-36.4714	-36.4714	-36.4714	-36.4714	-36.4714	-36.4714	376.8180	376.8180	376.8180	376.8180	376.8180	105.4322	105.4322	105.4322	105.4322	105.4322	-161.4092	-161.4092	-161.4092	-161.4092	-161.4092	-1904.7968	369.2191	-1296.1649	369.2191	369.2191	-48.9735	-48.9735	-48.9735	-48.9735	-48.9735	-48.9735	-48.9735	-48.9735	-48.9735	-48.9735	-48.9735	-48.9735
-37.4815	-37.4815	-37.4815	-37.4815	-37.4815	-37.4815	366.7838	366.7838	366.7838	366.7838	366.7838	98.4585	98.4585	98.4585	98.4585	98.4585	-148.0293	-148.0293	-148.0293	-148.0293	-148.0293	-1634.5291	362.9504	-1463.0055	362.9504	362.9504	-48.9779	-48.9779	-48.9779	-48.9779	-48.9779	-48.9779	-48.9779	-48.9779	-48.9779	-48.9779	-48.9779	-48.9779
-37.3983	-37.3983	-37.3983	-37.3983	-37.3983	-37.3983	348.5175	348.5175	348.5175	348.5175	348.5175	90.9248	90.9248	90.9248	90.9248	90.9248	-128.6760	-128.6760	-128.6760	-128.6760	-128.6760	-1426.7722	370.9652	-1562.4448	370.9652	370.9652	-48.9818	-48.9818	-48.9818	-48.9818	-48.9818	-48.9818	-48.9818	-48.9818	-48.9818	-48.9818	-48.9818	-48.9818
-35.7337	-35.7337	-35.7337	-35.7337	-35.7337	-35.7337	318.9433	318.9433	318.9433	318.9433	318.9433	83.2273	83.2273	83.2273	83.2273	83.2273	-107.7419	-107.7419	-107.7419	-107.7419	-107.7419	-1327.0908	377.2573	-1299.8557	377.2573	377.2573	-48.9852	-48.9852	-48.9852	-48.9852	-48.9852	-48.9852	-48.9852	-48.9852	-48.9852	-48.9852	-48.9852	-48.9852
-32.9423	-32.9423	-32.9423	-32.9423	-32.9423	-32.9423	281.6962	281.6962	281.6962	281.6962	281.6962	75.6487	75.6487	75.6487	75.6487	75.6487	-68.9587	-68.9587	-68.9587	-68.9587	-68.9587	-1323.3832	365.5779	-1632.2241	365.5779	365.5779	-48.9884	-48.9884	-48.9884	-48.9884	-48.9884	-48.9884	-48.9884	-48.9884	-48.9884	-48.9884	-48.9884	-48.9884
-29.7847	-29.7847	-29.7847	-29.7847	-29.7847	-29.7847	241.1309	241.1309	241.1309	241.1309	241.1309	68.1388	68.1388	68.1388	68.1388	68.1388	-11.9071	-11.9071	-11.9071	-11.9071	-11.9071	-1382.3364	324.4675	-1604.8745	324.4675	324.4675	-48.9915	-48.9915	-48.9915	-48.9915	-48.9915	-48.9915	-48.9915	-48.9915	-48.9915	-48.9915	-48.9915	-48.9915
-27.0228	-27.0228	-27.0228	-27.0228	-27.0228	-27.0228	204.2002	204.2002	204.2002	204.2002	204.2002	60.5724	60.5724	60.5724	60.5724	60.5724	52.6452	52.6452	52.6452	52.6452	52.6452	-1450.2355	258.6033	-1473.8327	258.6033	258.6033	-48.9944	-48.9944	-48.9944	-48.9944	-48.9944	-48.9944	-48.9944	-48.9944	-48.9944	-48.9944	-48.9944	-48.9944
-24.8221	-24.8221	-24.8221	-24.8221	-24.8221	-24.8221	175.1223	175.1223	175.1223	175.1223	175.1223	52.7494	52.7494	52.7494	52.7494	52.7494	120.2144	120.2144	120.2144	120.2144	120.2144	-1492.6128	187.6030	-1385.6260	187.6030	187.6030	-48.9973	-48.9973	-48.9973	-48.9973	-48.9973	-48.9973	-48.9973	-48.9973	-48.9973	-48.9973	-48.9973	-48.9973
-23.5045	-23.5045	-23.5045	-23.5045	-23.5045	-23.5045	157.5018	157.5018	157.5018	157.5018	157.5018	44.8695	44.8695	44.8695	44.8695	44.8695	172.1929	172.1929	172.1929	172.1929	172.1929	-1481.9195	117.3579	-1873.8591	117.3579	117.3579	-49.0001	-49.0001	-49.0001	-49.0001	-49.0001	-49.0001	-49.0001	-49.0001	-49.0001	-49.0001	-49.0001	-49.0001
-22.8400	-22.8400	-22.8400	-22.8400	-22.8400	-22.8400	148.3221	148.3221	148.3221	148.3221	148.3221	37.2038	37.2038	37.2038	37.2038	37.2038	190.9960	190.9960	190.9960	190.9960	190.9960	-1444.8811	37.7085	-1678.5392	37.7085	37.7085	-49.0029	-49.0029	-49.0029	-49.0029	-49.0029	-49.0029	-49.0029	-49.0029	-49.0029	-49.0029	-49.0029	-49.0029
-22.3531	-22.3531	-22.3531	-22.3531	-22.3531	-22.3531	142.4469	142.4469	142.4469	142.4469	142.4469	30.4000	30.4000	30.4000	30.4000	30.4000	166.8437	166.8437	166.8437	166.8437	166.8437	-1415.5300	-49.4102	-1881.1432	-49.4102	-49.4102	-49.0056	-49.0056	-49.0056	-49.0056	-49.0056	-49.0056	-49.0056	-49.0056	-49.0056	-49.0056	-49.0056	-49.0056
-21.6862	-21.6862	-21.6862	-21.6862	-21.6862	-21.6862	134.6826	134.6826	134.6826	134.6826	134.6826	24.8515	24.8515	24.8515	24.8515	24.8515	115.0667	115.0667	115.0667	115.0667	115.0667	-1406.7353	-133.3055	-1879.6525	-133.3055	-133.3055	-49.0083	-49.0083	-49.0083	-49.0083	-49.0083	-49.0083	-49.0083	-49.0083	-49.0083	-49.0083	-49.0083	-49.0083
-20.8995	-20.8995	-20.8995	-20.8995	-20.8995	-20.8995	123.9950	123.9950	123.9950	123.9950	123.9950	20.6971	20.6971	20.6971	20.6971	20.6971	63.4450	63.4450	63.4450	63.4450	63.4450	-1408.5250	-211.8891	-2066.4161	-211.8891	-211.8891	-49.0109	-49.0109	-49.0109	-49.0109	-49.0109	-49.0109	-49.0109	-49.0109	-49.0109	-49.0109	-49.0109	-49.0109
-19.8831	-19.8831	-19.8831	-19.8831	-19.8831	-19.8831	108.2850	108.2850	108.2850	108.2850	108.2850	17.9255	17.9255	17.9255	17.9255	17.9255	27.0656	27.0656	27.0656	27.0656	27.0656	-1410.2807	-267.7848	-1717.8518	-267.7848	-267.7848	-49.0135	-49.0135	-49.0135	-49.0135	-49.0135	-49.0135	-49.0135	-49.0135	-49.0135	-49.0135	-49.0135	-49.0135
-18.7260	-18.7260	-18.7260	-18.7260	-18.7260	-18.7260	89.3761	89.3761	89.3761	89.3761	89.3761	16.3123	16.3123	16.3123	16.3123	16.3123	-5.3601	-5.3601	-5.3601	-5.3601	-5.3601	-1391.7047	-283.3126	-1905.7226	-283.3126	-283.3126	-49.0161	-49.0161	-49.0161	-49.0161	-49.0161	-49.0161	-49.0161	-49.0161	-49.0161	-49.0161	-49.0161	-49.0161
-17.5596	-17.5596	-17.5596	-17.5596	-17.5596	-17.5596	69.9957	69.9957	69.9957	69.9957	69.9957	15.2698	15.2698	15.2698	15.2698	15.2698	-36.5659	-36.5659	-36.5659	-36.5659	-36.5659	-1329.4899	-253.6176	-1558.8486	-253.6176	-253.6176	-49.0186	-49.0186	-49.0186	-49.0186	-49.0186	-49.0186	-49.0186	-49.0186	-49.0186	-49.0186	-49.0186	-49.0186
-16.5552	-16.5552	-16.5552	-16.5552	-16.5552	-16.5552	53.5303	53.5303	53.5303	53.5303	53.5303	14.2014	14.2014	14.2014	14.2014	14.2014	-70.7386	-70.7386	-70.7386	-70.7386	-70.7386	-1244.1246	-194.9060	-1712.5049	-194.9060	-194.9060	-49.0210	-49.0210	-49.0210	-49.0210	-49.0210	-49.0210	-49.0210	-49.0210	-49.0210	-49.0210	-49.0210	-49.0210
-15.7811	-15.7811	-15.7811	-15.7811	-15.7811	-15.7811	41.2670	41.2670	41.2670	41.2670	41.2670	12.5015	12.5015	12.5015	12.5015	12.5015	-112.2488	-112.2488	-112.2488	-112.2488	-112.2488	-1180.5452	-128.6317	-1209.7127	-128.6317	-128.6317	-49.0234	-49.0234	-49.0234	-49.0234	-49.0234	-49.0234	-49.0234	-49.0234	-49.0234	-49.0234	-49.0234	-49.0234
-15.3125	-15.3125	-15.3125	-15.3125	-15.3125	-15.3125	34.7070	34.7070	34.7070	34.7070	34.7070	9.9357	9.9357	9.9357	9.9357	9.9357	-159.3162	-159.3162	-159.3162	-159.3162	-159.3162	-1163.1446	-72.4246	-1219.6476	-72.4246	-72.4246	-49.0258	-49.0258	-49.0258	-49.0258	-49.0258	-49.0258	-49.0258	-49.0258	-49.0258	-49.0258	-49.0258	-49.0258
-15.0666	-15.0666	-15.0666	-15.0666	-15.0666	-15.0666	32.3766	32.3766	32.3766	32.3766	32.3766	6.4776	6.4776	6.4776	6.4776	6.4776	-200.9683	-200.9683	-200.9683	-200.9683	-200.9683	-1177.8472	-23.6603	-995.3393	-23.6603	-23.6603	-49.0282	-49.0282	-49.0282	-49.0282	-49.0282	-49.0282	-49.0282	-49.0282	-49.0282	-49.0282	-49.0282	-49.0282
-14.8921	-14.8921	-14.8921	-14.8921	-14.8921	-14.8921	31.9687	31.9687	31.9687	31.9687	31.9687	2.0630	2.0630	2.0630	2.0630	2.0630	-228.8436	-228.8436	-228.8436	-228.8436	-228.8436	-1210.2739	15.9571	-827.7446	15.9571	15.9571	-49.0304	-49.0304	-49.0304	-49.0304	-49.0304	-49.0304	-49.0304	-49.0304	-49.0304	-49.0304	-49.0304	-49.0304
-14.6684	-14.6684	-14.6684	-14.6684	-14.6684	-14.6684	30.9390	30.9390	30.9390	30.9390	30.9390	-2.9899	-2.9899	-2.9899	-2.9899	-2.9899	-242.8610	-242.8610	-242.8610	-242.8610	-242.8610	-1238.1759	50.3046	-650.2867	50.3046	50.3046	-49.0327	-49.0327	-49.0327	-49.0327	-49.0327	-49.0327	-49.0327	-49.0327	-49.0327	-49.0327	-49.0327	-49.0327
-14.3929	-14.3929	-14.3929	-14.3929	-14.3929	-14.3929	28.4891	28.4891	28.4891	28.4891	28.4891	-7.9801	-7.9801	-7.9801	-7.9801	-7.9801	-254.2684	-254.2684	-254.2684	-254.2684	-254.2684	-1248.8075	83.9562	-384.2568	83.9562	83.9562	-49.0349	-49.0349	-49.0349	-49.0349	-49.0349	-49.0349	-49.0349	-49.0349	-49.0349	-49.0349	-49.0349	-49.0349
-14.0161	-14.0161	-14.0161	-14.0161	-14.0161	-14.0161	23.4826	23.4826	23.4826	23.4826	23.4826	-12.5089	-12.5089	-12.5089	-12.5089	-12.5089	-262.8084	-262.8084	-262.8084	-262.8084	-262.8084	-1229.7789	119.6205	-259.6097	119.6205	119.6205	-49.0371	-49.0371	-49.0371	-49.0371	-49.0371	-49.0371	-49.0371	-49.0371	-49.0371	-49.0371	-49.0371	-49.0371
-13.5485	-13.5485	-13.5485	-13.5485	-13.5485	-13.5485	16.7657	16.7657	16.7657	16.7657	16.7657	-16.1729	-16.1729	-16.1729	-16.1729	-16.1729	-259.1996	-259.1996	-259.1996	-259.1996	-259.1996	-1189.2633	152.4518	-331.0485	152.4518	152.4518	-49.0392	-49.0392	-49.0392	-49.0392	-49.0392	-49.0392	-49.0392	-49.0392	-49.0392	-49.0392	-49.0392	-49.0392
-13.1193	-13.1193	-13.1193	-13.1193	-13.1193	-13.1193	10.0396	10.0396	10.0396	10.0396	10.0396	-18.0968	-18.0968	-18.0968	-18.0968	-18.0968	-240.9226	-240.9226	-240.9226	-240.9226	-240.9226	-1153.1667	182.0661	-161.2535	182.0661	182.0661	-49.0413	-49.0413	-49.0413	-49.0413	-49.0413	-49.0413	-49.0413	-49.0413	-49.0413	-49.0413	-49.0413	-49.0413
-12.6813	-12.6813	-12.6813	-12.6813	-12.6813	-12.6813	4.6309	4.6309	4.6309	4.6309	4.6309	-17.8917	-17.8917	-17.8917	-17.8917	-17.8917	-213.7181	-213.7181	-213.7181	-213.7181	-213.7181	-1117.8727	205.6613	-156.5502	205.6613	205.6613	-49.0434	-49.0434	-49.0434	-49.0434	-49.0434	-49.0434	-49.0434	-49.0434	-49.0434	-49.0434	-49.0434	-49.0434
-12.0463	-12.0463	-12.0463	-12.0463	-12.0463	-12.0463	0.3922	0.3922	0.3922	0.3922	0.3922	-15.6555	-15.6555	-15.6555	-15.6555	-15.6555	-183.7453	-183.7453	-183.7453	-183.7453	-183.7453	-1047.5704	225.7592	-91.8846	225.7592	225.7592	-49.0454	-49.0454	-49.0454	-49.0454	-49.0454	-49.0454	-49.0454	-49.0454	-49.0454	-49.0454	-49.0454	-49.0454
-11.1540	-11.1540	-11.1540	-11.1540	-11.1540	-11.1540	-2.2439	-2.2439	-2.2439	-2.2439	-2.2439	-11.5254	-11.5254	-11.5254	-11.5254	-11.5254	-159.8969	-159.8969	-159.8969	-159.8969	-159.8969	-939.4768	235.3151	-137.9944	235.3151	235.3151	-49.0474	-49.0474	-49.0474	-49.0474	-49.0474	-49.0474	-49.0474	-49.0474	-49.0474	-49.0474	-49.0474	-49.0474
-10.0925	-10.0925	-10.0925	-10.0925	-10.0925	-10.0925	-3.6108	-3.6108	-3.6108	-3.6108	-3.6108	-5.9137	-5.9137	-5.9137	-5.9137	-5.9137	-146.7706	-146.7706	-146.7706	-146.7706	-146.7706	-819.8821	223.8939	-2.8005	223.8939	223.8939	-49.0494	-49.0494	-49.0494	-49.0494	-49.0494	-49.0494	-49.0494	-49.0494	-49.0494	-49.0494	-49.0494	-49.0494
-8.9318	-8.9318	-8.9318	-8.9318	-8.9318	-8.9318	-4.4378	-4.4378	-4.4378	-4.4378	-4.4378	0.4233	0.4233	0.4233	0.4233	0.4233	-147.5590	-147.5590	-147.5590	-147.5590	-147.5590	-703.5561	187.9943	-66.7805	187.9943	187.9943	-49.0513	-49.0513	-49.0513	-49.0513	-49.0513	-49.0513	-49.0513	-49.0513	-49.0513	-49.0513	-49.0513	-49.0513
-7.8604	-7.8604	-7.8604	-7.8604	-7.8604	-7.8604	-5.1935	-5.1935	-5.1935	-5.1935	-5.1935	6.6816	6.6816	6.6816	6.6816	6.6816	-155.8629	-155.8629	-155.8629	-155.8629	-155.8629	-614.9605	137.4160	-14.3605	137.4160	137.4160	-49.0532	-49.0532	-49.0532	-49.0532	-49.0532	-49.0532	-49.0532	-49.0532	-49.0532	-49.0532	-49.0532	-49.0532
-7.0419	-7.0419	-7.0419	-7.0419	-7.0419	-7.0419	-5.7095	-5.7095	-5.7095	-5.7095	-5.7095	12.0102	12.0102	12.0102	12.0102	12.0102	-160.4845	-160.4845	-160.4845	-160.4845	-160.4845	-573.9249	83.7380	-88.2844	83.7380	83.7380	-49.0550	-49.0550	-49.0550	-49.0550	-49.0550	-49.0550	-49.0550	-49.0550	-49.0550	-49.0550	-49.0550	-49.0550
-6.5856	-6.5856	-6.5856	-6.5856	-6.5856	-6.5856	-6.1188	-6.1188	-6.1188	-6.1188	-6.1188	15.9440	15.9440	15.9440	15.9440	15.9440	-156.1427	-156.1427	-156.1427	-156.1427	-156.1427	-587.6357	40.1336	-95.4092	40.1336	40.1336	-49.0568	-49.0568	-49.0568	-49.0568	-49.0568	-49.0568	-49.0568	-49.0568	-49.0568	-49.0568	-49.0568	-49.0568
-6.3902	-6.3902	-6.3902	-6.3902	-6.3902	-6.3902	-6.3783	-6.3783	-6.3783	-6.3783	-6.3783	18.2668	18.2668	18.2668	18.2668	18.2668	-148.9229	-148.9229	-148.9229	-148.9229	-148.9229	-633.6805	10.4431	-180.3395	10.4431	10.4431	-49.0586	-49.0586	-49.0586	-49.0586	-49.0586	-49.0586	-49.0586	-49.0586	-49.0586	-49.0586	-49.0586	-49.0586
-6.2983	-6.2983	-6.2983	-6.2983	-6.2983	-6.2983	-6.4891	-6.4891	-6.4891	-6.4891	-6.4891	18.8594	18.8594	18.8594	18.8594	18.8594	-142.1271	-142.1271	-142.1271	-142.1271	-142.1271	-679.9950	-3.1003	-74.1686	-3.1003	-3.1003	-49.0603	-49.0603	-49.0603	-49.0603	-49.0603	-49.0603	-49.0603	-49.0603	-49.0603	-49.0603	-49.0603	-49.0603
-6.1309	-6.1309	-6.1309	-6.1309	-6.1309	-6.1309	-6.2723	-6.2723	-6.2723	-6.2723	-6.2723	18.0385	18.0385	18.0385	18.0385	18.0385	-136.8342	-136.8342	-136.8342	-136.8342	-136.8342	-699.8006	-6.0284	-174.0816	-6.0284	-6.0284	-49.0621	-49.0621	-49.0621	-49.0621	-49.0621	-49.0621	-49.0621	-49.0621	-49.0621	-49.0621	-49.0621	-49.0621
-5.8297	-5.8297	-5.8297	-5.8297	-5.8297	-5.8297	-5.5555	-5.5555	-5.5555	-5.5555	-5.5555	16.5564	16.5564	16.5564	16.5564	16.5564	-133.8583	-133.8583	-133.8583	-133.8583	-133.8583	-692.6324	-6.9761	-84.8096	-6.9761	-6.9761	-49.0637	-49.0637	-49.0637	-49.0637	-49.0637	-49.0637	-49.0637	-49.0637	-49.0637	-49.0637	-49.0637	-49.0637
-5.3155	-5.3155	-5.3155	-5.3155	-5.3155	-5.3155	-4.2567	-4.2567	-4.2567	-4.2567	-4.2567	14.6808	14.6808	14.6808	14.6808	14.6808	-130.1510	-130.1510	-130.1510	-130.1510	-130.1510	-649.1116	-10.4997	-149.5931	-10.4997	-10.4997	-49.0654	-49.0654	-49.0654	-49.0654	-49.0654	-49.0654	-49.0654	-49.0654	-49.0654	-49.0654	-49.0654	-49.0654
-4.6547	-4.6547	-4.6547	-4.6547	-4.6547	-4.6547	-2.5843	-2.5843	-2.5843	-2.5843	-2.5843	12.6730	12.6730	12.6730	12.6730	12.6730	-119.4777	-119.4777	-119.4777	-119.4777	-119.4777	-575.5143	-11.5171	-140.7197	-11.5171	-11.5171	-49.0670	-49.0670	-49.0670	-49.0670	-49.0670	-49.0670	-49.0670	-49.0670	-49.0670	-49.0670	-49.0670	-49.0670
-3.9738	-3.9738	-3.9738	-3.9738	-3.9738	-3.9738	-0.6203	-0.6203	-0.6203	-0.6203	-0.6203	10.8671	10.8671	10.8671	10.8671	10.8671	-98.7537	-98.7537	-98.7537	-98.7537	-98.7537	-492.8532	-9.9049	-66.6551	-9.9049	-9.9049	-49.0686	-49.0686	-49.0686	-49.0686	-49.0686	-49.0686	-49.0686	-49.0686	-49.0686	-49.0686	-49.0686	-49.0686
-3.3760	-3.3760	-3.3760	-3.3760	-3.3760	-3.3760	1.1614	1.1614	1.1614	1.1614	1.1614	9.4273	9.4273	9.4273	9.4273	9.4273	-71.1733	-71.1733	-71.1733	-71.1733	-71.1733	-420.0504	-6.2174	-18.8114	-6.2174	-6.2174	-49.0701	-49.0701	-49.0701	-49.0701	-49.0701	-49.0701	-49.0701	-49.0701	-49.0701	-49.0701	-49.0701	-49.0701
-2.8587	-2.8587	-2.8587	-2.8587	-2.8587	-2.8587	2.2421	2.2421	2.2421	2.2421	2.2421	8.3478	8.3478	8.3478	8.3478	8.3478	-40.3594	-40.3594	-40.3594	-40.3594	-40.3594	-357.1689	0.2164	-61.0402	0.2164	0.2164	-49.0717	-49.0717	-49.0717	-49.0717	-49.0717	-49.0717	-49.0717	-49.0717	-49.0717	-49.0717	-49.0717	-49.0717
-2.4592	-2.4592	-2.4592	-2.4592	-2.4592	-2.4592	2.3159	2.3159	2.3159	2.3159	2.3159	7.7010	7.7010	7.7010	7.7010	7.7010	-13.3065	-13.3065	-13.3065	-13.3065	-13.3065	-313.4079	6.9922	-87.6606	6.9922	6.9922	-49.0731	-49.0731	-49.0731	-49.0731	-49.0731	-49.0731	-49.0731	-49.0731	-49.0731	-49.0731	-49.0731	-49.0731
-2.1545	-2.1545	-2.1545	-2.1545	-2.1545	-2.1545	1.6543	1.6543	1.6543	1.6543	1.6543	7.4716	7.4716	7.4716	7.4716	7.4716	4.6160	4.6160	4.6160	4.6160	4.6160	-287.8446	9.9563	-60.4501	9.9563	9.9563	-49.0746	-49.0746	-49.0746	-49.0746	-49.0746	-49.0746	-49.0746	-49.0746	-49.0746	-49.0746	-49.0746	-49.0746
-1.9014	-1.9014	-1.9014	-1.9014	-1.9014	-1.9014	0.7248	0.7248	0.7248	0.7248	0.7248	7.5340	7.5340	7.5340	7.5340	7.5340	9.3816	9.3816	9.3816	9.3816	9.3816	-273.4409	7.0338	-46.4893	7.0338	7.0338	-49.0760	-49.0760	-49.0760	-49.0760	-49.0760	-49.0760	-49.0760	-49.0760	-49.0760	-49.0760	-49.0760	-49.0760
-1.6635	-1.6635	-1.6635	-1.6635	-1.6635	-1.6635	-0.0742	-0.0742	-0.0742	-0.0742	-0.0742	7.7311	7.7311	7.7311	7.7311	7.7311	4.2751	4.2751	4.2751	4.2751	4.2751	-260.8485	-0.1154	-25.3069	-0.1154	-0.1154	-49.0774	-49.0774	-49.0774	-49.0774	-49.0774	-49.0774	-49.0774	-49.0774	-49.0774	-49.0774	-49.0774	-49.0774
-1.4217	-1.4217	-1.4217	-1.4217	-1.4217	-1.4217	-0.5060	-0.5060	-0.5060	-0.5060	-0.5060	7.9084	7.9084	7.9084	7.9084	7.9084	-4.9030	-4.9030	-4.9030	-4.9030	-4.9030	-242.7435	-8.5316	-63.7247	-8.5316	-8.5316	-49.0788	-49.0788	-49.0788	-49.0788	-49.0788	-49.0788	-49.0788	-49.0788	-49.0788	-49.0788	-49.0788	-49.0788
-1.1758	-1.1758	-1.1758	-1.1758	-1.1758	-1.1758	-0.5187	-0.5187	-0.5187	-0.5187	-0.5187	7.9095	7.9095	7.9095	7.9095	7.9095	-13.1874	-13.1874	-13.1874	-13.1874	-13.1874	-216.0068	-15.6611	-38.3621	-15.6611	-15.6611	-49.0802	-49.0802	-49.0802	-49.0802	-49.0802	-49.0802	-49.0802	-49.0802	-49.0802	-49.0802	-49.0802	-49.0802
-0.9439	-0.9439	-0.9439	-0.9439	-0.9439	-0.9439	-0.2334	-0.2334	-0.2334	-0.2334	-0.2334	7.6158	7.6158	7.6158	7.6158	7.6158	-17.6177	-17.6177	-17.6177	-17.6177	-17.6177	-182.0841	-19.9537	-19.9537	-19.9537	-19.9537	-49.0815	-49.0815	-49.0815	-49.0815	-49.0815	-49.0815	-49.0815	-49.0815	-49.0815	-49.0815	-49.0815	-49.0815
-0.0221	-0.0221	-0.0221	-0.0221	-0.0221	-0.0221	0.5421	0.5421	0.5421	0.5421	0.5421	5.5492	5.5492	5.5492	5.5492	5.5492	-17.5553	-17.5553	-17.5553	-17.5553	-17.5553	-144.7862	-21.0369	-31.9104	-21.0369	-21.0369	-49.0828	-49.0828	-49.0828	-49.0828	-49.0828	-49.0828	-49.0828	-49.0828	-49.0828	-49.0828	-49.0828	-49.0828
-0.0309	-0.0309	-0.0309	-0.0309	-0.0309	-0.0309	0.7592	0.7592	0.7592	0.7592	0.7592	4.7543	4.7543	4.7543	4.7543	4.7543	-14.5432	-14.5432	-14.5432	-14.5432	-14.5432	-109.7439	-19.6464	-32.2422	-19.6464	-19.6464	-49.0840	-49.0840	-49.0840	-49.0840	-49.0840	-49.0840	-49.0840	-49.0840	-49.0840	-49.0840	-49.0840	-49.0840
-0.0299	-0.0299	-0.0299	-0.0299	-0.0299	-0.0299	0.7341	0.7341	0.7341	0.7341	0.7341	3.8195	3.8195	3.8195	3.8195	3.8195	-10.8511	-10.8511	-10.8511	-10.8511	-10.8511	-83.1954	-16.8872	-37.5710	-16.8872	-16.8872	-49.0853	-49.0853	-49.0853	-49.0853	-49.0853	-49.0853	-49.0853	-49.0853	-49.0853	-49.0853	-49.0853	-49.0853
-0.0117	-0.0117	-0.0117	-0.0117	-0.0117	-0.0117	0.2863	0.2863	0.2863	0.2863	0.2863	2.7448	2.7448	2.7448	2.7448	2.7448	-9.1893	-9.1893	-9.1893	-9.1893	-9.1893	-71.3668	-14.0900	-35.5188	-14.0900	-14.0900	-49.0865	-49.0865	-49.0865	-49.0865	-49.0865	-49.0865	-49.0865	-49.0865	-49.0865	-49.0865	-49.0865	-49.0865
0.0311	0.0311	0.0311	0.0311	0.0311	0.0311	-0.7649	-0.7649	-0.7649	-0.7649	-0.7649	1.5303	1.5303	1.5303	1.5303	1.5303	-12.4136	-12.4136	-12.4136	-12.4136	-12.4136	-80.5586	-12.6601	-12.6601	-12.6601	-12.6601	-49.0876	-49.0876	-49.0876	-49.0876	-49.0876	-49.0876	-49.0876	-49.0876	-49.0876	-49.0876	-49.0876	-49.0876
-0.0211	-0.0211	-0.0211	-0.0211	-0.0211	-0.0211	0.5189	0.5189	0.5189	0.5189	0.5189	6.1327	6.1327	6.1327	6.1327	6.1327	-3.1913	-3.1913	-3.1913	-3.1913	-3.1913	9.9965	6.1149	-67.8732	6.1149	6.1149	0.0000	0.0000	0.0000	0.0000	0.0000	0.0000	0.0000	0.0000	0.0000	0.0000	0.0000	0.0000
Female migration
187.8714	157.2233	187.2268	184.4379	55.8827	306.4769	172.1034	-21.6868	-62.0493	872.4147	3639.1134	-481.8818	-481.8818	-481.8818	-481.8818	-481.8818	-86.4919	-86.4919	-86.4919	-86.4919	-86.4919	-9108.8612	-969.6353	-2981.0661	-969.6353	-969.6353	-0.1853	-0.1853	-0.1853	-0.1853	-0.1853	-0.1853	-0.1853	-0.1853	-0.1853	-0.1853	-0.1853	-0.1853
21.7768	175.6993	145.0512	175.0547	172.2658	323.3244	266.8397	123.9442	-69.8461	-110.2085	824.2554	-1015.9450	269.7306	269.7306	269.7306	269.7306	-331.8126	-331.8126	-331.8126	-331.8126	-331.8126	-7182.6312	511.2450	-1255.2370	511.2450	511.2450	-0.1917	-0.1917	-0.1917	-0.1917	-0.1917	-0.1917	-0.1917	-0.1917	-0.1917	-0.1917	-0.1917	-0.1917
11.2840	11.2722	165.1947	134.5466	164.5501	402.2962	291.2534	221.2062	78.3106	-115.4796	-155.8421	181.5683	-261.2421	1022.8063	1022.8063	1022.8063	-565.8675	-565.8675	-565.8675	-565.8675	-565.8675	-5348.6650	2003.3912	174.0302	2003.3912	2003.3912	-0.1981	-0.1981	-0.1981	-0.1981	-0.1981	-0.1981	-0.1981	-0.1981	-0.1981	-0.1981	-0.1981	-0.1981
2.3422	2.3422	2.3305	156.2530	125.6049	359.3707	377.0737	248.5185	178.4713	35.5757	-158.2145	598.1298	69.9956	-372.8149	909.8654	909.8654	-513.5312	-513.5312	-513.5312	-513.5312	-513.5312	-5342.8163	1748.5040	276.2270	1748.5040	1748.5040	-0.2044	-0.2044	-0.2044	-0.2044	-0.2044	-0.2044	-0.2044	-0.2044	-0.2044	-0.2044	-0.2044	-0.2044
-5.1413	-5.1413	-5.1413	-5.1530	148.7695	287.7745	340.3991	337.6102	209.0550	139.0078	-3.8878	697.6467	502.9047	-25.2295	-468.0399	813.5312	-460.2968	-460.2968	-460.2968	-460.2968	-460.2968	-5326.7630	1562.4598	0.0638	1562.4598	1562.4598	-0.2106	-0.2106	-0.2106	-0.2106	-0.2106	-0.2106	-0.2106	-0.2106	-0.2106	-0.2106	-0.2106	-0.2106
-11.2727	-11.2727	-11.2727	-11.2727	-11.2844	281.2012	274.5744	304.5780	301.7890	173.2338	103.1866	693.0215	614.7461	420.0040	-108.1302	-550.9406	-412.3062	-412.3062	-412.3062	-412.3062	-412.3062	-5294.2280	1428.0112	192.6392	1428.0112	1428.0112	-0.2168	-0.2168	-0.2168	-0.2168	-0.2168	-0.2168	-0.2168	-0.2168	-0.2168	-0.2168	-0.2168	-0.2168
-16.1567	-16.1567	-16.1567	-16.1567	-16.1567	94.6812	273.4166	242.7685	272.7720	269.9831	141.4278	709.3166	618.4083	540.1328	345.3907	-182.7434	-375.6314	-375.6314	-375.6314	-375.6314	-375.6314	-5239.9433	1327.9807	-98.0093	1327.9807	1327.9807	-0.2229	-0.2229	-0.2229	-0.2229	-0.2229	-0.2229	-0.2229	-0.2229	-0.2229	-0.2229	-0.2229	-0.2229
-19.8936	-19.8936	-19.8936	-19.8936	-19.8936	66.9812	92.0820	246.0045	215.3564	245.3599	242.5710	703.9153	638.5292	547.6209	469.3454	274.6034	-356.5359	-356.5359	-356.5359	-356.5359	-356.5359	-5162.4846	1244.5832	-163.3791	1244.5832	1244.5832	-0.2289	-0.2289	-0.2289	-0.2289	-0.2289	-0.2289	-0.2289	-0.2289	-0.2289	-0.2289	-0.2289	-0.2289
-22.5764	-22.5764	-22.5764	-22.5764	-22.5764	44.4329	69.4639	69.4522	223.3747	192.7266	222.7301	585.2914	632.8759	567.4899	476.5815	398.3060	-360.5335	-360.5335	-360.5335	-360.5335	-360.5335	-5064.6554	1161.1997	-377.5273	1161.1997	1161.1997	-0.2348	-0.2348	-0.2348	-0.2348	-0.2348	-0.2348	-0.2348	-0.2348	-0.2348	-0.2348	-0.2348	-0.2348
-24.2765	-24.2765	-24.2765	-24.2765	-24.2765	27.3718	52.0339	52.0339	52.0222	205.9447	175.2966	612.3682	510.4759	558.0604	492.6744	401.7660	-390.8883	-390.8883	-390.8883	-390.8883	-390.8883	-4961.9435	1064.7084	-322.0640	1064.7084	1064.7084	-0.2407	-0.2407	-0.2407	-0.2407	-0.2407	-0.2407	-0.2407	-0.2407	-0.2407	-0.2407	-0.2407	-0.2407
-25.0419	-25.0419	-25.0419	-25.0419	-25.0419	16.1714	40.2524	40.2524	40.2524	40.2407	194.1631	662.0809	531.3750	429.4827	477.0672	411.6811	-447.7434	-447.7434	-447.7434	-447.7434	-447.7434	-4881.8959	947.1888	-468.7002	947.1888	947.1888	-0.2465	-0.2465	-0.2465	-0.2465	-0.2465	-0.2465	-0.2465	-0.2465	-0.2465	-0.2465	-0.2465	-0.2465
-24.9004	-24.9004	-24.9004	-24.9004	-24.9004	11.2485	34.5951	34.5951	34.5951	34.5951	34.5951	582.9771	575.9320	445.2260	343.3337	390.9182	-524.2525	-524.2525	-524.2525	-524.2525	-524.2525	-4853.9328	813.9496	-227.9464	813.9496	813.9496	-0.2522	-0.2522	-0.2522	-0.2522	-0.2522	-0.2522	-0.2522	-0.2522	-0.2522	-0.2522	-0.2522	-0.2522
-23.8712	-23.8712	-23.8712	-23.8712	-23.8712	13.0385	35.5496	35.5496	35.5496	35.5496	35.5496	215.3356	496.3184	489.2733	358.5673	256.6750	-606.7373	-606.7373	-606.7373	-606.7373	-606.7373	-4900.4593	683.7877	-760.7543	683.7877	683.7877	-0.2579	-0.2579	-0.2579	-0.2579	-0.2579	-0.2579	-0.2579	-0.2579	-0.2579	-0.2579	-0.2579	-0.2579
-21.9979	-21.9979	-21.9979	-21.9979	-21.9979	21.9242	43.5704	43.5704	43.5704	43.5704	43.5704	135.9016	135.9016	416.8844	409.8393	279.1334	-677.0944	-677.0944	-677.0944	-677.0944	-677.0944	-5015.2923	585.7486	-1019.3934	585.7486	585.7486	-0.2635	-0.2635	-0.2635	-0.2635	-0.2635	-0.2635	-0.2635	-0.2635	-0.2635	-0.2635	-0.2635	-0.2635
-19.3967	-19.3967	-19.3967	-19.3967	-19.3967	38.1334	59.0147	59.0147	59.0147	59.0147	59.0147	72.7770	72.7770	72.7770	353.7598	346.7148	-718.3061	-718.3061	-718.3061	-718.3061	-718.3061	-5136.8999	550.2887	-896.4503	550.2887	550.2887	-0.2690	-0.2690	-0.2690	-0.2690	-0.2690	-0.2690	-0.2690	-0.2690	-0.2690	-0.2690	-0.2690	-0.2690
-16.3018	-16.3018	-16.3018	-16.3018	-16.3018	55.3478	75.1272	75.1272	75.1272	75.1272	75.1272	29.0692	29.0692	29.0692	29.0692	310.0520	-721.6143	-721.6143	-721.6143	-721.6143	-721.6143	-5209.7669	592.5325	-1013.0705	592.5325	592.5325	-0.2745	-0.2745	-0.2745	-0.2745	-0.2745	-0.2745	-0.2745	-0.2745	-0.2745	-0.2745	-0.2745	-0.2745
-12.7797	-12.7797	-12.7797	-12.7797	-12.7797	78.7973	97.7412	97.7412	97.7412	97.7412	97.7412	-2.6493	-2.6493	-2.6493	-2.6493	-2.6493	-697.7481	-697.7481	-697.7481	-697.7481	-697.7481	-5204.0604	687.3173	-905.9997	687.3173	687.3173	708.0812	708.0812	708.0812	708.0812	708.0812	708.0812	708.0812	708.0812	708.0812	708.0812	708.0812	708.0812
-8.7535	-8.7535	-8.7535	-8.7535	-8.7535	120.5465	140.0947	140.0947	140.0947	140.0947	140.0947	-32.7976	-32.7976	-32.7976	-32.7976	-32.7976	-673.0467	-673.0467	-673.0467	-673.0467	-673.0467	-5119.3453	805.7244	-815.8847	805.7244	805.7244	734.7904	734.7904	734.7904	734.7904	734.7904	734.7904	734.7904	734.7904	734.7904	734.7904	734.7904	734.7904
-4.2699	-4.2699	-4.2699	-4.2699	-4.2699	184.9351	207.0174	207.0174	207.0174	207.0174	207.0174	-70.2137	-70.2137	-70.2137	-70.2137	-70.2137	-654.1240	-654.1240	-654.1240	-654.1240	-654.1240	-4969.2993	905.4688	-991.6422	905.4688	905.4688	412.9843	412.9843	412.9843	412.9843	412.9843	412.9843	412.9843	412.9843	412.9843	412.9843	412.9843	412.9843
0.4924	0.4924	0.4924	0.4924	0.4924	264.3640	290.2823	290.2823	290.2823	290.2823	290.2823	-114.3835	-114.3835	-114.3835	-114.3835	-114.3835	-621.3813	-621.3813	-621.3813	-621.3813	-621.3813	-4794.1948	964.3489	-1052.5131	964.3489	964.3489	230.1140	230.1140	230.1140	230.1140	230.1140	230.1140	230.1140	230.1140	230.1140	230.1140	230.1140	230.1140
5.3870	5.3870	5.3870	5.3870	5.3870	350.0897	380.3934	380.3934	380.3934	380.3934	380.3934	-168.7468	-168.7468	-168.7468	-168.7468	-168.7468	-569.6821	-569.6821	-569.6821	-569.6821	-569.6821	-4670.7616	964.2941	-716.0099	964.2941	964.2941	128.1429	128.1429	128.1429	128.1429	128.1429	128.1429	128.1429	128.1429	128.1429	128.1429	128.1429	128.1429
10.1337	10.1337	10.1337	10.1337	10.1337	428.5046	462.5670	462.5670	462.5670	462.5670	462.5670	-229.0639	-229.0639	-229.0639	-229.0639	-229.0639	-507.6266	-507.6266	-507.6266	-507.6266	-507.6266	-4597.6737	920.1012	-838.0588	920.1012	920.1012	71.2959	71.2959	71.2959	71.2959	71.2959	71.2959	71.2959	71.2959	71.2959	71.2959	71.2959	71.2959
14.4577	14.4577	14.4577	14.4577	14.4577	490.7253	527.2042	527.2042	527.2042	527.2042	527.2042	-286.1553	-286.1553	-286.1553	-286.1553	-286.1553	-436.5892	-436.5892	-436.5892	-436.5892	-436.5892	-4501.0889	863.1598	-1150.0532	863.1598	863.1598	49.2333	49.2333	49.2333	49.2333	49.2333	49.2333	49.2333	49.2333	49.2333	49.2333	49.2333	49.2333
18.1514	18.1514	18.1514	18.1514	18.1514	529.1212	566.0548	566.0548	566.0548	566.0548	566.0548	-333.4629	-333.4629	-333.4629	-333.4629	-333.4629	-379.3195	-379.3195	-379.3195	-379.3195	-379.3195	-4356.1730	813.7576	-1522.5394	813.7576	813.7576	31.5641	31.5641	31.5641	31.5641	31.5641	31.5641	31.5641	31.5641	31.5641	31.5641	31.5641	31.5641
21.2240	21.2240	21.2240	21.2240	21.2240	548.0930	583.9933	583.9933	583.9933	583.9933	583.9933	-369.4196	-369.4196	-369.4196	-369.4196	-369.4196	-363.2530	-363.2530	-363.2530	-363.2530	-363.2530	-4186.1441	763.9734	-1104.8996	763.9734	763.9734	21.7120	21.7120	21.7120	21.7120	21.7120	21.7120	21.7120	21.7120	21.7120	21.7120	21.7120	21.7120
23.9376	23.9376	23.9376	23.9376	23.9376	560.4900	594.9480	594.9480	594.9480	594.9480	594.9480	-385.6543	-385.6543	-385.6543	-385.6543	-385.6543	-402.7701	-402.7701	-402.7701	-402.7701	-402.7701	-3983.6747	719.8594	-1332.9736	719.8594	719.8594	16.2177	16.2177	16.2177	16.2177	16.2177	16.2177	16.2177	16.2177	16.2177	16.2177	16.2177	16.2177
26.2295	26.2295	26.2295	26.2295	26.2295	571.0930	604.3342	604.3342	604.3342	604.3342	604.3342	-379.4558	-379.4558	-379.4558	-379.4558	-379.4558	-476.8710	-476.8710	-476.8710	-476.8710	-476.8710	-3784.8695	684.9622	-1147.2498	684.9622	684.9622	13.1527	13.1527	13.1527	13.1527	13.1527	13.1527	13.1527	13.1527	13.1527	13.1527	13.1527	13.1527
27.7109	27.7109	27.7109	27.7109	27.7109	572.3563	604.2886	604.2886	604.2886	604.2886	604.2886	-352.7692	-352.7692	-352.7692	-352.7692	-352.7692	-556.6376	-556.6376	-556.6376	-556.6376	-556.6376	-3646.9513	653.0154	-1211.3467	653.0154	653.0154	11.4420	11.4420	11.4420	11.4420	11.4420	11.4420	11.4420	11.4420	11.4420	11.4420	11.4420	11.4420
28.2451	28.2451	28.2451	28.2451	28.2451	564.1185	594.8111	594.8111	594.8111	594.8111	594.8111	-308.3021	-308.3021	-308.3021	-308.3021	-308.3021	-610.7730	-610.7730	-610.7730	-610.7730	-610.7730	-3591.1559	629.7638	-1303.5252	629.7638	629.7638	10.4862	10.4862	10.4862	10.4862	10.4862	10.4862	10.4862	10.4862	10.4862	10.4862	10.4862	10.4862
27.9074	27.9074	27.9074	27.9074	27.9074	547.6047	577.1139	577.1139	577.1139	577.1139	577.1139	-250.7731	-250.7731	-250.7731	-250.7731	-250.7731	-631.2640	-631.2640	-631.2640	-631.2640	-631.2640	-3578.1825	627.2817	-1376.6183	627.2817	627.2817	9.9513	9.9513	9.9513	9.9513	9.9513	9.9513	9.9513	9.9513	9.9513	9.9513	9.9513	9.9513
27.1870	27.1870	27.1870	27.1870	27.1870	525.3518	553.5127	553.5127	553.5127	553.5127	553.5127	-188.4401	-188.4401	-188.4401	-188.4401	-188.4401	-607.2462	-607.2462	-607.2462	-607.2462	-607.2462	-3575.1728	647.7588	-866.7015	647.7588	647.7588	9.6510	9.6510	9.6510	9.6510	9.6510	9.6510	9.6510	9.6510	9.6510	9.6510	9.6510	9.6510
25.9594	25.9594	25.9594	25.9594	25.9594	498.3658	525.0618	525.0618	525.0618	525.0618	525.0618	-128.5085	-128.5085	-128.5085	-128.5085	-128.5085	-556.2138	-556.2138	-556.2138	-556.2138	-556.2138	-3540.3610	677.0930	-857.8850	677.0930	677.0930	9.4816	9.4816	9.4816	9.4816	9.4816	9.4816	9.4816	9.4816	9.4816	9.4816	9.4816	9.4816
23.6082	23.6082	23.6082	23.6082	23.6082	465.8820	491.3117	491.3117	491.3117	491.3117	491.3117	-77.5232	-77.5232	-77.5232	-77.5232	-77.5232	-513.6948	-513.6948	-513.6948	-513.6948	-513.6948	-3452.3791	700.4150	-753.4330	700.4150	700.4150	9.3851	9.3851	9.3851	9.3851	9.3851	9.3851	9.3851	9.3851	9.3851	9.3851	9.3851	9.3851
19.9613	19.9613	19.9613	19.9613	19.9613	428.3870	452.8560	452.8560	452.8560	452.8560	452.8560	-38.9934	-38.9934	-38.9934	-38.9934	-38.9934	-492.2374	-492.2374	-492.2374	-492.2374	-492.2374	-3298.3697	702.1106	-733.7854	702.1106	702.1106	9.3293	9.3293	9.3293	9.3293	9.3293	9.3293	9.3293	9.3293	9.3293	9.3293	9.3293	9.3293
15.3621	15.3621	15.3621	15.3621	15.3621	387.1530	410.8953	410.8953	410.8953	410.8953	410.8953	-14.9852	-14.9852	-14.9852	-14.9852	-14.9852	-468.5203	-468.5203	-468.5203	-468.5203	-468.5203	-3108.9571	680.9535	-909.8495	680.9535	680.9535	9.2963	9.2963	9.2963	9.2963	9.2963	9.2963	9.2963	9.2963	9.2963	9.2963	9.2963	9.2963
10.4232	10.4232	10.4232	10.4232	10.4232	343.8048	366.8470	366.8470	366.8470	366.8470	366.8470	-4.8302	-4.8302	-4.8302	-4.8302	-4.8302	-435.0424	-435.0424	-435.0424	-435.0424	-435.0424	-2919.7489	637.7246	-772.5784	637.7246	637.7246	9.2759	9.2759	9.2759	9.2759	9.2759	9.2759	9.2759	9.2759	9.2759	9.2759	9.2759	9.2759
5.5767	5.5767	5.5767	5.5767	5.5767	299.7942	322.0936	322.0936	322.0936	322.0936	322.0936	-4.5968	-4.5968	-4.5968	-4.5968	-4.5968	-389.8805	-389.8805	-389.8805	-389.8805	-389.8805	-2775.2642	585.3016	-712.4884	585.3016	585.3016	9.2626	9.2626	9.2626	9.2626	9.2626	9.2626	9.2626	9.2626	9.2626	9.2626	9.2626	9.2626
0.8237	0.8237	0.8237	0.8237	0.8237	255.9742	277.6131	277.6131	277.6131	277.6131	277.6131	-7.0909	-7.0909	-7.0909	-7.0909	-7.0909	-321.9929	-321.9929	-321.9929	-321.9929	-321.9929	-2689.7083	542.4801	-634.6999	542.4801	542.4801	9.2532	9.2532	9.2532	9.2532	9.2532	9.2532	9.2532	9.2532	9.2532	9.2532	9.2532	9.2532
-3.6290	-3.6290	-3.6290	-3.6290	-3.6290	213.4443	234.5078	234.5078	234.5078	234.5078	234.5078	-10.1651	-10.1651	-10.1651	-10.1651	-10.1651	-249.1809	-249.1809	-249.1809	-249.1809	-249.1809	-2685.8669	515.1146	-726.8774	515.1146	515.1146	9.2461	9.2461	9.2461	9.2461	9.2461	9.2461	9.2461	9.2461	9.2461	9.2461	9.2461	9.2461
-7.6882	-7.6882	-7.6882	-7.6882	-7.6882	173.0264	193.5621	193.5621	193.5621	193.5621	193.5621	-12.3479	-12.3479	-12.3479	-12.3479	-12.3479	-208.9139	-208.9139	-208.9139	-208.9139	-208.9139	-2752.4704	487.4739	-769.4381	487.4739	487.4739	9.2403	9.2403	9.2403	9.2403	9.2403	9.2403	9.2403	9.2403	9.2403	9.2403	9.2403	9.2403
-11.9538	-11.9538	-11.9538	-11.9538	-11.9538	131.8820	152.0134	152.0134	152.0134	152.0134	152.0134	-13.0390	-13.0390	-13.0390	-13.0390	-13.0390	-224.6418	-224.6418	-224.6418	-224.6418	-224.6418	-2845.9143	450.1906	-879.0054	450.1906	450.1906	9.2352	9.2352	9.2352	9.2352	9.2352	9.2352	9.2352	9.2352	9.2352	9.2352	9.2352	9.2352
-15.8586	-15.8586	-15.8586	-15.8586	-15.8586	93.5192	113.2212	113.2212	113.2212	113.2212	113.2212	-12.7693	-12.7693	-12.7693	-12.7693	-12.7693	-282.8191	-282.8191	-282.8191	-282.8191	-282.8191	-2926.4959	404.0181	-728.1189	404.0181	404.0181	9.2306	9.2306	9.2306	9.2306	9.2306	9.2306	9.2306	9.2306	9.2306	9.2306	9.2306	9.2306
-18.0828	-18.0828	-18.0828	-18.0828	-18.0828	65.3240	84.3178	84.3178	84.3178	84.3178	84.3178	-13.2010	-13.2010	-13.2010	-13.2010	-13.2010	-361.3370	-361.3370	-361.3370	-361.3370	-361.3370	-3000.5375	347.1041	-576.2440	347.1041	347.1041	9.2262	9.2262	9.2262	9.2262	9.2262	9.2262	9.2262	9.2262	9.2262	9.2262	9.2262	9.2262
-18.1035	-18.1035	-18.1035	-18.1035	-18.1035	50.4051	68.3009	68.3009	68.3009	68.3009	68.3009	-14.1196	-14.1196	-14.1196	-14.1196	-14.1196	-424.8679	-424.8679	-424.8679	-424.8679	-424.8679	-3038.1926	295.1430	-882.2810	295.1430	295.1430	9.2219	9.2219	9.2219	9.2219	9.2219	9.2219	9.2219	9.2219	9.2219	9.2219	9.2219	9.2219
-16.5477	-16.5477	-16.5477	-16.5477	-16.5477	45.4226	61.9763	61.9763	61.9763	61.9763	61.9763	-15.2632	-15.2632	-15.2632	-15.2632	-15.2632	-448.4913	-448.4913	-448.4913	-448.4913	-448.4913	-3018.3261	272.9683	-723.2563	272.9683	272.9683	9.2178	9.2178	9.2178	9.2178	9.2178	9.2178	9.2178	9.2178	9.2178	9.2178	9.2178	9.2178
-14.1828	-14.1828	-14.1828	-14.1828	-14.1828	45.4793	60.5655	60.5655	60.5655	60.5655	60.5655	-16.1936	-16.1936	-16.1936	-16.1936	-16.1936	-408.6658	-408.6658	-408.6658	-408.6658	-408.6658	-2953.6960	296.6692	-798.2118	296.6692	296.6692	9.2138	9.2138	9.2138	9.2138	9.2138	9.2138	9.2138	9.2138	9.2138	9.2138	9.2138	9.2138
-12.1904	-12.1904	-12.1904	-12.1904	-12.1904	44.7204	58.5292	58.5292	58.5292	58.5292	58.5292	-16.6244	-16.6244	-16.6244	-16.6244	-16.6244	-323.9388	-323.9388	-323.9388	-323.9388	-323.9388	-2853.5853	351.4147	-643.2823	351.4147	351.4147	9.2098	9.2098	9.2098	9.2098	9.2098	9.2098	9.2098	9.2098	9.2098	9.2098	9.2098	9.2098
-11.2656	-11.2656	-11.2656	-11.2656	-11.2656	40.8167	53.8055	53.8055	53.8055	53.8055	53.8055	-16.4214	-16.4214	-16.4214	-16.4214	-16.4214	-233.4526	-233.4526	-233.4526	-233.4526	-233.4526	-2704.4894	413.7920	-595.4660	413.7920	413.7920	9.2059	9.2059	9.2059	9.2059	9.2059	9.2059	9.2059	9.2059	9.2059	9.2059	9.2059	9.2059
-12.0191	-12.0191	-12.0191	-12.0191	-12.0191	31.0026	43.8078	43.8078	43.8078	43.8078	43.8078	-15.4915	-15.4915	-15.4915	-15.4915	-15.4915	-165.0580	-165.0580	-165.0580	-165.0580	-165.0580	-2522.4219	456.7758	-405.9852	456.7758	456.7758	9.2020	9.2020	9.2020	9.2020	9.2020	9.2020	9.2020	9.2020	9.2020	9.2020	9.2020	9.2020
-13.9593	-13.9593	-13.9593	-13.9593	-13.9593	17.2720	30.3543	30.3543	30.3543	30.3543	30.3543	-13.8735	-13.8735	-13.8735	-13.8735	-13.8735	-114.7278	-114.7278	-114.7278	-114.7278	-114.7278	-2332.7012	469.4512	-372.5197	469.4512	469.4512	9.1982	9.1982	9.1982	9.1982	9.1982	9.1982	9.1982	9.1982	9.1982	9.1982	9.1982	9.1982
-16.1512	-16.1512	-16.1512	-16.1512	-16.1512	3.4995	17.0301	17.0301	17.0301	17.0301	17.0301	-11.8277	-11.8277	-11.8277	-11.8277	-11.8277	-89.1403	-89.1403	-89.1403	-89.1403	-89.1403	-2170.2750	441.9954	-340.0731	441.9954	441.9954	9.1944	9.1944	9.1944	9.1944	9.1944	9.1944	9.1944	9.1944	9.1944	9.1944	9.1944	9.1944
-17.8119	-17.8119	-17.8119	-17.8119	-17.8119	-7.0343	6.8241	6.8241	6.8241	6.8241	6.8241	-9.6641	-9.6641	-9.6641	-9.6641	-9.6641	-79.7362	-79.7362	-79.7362	-79.7362	-79.7362	-2041.4671	388.8337	-510.8527	388.8337	388.8337	9.1907	9.1907	9.1907	9.1907	9.1907	9.1907	9.1907	9.1907	9.1907	9.1907	9.1907	9.1907
-18.9453	-18.9453	-18.9453	-18.9453	-18.9453	-14.4098	-0.4125	-0.4125	-0.4125	-0.4125	-0.4125	-7.7424	-7.7424	-7.7424	-7.7424	-7.7424	-65.9774	-65.9774	-65.9774	-65.9774	-65.9774	-1924.3101	334.0332	-371.8696	334.0332	334.0332	9.1870	9.1870	9.1870	9.1870	9.1870	9.1870	9.1870	9.1870	9.1870	9.1870	9.1870	9.1870
-19.2702	-19.2702	-19.2702	-19.2702	-19.2702	-17.5180	-3.6966	-3.6966	-3.6966	-3.6966	-3.6966	-6.1564	-6.1564	-6.1564	-6.1564	-6.1564	-44.0327	-44.0327	-44.0327	-44.0327	-44.0327	-1811.3364	294.3146	-369.1002	294.3146	294.3146	9.1833	9.1833	9.1833	9.1833	9.1833	9.1833	9.1833	9.1833	9.1833	9.1833	9.1833	9.1833
-18.9894	-18.9894	-18.9894	-18.9894	-18.9894	-17.4071	-3.9934	-3.9934	-3.9934	-3.9934	-3.9934	-4.8960	-4.8960	-4.8960	-4.8960	-4.8960	-32.2654	-32.2654	-32.2654	-32.2654	-32.2654	-1707.2513	263.9584	-501.1906	263.9584	263.9584	9.1797	9.1797	9.1797	9.1797	9.1797	9.1797	9.1797	9.1797	9.1797	9.1797	9.1797	9.1797
-18.5428	-18.5428	-18.5428	-18.5428	-18.5428	-15.9391	-2.9742	-2.9742	-2.9742	-2.9742	-2.9742	-3.7050	-3.7050	-3.7050	-3.7050	-3.7050	-38.5739	-38.5739	-38.5739	-38.5739	-38.5739	-1592.2548	242.9710	-457.1190	242.9710	242.9710	9.1761	9.1761	9.1761	9.1761	9.1761	9.1761	9.1761	9.1761	9.1761	9.1761	9.1761	9.1761
-18.2284	-18.2284	-18.2284	-18.2284	-18.2284	-14.7756	-2.1809	-2.1809	-2.1809	-2.1809	-2.1809	-2.3286	-2.3286	-2.3286	-2.3286	-2.3286	-59.2030	-59.2030	-59.2030	-59.2030	-59.2030	-1477.3541	228.0054	-281.6662	228.0054	228.0054	9.1726	9.1726	9.1726	9.1726	9.1726	9.1726	9.1726	9.1726	9.1726	9.1726	9.1726	9.1726
-17.9549	-17.9549	-17.9549	-17.9549	-17.9549	-14.0948	-1.8462	-1.8462	-1.8462	-1.8462	-1.8462	-0.5128	-0.5128	-0.5128	-0.5128	-0.5128	-86.9556	-86.9556	-86.9556	-86.9556	-86.9556	-1399.1126	212.6749	-288.7272	212.6749	212.6749	9.1691	9.1691	9.1691	9.1691	9.1691	9.1691	9.1691	9.1691	9.1691	9.1691	9.1691	9.1691
-17.8061	-17.8061	-17.8061	-17.8061	-17.8061	-14.5681	-2.6136	-2.6136	-2.6136	-2.6136	-2.6136	1.7515	1.7515	1.7515	1.7515	1.7515	-110.7775	-110.7775	-110.7775	-110.7775	-110.7775	-1367.3717	197.3020	-503.2858	197.3020	197.3020	9.1657	9.1657	9.1657	9.1657	9.1657	9.1657	9.1657	9.1657	9.1657	9.1657	9.1657	9.1657
-17.7315	-17.7315	-17.7315	-17.7315	-17.7315	-15.8176	-4.1248	-4.1248	-4.1248	-4.1248	-4.1248	4.3686	4.3686	4.3686	4.3686	4.3686	-122.1124	-122.1124	-122.1124	-122.1124	-122.1124	-1360.6938	190.8794	-168.9251	190.8794	190.8794	9.1623	9.1623	9.1623	9.1623	9.1623	9.1623	9.1623	9.1623	9.1623	9.1623	9.1623	9.1623
-17.6098	-17.6098	-17.6098	-17.6098	-17.6098	-16.8985	-5.4705	-5.4705	-5.4705	-5.4705	-5.4705	7.0907	7.0907	7.0907	7.0907	7.0907	-113.4966	-113.4966	-113.4966	-113.4966	-113.4966	-1357.1450	196.9045	-282.0634	196.9045	196.9045	9.1589	9.1589	9.1589	9.1589	9.1589	9.1589	9.1589	9.1589	9.1589	9.1589	9.1589	9.1589
-17.3678	-17.3678	-17.3678	-17.3678	-17.3678	-17.2676	-6.1419	-6.1419	-6.1419	-6.1419	-6.1419	9.6410	9.6410	9.6410	9.6410	9.6410	-92.2709	-92.2709	-92.2709	-92.2709	-92.2709	-1341.4021	209.8536	-222.5055	209.8536	209.8536	9.1556	9.1556	9.1556	9.1556	9.1556	9.1556	9.1556	9.1556	9.1556	9.1556	9.1556	9.1556
-17.0455	-17.0455	-17.0455	-17.0455	-17.0455	-17.2813	-6.4979	-6.4979	-6.4979	-6.4979	-6.4979	11.7129	11.7129	11.7129	11.7129	11.7129	-71.4081	-71.4081	-71.4081	-71.4081	-71.4081	-1312.5005	222.7567	-99.3316	222.7567	222.7567	9.1523	9.1523	9.1523	9.1523	9.1523	9.1523	9.1523	9.1523	9.1523	9.1523	9.1523	9.1523
-16.6286	-16.6286	-16.6286	-16.6286	-16.6286	-16.8527	-6.4636	-6.4636	-6.4636	-6.4636	-6.4636	13.1782	13.1782	13.1782	13.1782	13.1782	-61.4053	-61.4053	-61.4053	-61.4053	-61.4053	-1268.9386	227.0200	-9.2152	227.0200	227.0200	9.1490	9.1490	9.1490	9.1490	9.1490	9.1490	9.1490	9.1490	9.1490	9.1490	9.1490	9.1490
-16.1308	-16.1308	-16.1308	-16.1308	-16.1308	-16.0884	-6.1319	-6.1319	-6.1319	-6.1319	-6.1319	13.9972	13.9972	13.9972	13.9972	13.9972	-61.6032	-61.6032	-61.6032	-61.6032	-61.6032	-1219.8112	219.1520	-83.0237	219.1520	219.1520	9.1458	9.1458	9.1458	9.1458	9.1458	9.1458	9.1458	9.1458	9.1458	9.1458	9.1458	9.1458
-15.5869	-15.5869	-15.5869	-15.5869	-15.5869	-15.1411	-5.6377	-5.6377	-5.6377	-5.6377	-5.6377	14.2034	14.2034	14.2034	14.2034	14.2034	-73.4131	-73.4131	-73.4131	-73.4131	-73.4131	-1183.8143	197.2874	-1.8284	197.2874	197.2874	9.1426	9.1426	9.1426	9.1426	9.1426	9.1426	9.1426	9.1426	9.1426	9.1426	9.1426	9.1426
-15.0107	-15.0107	-15.0107	-15.0107	-15.0107	-14.1929	-5.1383	-5.1383	-5.1383	-5.1383	-5.1383	13.9435	13.9435	13.9435	13.9435	13.9435	-90.4153	-90.4153	-90.4153	-90.4153	-90.4153	-1160.0276	168.2884	-70.8434	168.2884	168.2884	9.1395	9.1395	9.1395	9.1395	9.1395	9.1395	9.1395	9.1395	9.1395	9.1395	9.1395	9.1395
-14.3862	-14.3862	-14.3862	-14.3862	-14.3862	-13.3206	-4.6979	-4.6979	-4.6979	-4.6979	-4.6979	13.4768	13.4768	13.4768	13.4768	13.4768	-104.4057	-104.4057	-104.4057	-104.4057	-104.4057	-1128.9938	141.2593	-130.7094	141.2593	141.2593	9.1364	9.1364	9.1364	9.1364	9.1364	9.1364	9.1364	9.1364	9.1364	9.1364	9.1364	9.1364
-13.7161	-13.7161	-13.7161	-13.7161	-13.7161	-12.6139	-4.3939	-4.3939	-4.3939	-4.3939	-4.3939	12.8890	12.8890	12.8890	12.8890	12.8890	-109.3830	-109.3830	-109.3830	-109.3830	-109.3830	-1083.6299	122.8060	-128.4242	122.8060	122.8060	9.1333	9.1333	9.1333	9.1333	9.1333	9.1333	9.1333	9.1333	9.1333	9.1333	9.1333	9.1333
-13.0078	-13.0078	-13.0078	-13.0078	-13.0078	-12.0187	-4.1819	-4.1819	-4.1819	-4.1819	-4.1819	12.2399	12.2399	12.2399	12.2399	12.2399	-107.9203	-107.9203	-107.9203	-107.9203	-107.9203	-1028.3520	110.2204	-112.8184	110.2204	110.2204	9.1303	9.1303	9.1303	9.1303	9.1303	9.1303	9.1303	9.1303	9.1303	9.1303	9.1303	9.1303
-12.2613	-12.2613	-12.2613	-12.2613	-12.2613	-11.4186	-3.9697	-3.9697	-3.9697	-3.9697	-3.9697	11.5286	11.5286	11.5286	11.5286	11.5286	-101.6238	-101.6238	-101.6238	-101.6238	-101.6238	-963.8774	102.1070	-59.3562	102.1070	102.1070	9.1273	9.1273	9.1273	9.1273	9.1273	9.1273	9.1273	9.1273	9.1273	9.1273	9.1273	9.1273
-11.4930	-11.4930	-11.4930	-11.4930	-11.4930	-10.7257	-3.6802	-3.6802	-3.6802	-3.6802	-3.6802	10.7287	10.7287	10.7287	10.7287	10.7287	-93.7598	-93.7598	-93.7598	-93.7598	-93.7598	-898.3027	95.1952	-7.7097	95.1952	95.1952	9.1243	9.1243	9.1243	9.1243	9.1243	9.1243	9.1243	9.1243	9.1243	9.1243	9.1243	9.1243
-10.7255	-10.7255	-10.7255	-10.7255	-10.7255	-9.9601	-3.3224	-3.3224	-3.3224	-3.3224	-3.3224	9.7873	9.7873	9.7873	9.7873	9.7873	-88.4124	-88.4124	-88.4124	-88.4124	-88.4124	-841.5372	86.2281	-99.9465	86.2281	86.2281	9.1214	9.1214	9.1214	9.1214	9.1214	9.1214	9.1214	9.1214	9.1214	9.1214	9.1214	9.1214
-9.9713	-9.9713	-9.9713	-9.9713	-9.9713	-9.0985	-2.8746	-2.8746	-2.8746	-2.8746	-2.8746	8.7352	8.7352	8.7352	8.7352	8.7352	-85.8120	-85.8120	-85.8120	-85.8120	-85.8120	-797.9347	74.1995	-49.3242	74.1995	74.1995	9.1184	9.1184	9.1184	9.1184	9.1184	9.1184	9.1184	9.1184	9.1184	9.1184	9.1184	9.1184
-9.2231	-9.2231	-9.2231	-9.2231	-9.2231	-8.1711	-2.3701	-2.3701	-2.3701	-2.3701	-2.3701	7.6145	7.6145	7.6145	7.6145	7.6145	-80.4818	-80.4818	-80.4818	-80.4818	-80.4818	-759.9331	63.0115	-68.1696	63.0115	63.0115	9.1156	9.1156	9.1156	9.1156	9.1156	9.1156	9.1156	9.1156	9.1156	9.1156	9.1156	9.1156
-8.5050	-8.5050	-8.5050	-8.5050	-8.5050	-7.2498	-1.8481	-1.8481	-1.8481	-1.8481	-1.8481	6.4732	6.4732	6.4732	6.4732	6.4732	-69.0314	-69.0314	-69.0314	-69.0314	-69.0314	-725.0430	55.5131	-50.9441	55.5131	55.5131	9.1127	9.1127	9.1127	9.1127	9.1127	9.1127	9.1127	9.1127	9.1127	9.1127	9.1127	9.1127
-7.7739	-7.7739	-7.7739	-7.7739	-7.7739	-6.3632	-1.3689	-1.3689	-1.3689	-1.3689	-1.3689	5.3568	5.3568	5.3568	5.3568	5.3568	-52.9375	-52.9375	-52.9375	-52.9375	-52.9375	-682.6520	51.4813	-137.6733	51.4813	51.4813	9.1099	9.1099	9.1099	9.1099	9.1099	9.1099	9.1099	9.1099	9.1099	9.1099	9.1099	9.1099
-6.9601	-6.9601	-6.9601	-6.9601	-6.9601	-5.4804	-0.9704	-0.9704	-0.9704	-0.9704	-0.9704	4.3080	4.3080	4.3080	4.3080	4.3080	-34.4072	-34.4072	-34.4072	-34.4072	-34.4072	-621.9426	48.8061	-111.8459	48.8061	48.8061	9.1071	9.1071	9.1071	9.1071	9.1071	9.1071	9.1071	9.1071	9.1071	9.1071	9.1071	9.1071
-6.0355	-6.0355	-6.0355	-6.0355	-6.0355	-4.6085	-0.6855	-0.6855	-0.6855	-0.6855	-0.6855	3.3662	3.3662	3.3662	3.3662	3.3662	-18.7042	-18.7042	-18.7042	-18.7042	-18.7042	-538.3554	45.4149	-63.8930	45.4149	45.4149	9.1044	9.1044	9.1044	9.1044	9.1044	9.1044	9.1044	9.1044	9.1044	9.1044	9.1044	9.1044
-5.0532	-5.0532	-5.0532	-5.0532	-5.0532	-3.7689	-0.4932	-0.4932	-0.4932	-0.4932	-0.4932	2.5579	2.5579	2.5579	2.5579	2.5579	-11.0385	-11.0385	-11.0385	-11.0385	-11.0385	-442.3587	39.9560	-37.4291	39.9560	39.9560	9.1017	9.1017	9.1017	9.1017	9.1017	9.1017	9.1017	9.1017	9.1017	9.1017	9.1017	9.1017
-4.0942	-4.0942	-4.0942	-4.0942	-4.0942	-2.9880	-0.3541	-0.3541	-0.3541	-0.3541	-0.3541	1.8889	1.8889	1.8889	1.8889	1.8889	-14.4133	-14.4133	-14.4133	-14.4133	-14.4133	-349.3322	31.5217	-45.8666	31.5217	31.5217	9.0990	9.0990	9.0990	9.0990	9.0990	9.0990	9.0990	9.0990	9.0990	9.0990	9.0990	9.0990
-3.2297	-3.2297	-3.2297	-3.2297	-3.2297	-2.2902	-0.2354	-0.2354	-0.2354	-0.2354	-0.2354	1.3545	1.3545	1.3545	1.3545	1.3545	-25.3710	-25.3710	-25.3710	-25.3710	-25.3710	-270.5747	21.3945	-26.5187	21.3945	21.3945	9.0963	9.0963	9.0963	9.0963	9.0963	9.0963	9.0963	9.0963	9.0963	9.0963	9.0963	9.0963
-2.5079	-2.5079	-2.5079	-2.5079	-2.5079	-1.6961	-0.1191	-0.1191	-0.1191	-0.1191	-0.1191	0.9448	0.9448	0.9448	0.9448	0.9448	-38.2922	-38.2922	-38.2922	-38.2922	-38.2922	-212.2657	11.5672	-78.5453	11.5672	11.5672	9.0937	9.0937	9.0937	9.0937	9.0937	9.0937	9.0937	9.0937	9.0937	9.0937	9.0937	9.0937
-1.9511	-1.9511	-1.9511	-1.9511	-1.9511	-1.2218	-0.0049	-0.0049	-0.0049	-0.0049	-0.0049	0.6474	0.6474	0.6474	0.6474	0.6474	-48.3815	-48.3815	-48.3815	-48.3815	-48.3815	-175.8562	3.7207	3.7207	3.7207	3.7207	9.0911	9.0911	9.0911	9.0911	9.0911	9.0911	9.0911	9.0911	9.0911	9.0911	9.0911	9.0911
-1.5572	-1.5572	-1.5572	-1.5572	-1.5572	-0.8789	0.0917	0.0917	0.0917	0.0917	0.0917	0.4494	0.4494	0.4494	0.4494	0.4494	-52.7014	-52.7014	-52.7014	-52.7014	-52.7014	-158.7349	-1.1259	-57.8985	-1.1259	-1.1259	9.0885	9.0885	9.0885	9.0885	9.0885	9.0885	9.0885	9.0885	9.0885	9.0885	9.0885	9.0885
0.1082	0.1082	0.1082	0.1082	0.1082	0.7464	0.7464	0.7464	0.7464	0.7464	0.7464	0.1699	0.1699	0.1699	0.1699	0.1699	-50.4017	-50.4017	-50.4017	-50.4017	-50.4017	-157.4366	-2.6749	-70.0911	-2.6749	-2.6749	9.0860	9.0860	9.0860	9.0860	9.0860	9.0860	9.0860	9.0860	9.0860	9.0860	9.0860	9.0860
0.0957	0.0957	0.0957	0.0957	0.0957	0.6800	0.6800	0.6800	0.6800	0.6800	0.6800	0.1742	0.1742	0.1742	0.1742	0.1742	-42.5847	-42.5847	-42.5847	-42.5847	-42.5847	-168.2223	-1.2996	-36.7883	-1.2996	-1.2996	9.0835	9.0835	9.0835	9.0835	9.0835	9.0835	9.0835	9.0835	9.0835	9.0835	9.0835	9.0835
0.0807	0.0807	0.0807	0.0807	0.0807	0.5715	0.5715	0.5715	0.5715	0.5715	0.5715	0.3759	0.3759	0.3759	0.3759	0.3759	-31.0033	-31.0033	-31.0033	-31.0033	-31.0033	-187.2619	2.4029	-18.3904	2.4029	2.4029	9.0810	9.0810	9.0810	9.0810	9.0810	9.0810	9.0810	9.0810	9.0810	9.0810	9.0810	9.0810
0.0615	0.0615	0.0615	0.0615	0.0615	0.3944	0.3944	0.3944	0.3944	0.3944	0.3944	0.7748	0.7748	0.7748	0.7748	0.7748	-17.7961	-17.7961	-17.7961	-17.7961	-17.7961	-211.1698	7.7057	-22.8776	7.7057	7.7057	9.0785	9.0785	9.0785	9.0785	9.0785	9.0785	9.0785	9.0785	9.0785	9.0785	9.0785	9.0785
0.0362	0.0362	0.0362	0.0362	0.0362	0.1224	0.1224	0.1224	0.1224	0.1224	0.1224	1.3712	1.3712	1.3712	1.3712	1.3712	-5.2314	-5.2314	-5.2314	-5.2314	-5.2314	-236.6046	13.8382	-9.2280	13.8382	13.8382	9.0761	9.0761	9.0761	9.0761	9.0761	9.0761	9.0761	9.0761	9.0761	9.0761	9.0761	9.0761
0.1274	0.1274	0.1274	0.1274	0.1274	0.8383	0.8383	0.8383	0.8383	0.8383	0.8383	0.9553	0.9553	0.9553	0.9553	0.9553	-16.2336	-16.2336	-16.2336	-16.2336	-16.2336	-0.0103	-0.7121	-66.7810	-0.7121	-0.7121	0.0000	0.0000	0.0000	0.0000	0.0000	0.0000	0.0000	0.0000	0.0000	0.0000	0.0000	0.0000
RR HIV after migration (cf before): 1995, 2000, 2010
0.996658	0.999060	0.996415
0.996047	0.998888	0.997307
0.995874	0.998839	0.997283
0.996002	0.998875	0.997627
0.996060	0.998892	0.997661
0.996564	0.999036	0.998112
0.996795	0.999150	0.998350
0.997341	0.999232	0.998670
0.997462	0.999198	0.998909
0.997649	0.999320	0.998725
0.997229	0.999392	0.998761
0.997758	0.999391	0.998756
0.997632	0.999231	0.998544
0.997483	0.999390	0.998641
0.997395	0.999116	0.998414
0.997405	0.999152	0.998566
0.997264	0.999052	0.998452
0.997066	0.998933	0.997340
0.996351	0.998533	0.996844
0.995160	0.998018	0.994582
0.995000	0.998096	0.994943
0.994398	0.997901	0.994160
0.994022	0.997691	0.993928
0.993710	0.997014	0.993522
0.993528	0.997375	0.993272
0.992841	0.997215	0.993563
0.992611	0.997430	0.993135
0.992674	0.997469	0.994781
0.993261	0.997266	0.994384
0.993125	0.997371	0.994832
0.993586	0.997665	0.994574
0.993693	0.997496	0.994914
0.993449	0.997938	0.995095
0.994394	0.997937	0.995170
0.994767	0.998004	0.995368
0.994495	0.998132	0.995755
0.994904	0.998223	0.995788
0.994860	0.998329	0.996336
0.995157	0.998134	0.996447
0.995936	0.998516	0.996308
0.995493	0.998229	0.996544
0.995510	0.998768	0.997107
0.995558	0.998693	0.997071
0.996823	0.998617	0.997210
0.996492	0.998621	0.997424
0.996218	0.998949	0.997353
0.996397	0.998882	0.997511
0.996933	0.998919	0.997710
0.996695	0.998740	0.997712
0.997529	0.998787	0.997751
0.997269	0.998791	0.997717
0.997568	0.998958	0.998233
0.997394	0.999060	0.998407
0.997330	0.999128	0.998450
0.996983	0.999159	0.998272
0.997301	0.998861	0.998565
0.997121	0.999359	0.998138
0.997572	0.999168	0.998313
0.997786	0.999154	0.998243
0.997435	0.999364	0.998438
0.997522	0.999041	0.998349
0.998405	0.999500	0.998824
0.997346	0.999086	0.998730
0.997932	0.999132	0.998801
0.997790	0.999289	0.998864
0.997538	0.999390	0.999028
0.997974	0.999644	0.999150
0.998169	0.999389	0.999247
0.998140	0.999436	0.998920
0.998372	0.999364	0.999285
0.998369	0.999646	0.998772
0.998596	0.999732	0.999050
0.997637	0.999625	0.998842
0.998483	0.999655	0.999079
0.998139	0.999572	0.998617
0.998517	0.999358	0.999392
0.998209	0.999313	0.999295
0.998784	0.998929	0.998914
0.998511	0.998883	0.999062
0.997754	0.999715	0.999263
0.998075	0.999749	0.999318
0.998013	0.999354	0.998818
0.998914	0.999191	0.998280
0.997457	0.999606	0.999373
0.997797	0.999279	0.998470
0.997380	0.999786	0.998214
0.999399	0.999186	0.999789
0.999348	0.999006	0.996360
0.998781	0.999076	0.999364
0.999120	0.999705	1.000000
0.997855	0.999395	1.000000

