Male migration
-1212.8422	-1334.2915	-1494.1531	-1578.5937	-1694.3849	-1644.3655	-802.2146	-802.2146	-802.2146	-802.2146	-802.2146	4448.8603	4448.8603	4448.8603	4448.8603	4448.8603	2878.6876	2878.6876	2878.6876	2878.6876	2878.6876	11918.2333	6251.6058	8277.7538	6251.6058	6251.6058	5.7386	5.7386	5.7386	5.7386	5.7386	5.7386	5.7386	5.7386	5.7386	5.7386	5.7386	5.7386
-329.5027	-1312.2832	-1433.7325	-1593.5941	-1678.0347	-1793.8259	327.1684	327.1684	327.1684	327.1684	327.1684	2167.2147	2167.2147	2167.2147	2167.2147	2167.2147	1265.5367	1265.5367	1265.5367	1265.5367	1265.5367	8093.3865	2779.5786	4776.9136	2779.5786	2779.5786	5.6527	5.6527	5.6527	5.6527	5.6527	5.6527	5.6527	5.6527	5.6527	5.6527	5.6527	5.6527
-403.8503	-403.7306	-1386.5110	-1507.9603	-1667.8219	-1752.2625	1456.5514	1456.5514	1456.5514	1456.5514	1456.5514	-114.4308	-114.4308	-114.4308	-114.4308	-114.4308	-224.7601	-224.7601	-224.7601	-224.7601	-224.7601	4373.1125	-569.5945	1268.0825	-569.5945	-569.5945	5.5678	5.5678	5.5678	5.5678	5.5678	5.5678	5.5678	5.5678	5.5678	5.5678	5.5678	5.5678
-456.5106	-456.5106	-456.3909	-1439.1714	-1560.6206	-1720.4823	96.9093	96.9093	96.9093	96.9093	96.9093	-807.5865	-807.5865	-807.5865	-807.5865	-807.5865	-1319.9613	-1319.9613	-1319.9613	-1319.9613	-1319.9613	2714.7328	-1865.6549	-374.6449	-1865.6549	-1865.6549	5.4841	5.4841	5.4841	5.4841	5.4841	5.4841	5.4841	5.4841	5.4841	5.4841	5.4841	5.4841
-491.2491	-491.2491	-491.2491	-491.1295	-1473.9099	-1595.3592	-613.2461	-613.2461	-613.2461	-613.2461	-613.2461	-946.3564	-946.3564	-946.3564	-946.3564	-946.3564	-1803.2518	-1803.2518	-1803.2518	-1803.2518	-1803.2518	1820.9127	-2433.0006	-935.4926	-2433.0006	-2433.0006	5.4016	5.4016	5.4016	5.4016	5.4016	5.4016	5.4016	5.4016	5.4016	5.4016	5.4016	5.4016
-511.8085	-511.8085	-511.8085	-511.8085	-511.6888	-1494.4693	-851.3629	-851.3629	-851.3629	-851.3629	-851.3629	-672.3753	-672.3753	-672.3753	-672.3753	-672.3753	-1835.1094	-1835.1094	-1835.1094	-1835.1094	-1835.1094	1531.4791	-2460.7627	-1043.0627	-2460.7627	-2460.7627	5.3201	5.3201	5.3201	5.3201	5.3201	5.3201	5.3201	5.3201	5.3201	5.3201	5.3201	5.3201
-521.8345	-521.8345	-521.8345	-521.8345	-521.8345	-521.7148	-794.8890	-794.8890	-794.8890	-794.8890	-794.8890	-127.2778	-127.2778	-127.2778	-127.2778	-127.2778	-1573.8223	-1573.8223	-1573.8223	-1573.8223	-1573.8223	1686.5534	-2135.8829	-690.0739	-2135.8829	-2135.8829	5.2397	5.2397	5.2397	5.2397	5.2397	5.2397	5.2397	5.2397	5.2397	5.2397	5.2397	5.2397
-524.6818	-524.6818	-524.6818	-524.6818	-524.6818	-524.6818	-630.9161	-630.9161	-630.9161	-630.9161	-630.9161	540.5058	540.5058	540.5058	540.5058	540.5058	-1176.1305	-1176.1305	-1176.1305	-1176.1305	-1176.1305	2120.4734	-1645.4013	-247.8623	-1645.4013	-1645.4013	5.1604	5.1604	5.1604	5.1604	5.1604	5.1604	5.1604	5.1604	5.1604	5.1604	5.1604	5.1604
-523.2208	-523.2208	-523.2208	-523.2208	-523.2208	-523.2208	-536.8921	-536.8921	-536.8921	-536.8921	-536.8921	1189.3410	1189.3410	1189.3410	1189.3410	1189.3410	-782.8069	-782.8069	-782.8069	-782.8069	-782.8069	2675.7156	-1158.7444	388.7766	-1158.7444	-1158.7444	5.0822	5.0822	5.0822	5.0822	5.0822	5.0822	5.0822	5.0822	5.0822	5.0822	5.0822	5.0822
-518.8673	-518.8673	-518.8673	-518.8673	-518.8673	-518.8673	-661.3351	-661.3351	-661.3351	-661.3351	-661.3351	1697.9789	1697.9789	1697.9789	1697.9789	1697.9789	-486.7234	-486.7234	-486.7234	-486.7234	-486.7234	3219.1727	-792.4969	569.9061	-792.4969	-792.4969	5.0050	5.0050	5.0050	5.0050	5.0050	5.0050	5.0050	5.0050	5.0050	5.0050	5.0050	5.0050
-511.4866	-511.4866	-511.4866	-511.4866	-511.4866	-511.4866	-1104.5467	-1104.5467	-1104.5467	-1104.5467	-1104.5467	1979.1470	1979.1470	1979.1470	1979.1470	1979.1470	-320.6220	-320.6220	-320.6220	-320.6220	-320.6220	3655.7816	-594.8790	901.3770	-594.8790	-594.8790	4.9289	4.9289	4.9289	4.9289	4.9289	4.9289	4.9289	4.9289	4.9289	4.9289	4.9289	4.9289
-499.5863	-499.5863	-499.5863	-499.5863	-499.5863	-499.5863	-1822.1784	-1822.1784	-1822.1784	-1822.1784	-1822.1784	2047.5028	2047.5028	2047.5028	2047.5028	2047.5028	-211.2950	-211.2950	-211.2950	-211.2950	-211.2950	3994.6015	-483.4583	853.5857	-483.4583	-483.4583	4.8538	4.8538	4.8538	4.8538	4.8538	4.8538	4.8538	4.8538	4.8538	4.8538	4.8538	4.8538
-481.0926	-481.0926	-481.0926	-481.0926	-481.0926	-481.0926	-2615.5882	-2615.5882	-2615.5882	-2615.5882	-2615.5882	2026.4282	2026.4282	2026.4282	2026.4282	2026.4282	7.9192	7.9192	7.9192	7.9192	7.9192	4353.1256	-255.9980	985.1240	-255.9980	-255.9980	4.7797	4.7797	4.7797	4.7797	4.7797	4.7797	4.7797	4.7797	4.7797	4.7797	4.7797	4.7797
-455.5798	-455.5798	-455.5798	-455.5798	-455.5798	-455.5798	-3151.1279	-3151.1279	-3151.1279	-3151.1279	-3151.1279	2134.4397	2134.4397	2134.4397	2134.4397	2134.4397	536.7399	536.7399	536.7399	536.7399	536.7399	4937.1767	345.8524	1548.1664	345.8524	345.8524	4.7065	4.7065	4.7065	4.7065	4.7065	4.7065	4.7065	4.7065	4.7065	4.7065	4.7065	4.7065
-427.4690	-427.4690	-427.4690	-427.4690	-427.4690	-427.4690	-3037.2889	-3037.2889	-3037.2889	-3037.2889	-3037.2889	2630.8255	2630.8255	2630.8255	2630.8255	2630.8255	1495.5341	1495.5341	1495.5341	1495.5341	1495.5341	5977.8576	1510.9727	2769.3887	1510.9727	1510.9727	4.6344	4.6344	4.6344	4.6344	4.6344	4.6344	4.6344	4.6344	4.6344	4.6344	4.6344	4.6344
-394.0459	-394.0459	-394.0459	-394.0459	-394.0459	-394.0459	-2046.4996	-2046.4996	-2046.4996	-2046.4996	-2046.4996	3659.3535	3659.3535	3659.3535	3659.3535	3659.3535	2894.1264	2894.1264	2894.1264	2894.1264	2894.1264	7592.4448	3289.7031	4883.8801	3289.7031	3289.7031	4.5632	4.5632	4.5632	4.5632	4.5632	4.5632	4.5632	4.5632	4.5632	4.5632	4.5632	4.5632
-368.0822	-368.0822	-368.0822	-368.0822	-368.0822	-368.0822	-433.3546	-433.3546	-433.3546	-433.3546	-433.3546	5024.0266	5024.0266	5024.0266	5024.0266	5024.0266	4472.9083	4472.9083	4472.9083	4472.9083	4472.9083	9557.2486	5380.6067	6867.1820	5380.6067	5380.6067	4.5317	4.5317	4.5317	4.5317	4.5317	4.5317	4.5317	4.5317	4.5317	4.5317	4.5317	4.5317
-368.3130	-368.3130	-368.3130	-368.3130	-368.3130	-368.3130	1367.1579	1367.1579	1367.1579	1367.1579	1367.1579	6520.4732	6520.4732	6520.4732	6520.4732	6520.4732	6074.3078	6074.3078	6074.3078	6074.3078	6074.3078	11604.2451	7491.6147	9082.6937	7491.6147	7491.6147	3502.2498	3502.2498	3502.2498	3502.2498	3502.2498	3502.2498	3502.2498	3502.2498	3502.2498	3502.2498	3502.2498	3502.2498
-403.9578	-403.9578	-403.9578	-403.9578	-403.9578	-403.9578	2962.1642	2962.1642	2962.1642	2962.1642	2962.1642	7762.9007	7762.9007	7762.9007	7762.9007	7762.9007	7312.5186	7312.5186	7312.5186	7312.5186	7312.5186	13362.9273	9219.5910	11237.5440	9219.5910	9219.5910	15907.5143	15907.5143	15907.5143	15907.5143	15907.5143	15907.5143	15907.5143	15907.5143	15907.5143	15907.5143	15907.5143	15907.5143
-465.2768	-465.2768	-465.2768	-465.2768	-465.2768	-465.2768	4288.7288	4288.7288	4288.7288	4288.7288	4288.7288	8474.8725	8474.8725	8474.8725	8474.8725	8474.8725	7914.0982	7914.0982	7914.0982	7914.0982	7914.0982	14629.1174	10394.2619	12377.8509	10394.2619	10394.2619	15915.5593	15915.5593	15915.5593	15915.5593	15915.5593	15915.5593	15915.5593	15915.5593	15915.5593	15915.5593	15915.5593	15915.5593
-533.9370	-533.9370	-533.9370	-533.9370	-533.9370	-533.9370	5175.4794	5175.4794	5175.4794	5175.4794	5175.4794	8444.2715	8444.2715	8444.2715	8444.2715	8444.2715	7763.9169	7763.9169	7763.9169	7763.9169	7763.9169	15259.1431	10911.8313	12821.3803	10911.8313	10911.8313	12706.8710	12706.8710	12706.8710	12706.8710	12706.8710	12706.8710	12706.8710	12706.8710	12706.8710	12706.8710	12706.8710	12706.8710
-595.9290	-595.9290	-595.9290	-595.9290	-595.9290	-595.9290	5688.4386	5688.4386	5688.4386	5688.4386	5688.4386	7846.1571	7846.1571	7846.1571	7846.1571	7846.1571	7080.4300	7080.4300	7080.4300	7080.4300	7080.4300	15341.0779	10928.0733	12967.5574	10928.0733	10928.0733	9812.1534	9812.1534	9812.1534	9812.1534	9812.1534	9812.1534	9812.1534	9812.1534	9812.1534	9812.1534	9812.1534	9812.1534
-651.7726	-651.7726	-651.7726	-651.7726	-651.7726	-651.7726	6182.4911	6182.4911	6182.4911	6182.4911	6182.4911	7090.7901	7090.7901	7090.7901	7090.7901	7090.7901	6209.2567	6209.2567	6209.2567	6209.2567	6209.2567	15194.6810	10804.5409	12934.3519	10804.5409	10804.5409	7526.7914	7526.7914	7526.7914	7526.7914	7526.7914	7526.7914	7526.7914	7526.7914	7526.7914	7526.7914	7526.7914	7526.7914
-695.9456	-695.9456	-695.9456	-695.9456	-695.9456	-695.9456	6636.1502	6636.1502	6636.1502	6636.1502	6636.1502	6393.9976	6393.9976	6393.9976	6393.9976	6393.9976	5392.2051	5392.2051	5392.2051	5392.2051	5392.2051	14860.8371	10616.4520	13086.4400	10616.4520	10616.4520	5759.3608	5759.3608	5759.3608	5759.3608	5759.3608	5759.3608	5759.3608	5759.3608	5759.3608	5759.3608	5759.3608	5759.3608
-729.4808	-729.4808	-729.4808	-729.4808	-729.4808	-729.4808	6658.0295	6658.0295	6658.0295	6658.0295	6658.0295	5612.9752	5612.9752	5612.9752	5612.9752	5612.9752	4543.5873	4543.5873	4543.5873	4543.5873	4543.5873	14061.1332	10051.9316	12740.8026	10051.9316	10051.9316	4396.7137	4396.7137	4396.7137	4396.7137	4396.7137	4396.7137	4396.7137	4396.7137	4396.7137	4396.7137	4396.7137	4396.7137
-763.0026	-763.0026	-763.0026	-763.0026	-763.0026	-763.0026	6147.2223	6147.2223	6147.2223	6147.2223	6147.2223	4799.0704	4799.0704	4799.0704	4799.0704	4799.0704	3739.4815	3739.4815	3739.4815	3739.4815	3739.4815	12803.4948	9070.2182	11361.0602	9070.2182	9070.2182	3346.6369	3346.6369	3346.6369	3346.6369	3346.6369	3346.6369	3346.6369	3346.6369	3346.6369	3346.6369	3346.6369	3346.6369
-793.8714	-793.8714	-793.8714	-793.8714	-793.8714	-793.8714	5256.3950	5256.3950	5256.3950	5256.3950	5256.3950	3980.3130	3980.3130	3980.3130	3980.3130	3980.3130	2986.4766	2986.4766	2986.4766	2986.4766	2986.4766	11271.7659	7794.3657	9957.7427	7794.3657	7794.3657	2537.4866	2537.4866	2537.4866	2537.4866	2537.4866	2537.4866	2537.4866	2537.4866	2537.4866	2537.4866	2537.4866	2537.4866
-807.5594	-807.5594	-807.5594	-807.5594	-807.5594	-807.5594	4158.0441	4158.0441	4158.0441	4158.0441	4158.0441	3069.4700	3069.4700	3069.4700	3069.4700	3069.4700	2165.0050	2165.0050	2165.0050	2165.0050	2165.0050	9581.3686	6314.8822	8798.1445	6314.8822	6314.8822	1913.9896	1913.9896	1913.9896	1913.9896	1913.9896	1913.9896	1913.9896	1913.9896	1913.9896	1913.9896	1913.9896	1913.9896
-799.4734	-799.4734	-799.4734	-799.4734	-799.4734	-799.4734	3135.9218	3135.9218	3135.9218	3135.9218	3135.9218	2170.7472	2170.7472	2170.7472	2170.7472	2170.7472	1342.2666	1342.2666	1342.2666	1342.2666	1342.2666	8006.1020	4877.4225	7171.3095	4877.4225	4877.4225	1433.5472	1433.5472	1433.5472	1433.5472	1433.5472	1433.5472	1433.5472	1433.5472	1433.5472	1433.5472	1433.5472	1433.5472
-775.0123	-775.0123	-775.0123	-775.0123	-775.0123	-775.0123	2378.0830	2378.0830	2378.0830	2378.0830	2378.0830	1514.7907	1514.7907	1514.7907	1514.7907	1514.7907	739.9875	739.9875	739.9875	739.9875	739.9875	6755.9309	3715.9621	5988.6761	3715.9621	3715.9621	1063.3346	1063.3346	1063.3346	1063.3346	1063.3346	1063.3346	1063.3346	1063.3346	1063.3346	1063.3346	1063.3346	1063.3346
-741.6610	-741.6610	-741.6610	-741.6610	-741.6610	-741.6610	2040.6743	2040.6743	2040.6743	2040.6743	2040.6743	1200.7349	1200.7349	1200.7349	1200.7349	1200.7349	422.4582	422.4582	422.4582	422.4582	422.4582	5943.5439	2967.0058	5051.8778	2967.0058	2967.0058	778.0588	778.0588	778.0588	778.0588	778.0588	778.0588	778.0588	778.0588	778.0588	778.0588	778.0588	778.0588
-708.9694	-708.9694	-708.9694	-708.9694	-708.9694	-708.9694	2016.0336	2016.0336	2016.0336	2016.0336	2016.0336	1141.9008	1141.9008	1141.9008	1141.9008	1141.9008	342.1140	342.1140	342.1140	342.1140	342.1140	5436.1394	2552.0474	4417.7634	2552.0474	2552.0474	558.2303	558.2303	558.2303	558.2303	558.2303	558.2303	558.2303	558.2303	558.2303	558.2303	558.2303	558.2303
-681.3638	-681.3638	-681.3638	-681.3638	-681.3638	-681.3638	2052.1917	2052.1917	2052.1917	2052.1917	2052.1917	1175.2999	1175.2999	1175.2999	1175.2999	1175.2999	410.2373	410.2373	410.2373	410.2373	410.2373	5004.0211	2280.4345	4178.4755	2280.4345	2280.4345	388.8320	388.8320	388.8320	388.8320	388.8320	388.8320	388.8320	388.8320	388.8320	388.8320	388.8320	388.8320
-663.5589	-663.5589	-663.5589	-663.5589	-663.5589	-663.5589	2001.3021	2001.3021	2001.3021	2001.3021	2001.3021	1166.2465	1166.2465	1166.2465	1166.2465	1166.2465	534.2384	534.2384	534.2384	534.2384	534.2384	4491.8568	2024.2518	4058.7023	2024.2518	2024.2518	258.2922	258.2922	258.2922	258.2922	258.2922	258.2922	258.2922	258.2922	258.2922	258.2922	258.2922	258.2922
-652.2897	-652.2897	-652.2897	-652.2897	-652.2897	-652.2897	1943.3351	1943.3351	1943.3351	1943.3351	1943.3351	1114.2461	1114.2461	1114.2461	1114.2461	1114.2461	686.7094	686.7094	686.7094	686.7094	686.7094	3975.8566	1824.9533	3983.7493	1824.9533	1824.9533	157.6948	157.6948	157.6948	157.6948	157.6948	157.6948	157.6948	157.6948	157.6948	157.6948	157.6948	157.6948
-641.7536	-641.7536	-641.7536	-641.7536	-641.7536	-641.7536	1844.8780	1844.8780	1844.8780	1844.8780	1844.8780	968.9674	968.9674	968.9674	968.9674	968.9674	789.6681	789.6681	789.6681	789.6681	789.6681	3413.4184	1611.8195	3277.2035	1611.8195	1611.8195	80.1693	80.1693	80.1693	80.1693	80.1693	80.1693	80.1693	80.1693	80.1693	80.1693	80.1693	80.1693
-626.0485	-626.0485	-626.0485	-626.0485	-626.0485	-626.0485	1717.9459	1717.9459	1717.9459	1717.9459	1717.9459	758.9878	758.9878	758.9878	758.9878	758.9878	819.8199	819.8199	819.8199	819.8199	819.8199	2855.1423	1359.6086	3185.5645	1359.6086	1359.6086	20.4218	20.4218	20.4218	20.4218	20.4218	20.4218	20.4218	20.4218	20.4218	20.4218	20.4218	20.4218
-604.2684	-604.2684	-604.2684	-604.2684	-604.2684	-604.2684	1612.3578	1612.3578	1612.3578	1612.3578	1612.3578	564.7311	564.7311	564.7311	564.7311	564.7311	828.5484	828.5484	828.5484	828.5484	828.5484	2402.5883	1105.5750	3038.9850	1105.5750	1105.5750	-25.6268	-25.6268	-25.6268	-25.6268	-25.6268	-25.6268	-25.6268	-25.6268	-25.6268	-25.6268	-25.6268	-25.6268
-574.2436	-574.2436	-574.2436	-574.2436	-574.2436	-574.2436	1536.9731	1536.9731	1536.9731	1536.9731	1536.9731	420.0419	420.0419	420.0419	420.0419	420.0419	812.6322	812.6322	812.6322	812.6322	812.6322	2097.5920	848.7033	2525.8163	848.7033	848.7033	-61.1197	-61.1197	-61.1197	-61.1197	-61.1197	-61.1197	-61.1197	-61.1197	-61.1197	-61.1197	-61.1197	-61.1197
-538.5628	-538.5628	-538.5628	-538.5628	-538.5628	-538.5628	1447.9869	1447.9869	1447.9869	1447.9869	1447.9869	281.6175	281.6175	281.6175	281.6175	281.6175	734.0452	734.0452	734.0452	734.0452	734.0452	1876.5652	568.5356	2566.3376	568.5356	568.5356	-88.4789	-88.4789	-88.4789	-88.4789	-88.4789	-88.4789	-88.4789	-88.4789	-88.4789	-88.4789	-88.4789	-88.4789
-500.9642	-500.9642	-500.9642	-500.9642	-500.9642	-500.9642	1336.4723	1336.4723	1336.4723	1336.4723	1336.4723	150.3600	150.3600	150.3600	150.3600	150.3600	617.7863	617.7863	617.7863	617.7863	617.7863	1708.6327	295.2137	2224.5557	295.2137	295.2137	-109.5705	-109.5705	-109.5705	-109.5705	-109.5705	-109.5705	-109.5705	-109.5705	-109.5705	-109.5705	-109.5705	-109.5705
-465.8915	-465.8915	-465.8915	-465.8915	-465.8915	-465.8915	1209.6690	1209.6690	1209.6690	1209.6690	1209.6690	29.6609	29.6609	29.6609	29.6609	29.6609	500.1239	500.1239	500.1239	500.1239	500.1239	1544.6663	58.5054	1790.9414	58.5054	58.5054	-125.8325	-125.8325	-125.8325	-125.8325	-125.8325	-125.8325	-125.8325	-125.8325	-125.8325	-125.8325	-125.8325	-125.8325
-435.1863	-435.1863	-435.1863	-435.1863	-435.1863	-435.1863	1080.5555	1080.5555	1080.5555	1080.5555	1080.5555	-90.3907	-90.3907	-90.3907	-90.3907	-90.3907	389.8570	389.8570	389.8570	389.8570	389.8570	1345.4957	-145.8887	1427.3403	-145.8887	-145.8887	-138.3731	-138.3731	-138.3731	-138.3731	-138.3731	-138.3731	-138.3731	-138.3731	-138.3731	-138.3731	-138.3731	-138.3731
-411.0130	-411.0130	-411.0130	-411.0130	-411.0130	-411.0130	961.2488	961.2488	961.2488	961.2488	961.2488	-194.6178	-194.6178	-194.6178	-194.6178	-194.6178	316.1226	316.1226	316.1226	316.1226	316.1226	1094.8810	-296.9273	1694.2897	-296.9273	-296.9273	-148.0460	-148.0460	-148.0460	-148.0460	-148.0460	-148.0460	-148.0460	-148.0460	-148.0460	-148.0460	-148.0460	-148.0460
-392.0253	-392.0253	-392.0253	-392.0253	-392.0253	-392.0253	853.1242	853.1242	853.1242	853.1242	853.1242	-254.7860	-254.7860	-254.7860	-254.7860	-254.7860	287.0724	287.0724	287.0724	287.0724	287.0724	834.6690	-384.2612	1331.9865	-384.2612	-384.2612	-155.5090	-155.5090	-155.5090	-155.5090	-155.5090	-155.5090	-155.5090	-155.5090	-155.5090	-155.5090	-155.5090	-155.5090
-375.2040	-375.2040	-375.2040	-375.2040	-375.2040	-375.2040	760.8259	760.8259	760.8259	760.8259	760.8259	-258.9708	-258.9708	-258.9708	-258.9708	-258.9708	295.3195	295.3195	295.3195	295.3195	295.3195	617.1816	-418.3561	1413.3769	-418.3561	-418.3561	-161.2691	-161.2691	-161.2691	-161.2691	-161.2691	-161.2691	-161.2691	-161.2691	-161.2691	-161.2691	-161.2691	-161.2691
-358.4760	-358.4760	-358.4760	-358.4760	-358.4760	-358.4760	680.4651	680.4651	680.4651	680.4651	680.4651	-222.8336	-222.8336	-222.8336	-222.8336	-222.8336	326.2019	326.2019	326.2019	326.2019	326.2019	473.1585	-415.3730	1330.9740	-415.3730	-415.3730	-165.7169	-165.7169	-165.7169	-165.7169	-165.7169	-165.7169	-165.7169	-165.7169	-165.7169	-165.7169	-165.7169	-165.7169
-342.5434	-342.5434	-342.5434	-342.5434	-342.5434	-342.5434	603.5755	603.5755	603.5755	603.5755	603.5755	-163.6556	-163.6556	-163.6556	-163.6556	-163.6556	370.7564	370.7564	370.7564	370.7564	370.7564	383.8901	-388.0946	1466.4324	-388.0946	-388.0946	-169.1534	-169.1534	-169.1534	-169.1534	-169.1534	-169.1534	-169.1534	-169.1534	-169.1534	-169.1534	-169.1534	-169.1534
-326.8926	-326.8926	-326.8926	-326.8926	-326.8926	-326.8926	524.8984	524.8984	524.8984	524.8984	524.8984	-111.7769	-111.7769	-111.7769	-111.7769	-111.7769	417.3653	417.3653	417.3653	417.3653	417.3653	355.1051	-346.9198	1103.1472	-346.9198	-346.9198	-171.8104	-171.8104	-171.8104	-171.8104	-171.8104	-171.8104	-171.8104	-171.8104	-171.8104	-171.8104	-171.8104	-171.8104
-312.0719	-312.0719	-312.0719	-312.0719	-312.0719	-312.0719	446.4508	446.4508	446.4508	446.4508	446.4508	-87.6839	-87.6839	-87.6839	-87.6839	-87.6839	467.4328	467.4328	467.4328	467.4328	467.4328	383.9205	-287.2864	1335.1236	-287.2864	-287.2864	-173.8668	-173.8668	-173.8668	-173.8668	-173.8668	-173.8668	-173.8668	-173.8668	-173.8668	-173.8668	-173.8668	-173.8668
-297.5947	-297.5947	-297.5947	-297.5947	-297.5947	-297.5947	366.6892	366.6892	366.6892	366.6892	366.6892	-107.7550	-107.7550	-107.7550	-107.7550	-107.7550	518.8948	518.8948	518.8948	518.8948	518.8948	431.2369	-211.1967	1094.0343	-211.1967	-211.1967	-175.4602	-175.4602	-175.4602	-175.4602	-175.4602	-175.4602	-175.4602	-175.4602	-175.4602	-175.4602	-175.4602	-175.4602
-285.4283	-285.4283	-285.4283	-285.4283	-285.4283	-285.4283	285.7055	285.7055	285.7055	285.7055	285.7055	-158.6741	-158.6741	-158.6741	-158.6741	-158.6741	559.7168	559.7168	559.7168	559.7168	559.7168	480.9093	-136.7937	1380.8052	-136.7937	-136.7937	-176.6967	-176.6967	-176.6967	-176.6967	-176.6967	-176.6967	-176.6967	-176.6967	-176.6967	-176.6967	-176.6967	-176.6967
-278.2987	-278.2987	-278.2987	-278.2987	-278.2987	-278.2987	214.4108	214.4108	214.4108	214.4108	214.4108	-218.0053	-218.0053	-218.0053	-218.0053	-218.0053	581.1315	581.1315	581.1315	581.1315	581.1315	572.0992	-64.6482	1016.4328	-64.6482	-64.6482	-177.6581	-177.6581	-177.6581	-177.6581	-177.6581	-177.6581	-177.6581	-177.6581	-177.6581	-177.6581	-177.6581	-177.6581
-277.4733	-277.4733	-277.4733	-277.4733	-277.4733	-277.4733	145.4278	145.4278	145.4278	145.4278	145.4278	-262.3690	-262.3690	-262.3690	-262.3690	-262.3690	570.1985	570.1985	570.1985	570.1985	570.1985	680.8071	-28.5001	1118.7229	-28.5001	-28.5001	-178.4074	-178.4074	-178.4074	-178.4074	-178.4074	-178.4074	-178.4074	-178.4074	-178.4074	-178.4074	-178.4074	-178.4074
-281.0430	-281.0430	-281.0430	-281.0430	-281.0430	-281.0430	59.6754	59.6754	59.6754	59.6754	59.6754	-286.6413	-286.6413	-286.6413	-286.6413	-286.6413	521.4561	521.4561	521.4561	521.4561	521.4561	750.5318	-67.6181	904.0609	-67.6181	-67.6181	-178.9931	-178.9931	-178.9931	-178.9931	-178.9931	-178.9931	-178.9931	-178.9931	-178.9931	-178.9931	-178.9931	-178.9931
-286.6783	-286.6783	-286.6783	-286.6783	-286.6783	-286.6783	-49.4633	-49.4633	-49.4633	-49.4633	-49.4633	-281.3783	-281.3783	-281.3783	-281.3783	-281.3783	443.7324	443.7324	443.7324	443.7324	443.7324	754.3575	-188.6779	655.0238	-188.6779	-188.6779	-179.4526	-179.4526	-179.4526	-179.4526	-179.4526	-179.4526	-179.4526	-179.4526	-179.4526	-179.4526	-179.4526	-179.4526
-290.9626	-290.9626	-290.9626	-290.9626	-290.9626	-290.9626	-170.5090	-170.5090	-170.5090	-170.5090	-170.5090	-255.4415	-255.4415	-255.4415	-255.4415	-255.4415	355.6744	355.6744	355.6744	355.6744	355.6744	698.7533	-354.7324	345.8589	-354.7324	-354.7324	-179.8148	-179.8148	-179.8148	-179.8148	-179.8148	-179.8148	-179.8148	-179.8148	-179.8148	-179.8148	-179.8148	-179.8148
-291.8576	-291.8576	-291.8576	-291.8576	-291.8576	-291.8576	-299.7648	-299.7648	-299.7648	-299.7648	-299.7648	-220.2054	-220.2054	-220.2054	-220.2054	-220.2054	274.9367	274.9367	274.9367	274.9367	274.9367	599.7697	-530.3637	-62.1508	-530.3637	-530.3637	-180.1019	-180.1019	-180.1019	-180.1019	-180.1019	-180.1019	-180.1019	-180.1019	-180.1019	-180.1019	-180.1019	-180.1019
-287.5196	-287.5196	-287.5196	-287.5196	-287.5196	-287.5196	-409.2433	-409.2433	-409.2433	-409.2433	-409.2433	-193.1528	-193.1528	-193.1528	-193.1528	-193.1528	211.1473	211.1473	211.1473	211.1473	211.1473	488.2463	-667.6948	-288.4647	-667.6948	-667.6948	-180.3310	-180.3310	-180.3310	-180.3310	-180.3310	-180.3310	-180.3310	-180.3310	-180.3310	-180.3310	-180.3310	-180.3310
-279.0892	-279.0892	-279.0892	-279.0892	-279.0892	-279.0892	-468.2479	-468.2479	-468.2479	-468.2479	-468.2479	-183.7369	-183.7369	-183.7369	-183.7369	-183.7369	151.9444	151.9444	151.9444	151.9444	151.9444	389.9727	-750.2977	-266.7973	-750.2977	-750.2977	-180.5152	-180.5152	-180.5152	-180.5152	-180.5152	-180.5152	-180.5152	-180.5152	-180.5152	-180.5152	-180.5152	-180.5152
-269.4471	-269.4471	-269.4471	-269.4471	-269.4471	-269.4471	-459.2600	-459.2600	-459.2600	-459.2600	-459.2600	-200.3894	-200.3894	-200.3894	-200.3894	-200.3894	87.0356	87.0356	87.0356	87.0356	87.0356	353.7819	-767.6981	-424.3785	-767.6981	-767.6981	-180.6648	-180.6648	-180.6648	-180.6648	-180.6648	-180.6648	-180.6648	-180.6648	-180.6648	-180.6648	-180.6648	-180.6648
-260.1050	-260.1050	-260.1050	-260.1050	-260.1050	-260.1050	-400.6199	-400.6199	-400.6199	-400.6199	-400.6199	-234.5009	-234.5009	-234.5009	-234.5009	-234.5009	19.7252	19.7252	19.7252	19.7252	19.7252	364.7473	-736.8837	-374.6722	-736.8837	-736.8837	-180.7877	-180.7877	-180.7877	-180.7877	-180.7877	-180.7877	-180.7877	-180.7877	-180.7877	-180.7877	-180.7877	-180.7877
-249.8855	-249.8855	-249.8855	-249.8855	-249.8855	-249.8855	-321.0909	-321.0909	-321.0909	-321.0909	-321.0909	-274.4393	-274.4393	-274.4393	-274.4393	-274.4393	-50.4062	-50.4062	-50.4062	-50.4062	-50.4062	355.0470	-689.8434	-372.1996	-689.8434	-689.8434	-180.8897	-180.8897	-180.8897	-180.8897	-180.8897	-180.8897	-180.8897	-180.8897	-180.8897	-180.8897	-180.8897	-180.8897
-239.0218	-239.0218	-239.0218	-239.0218	-239.0218	-239.0218	-251.6247	-251.6247	-251.6247	-251.6247	-251.6247	-304.1001	-304.1001	-304.1001	-304.1001	-304.1001	-102.7582	-102.7582	-102.7582	-102.7582	-102.7582	302.8049	-641.2198	-267.9103	-641.2198	-641.2198	-180.9756	-180.9756	-180.9756	-180.9756	-180.9756	-180.9756	-180.9756	-180.9756	-180.9756	-180.9756	-180.9756	-180.9756
-227.4320	-227.4320	-227.4320	-227.4320	-227.4320	-227.4320	-201.7386	-201.7386	-201.7386	-201.7386	-201.7386	-315.5622	-315.5622	-315.5622	-315.5622	-315.5622	-107.4127	-107.4127	-107.4127	-107.4127	-107.4127	241.7343	-572.4765	-345.7821	-572.4765	-572.4765	-181.0490	-181.0490	-181.0490	-181.0490	-181.0490	-181.0490	-181.0490	-181.0490	-181.0490	-181.0490	-181.0490	-181.0490
-215.6106	-215.6106	-215.6106	-215.6106	-215.6106	-215.6106	-185.4678	-185.4678	-185.4678	-185.4678	-185.4678	-301.0461	-301.0461	-301.0461	-301.0461	-301.0461	-51.2334	-51.2334	-51.2334	-51.2334	-51.2334	174.7784	-486.2533	-231.4786	-486.2533	-486.2533	-181.1127	-181.1127	-181.1127	-181.1127	-181.1127	-181.1127	-181.1127	-181.1127	-181.1127	-181.1127	-181.1127	-181.1127
-202.8461	-202.8461	-202.8461	-202.8461	-202.8461	-202.8461	-193.6505	-193.6505	-193.6505	-193.6505	-193.6505	-267.3723	-267.3723	-267.3723	-267.3723	-267.3723	43.3028	43.3028	43.3028	43.3028	43.3028	127.0493	-393.0265	-241.2499	-393.0265	-393.0265	-181.1687	-181.1687	-181.1687	-181.1687	-181.1687	-181.1687	-181.1687	-181.1687	-181.1687	-181.1687	-181.1687	-181.1687
-187.9231	-187.9231	-187.9231	-187.9231	-187.9231	-187.9231	-205.5034	-205.5034	-205.5034	-205.5034	-205.5034	-227.5402	-227.5402	-227.5402	-227.5402	-227.5402	150.6514	150.6514	150.6514	150.6514	150.6514	136.6809	-293.5597	-121.5374	-293.5597	-293.5597	-181.2187	-181.2187	-181.2187	-181.2187	-181.2187	-181.2187	-181.2187	-181.2187	-181.2187	-181.2187	-181.2187	-181.2187
-170.3776	-170.3776	-170.3776	-170.3776	-170.3776	-170.3776	-207.5012	-207.5012	-207.5012	-207.5012	-207.5012	-191.9996	-191.9996	-191.9996	-191.9996	-191.9996	234.0845	234.0845	234.0845	234.0845	234.0845	207.6844	-206.4712	-70.9283	-206.4712	-206.4712	-181.2641	-181.2641	-181.2641	-181.2641	-181.2641	-181.2641	-181.2641	-181.2641	-181.2641	-181.2641	-181.2641	-181.2641
-151.1848	-151.1848	-151.1848	-151.1848	-151.1848	-151.1848	-205.0433	-205.0433	-205.0433	-205.0433	-205.0433	-160.4663	-160.4663	-160.4663	-160.4663	-160.4663	275.2657	275.2657	275.2657	275.2657	275.2657	296.6504	-153.4707	37.3119	-153.4707	-153.4707	-181.3057	-181.3057	-181.3057	-181.3057	-181.3057	-181.3057	-181.3057	-181.3057	-181.3057	-181.3057	-181.3057	-181.3057
-131.1286	-131.1286	-131.1286	-131.1286	-131.1286	-131.1286	-194.8249	-194.8249	-194.8249	-194.8249	-194.8249	-136.7892	-136.7892	-136.7892	-136.7892	-136.7892	260.6705	260.6705	260.6705	260.6705	260.6705	364.6707	-142.3793	-71.3110	-142.3793	-142.3793	-181.3443	-181.3443	-181.3443	-181.3443	-181.3443	-181.3443	-181.3443	-181.3443	-181.3443	-181.3443	-181.3443	-181.3443
-112.1649	-112.1649	-112.1649	-112.1649	-112.1649	-112.1649	-179.5121	-179.5121	-179.5121	-179.5121	-179.5121	-118.9568	-118.9568	-118.9568	-118.9568	-118.9568	209.3653	209.3653	209.3653	209.3653	209.3653	387.2495	-157.6822	10.3710	-157.6822	-157.6822	-181.3805	-181.3805	-181.3805	-181.3805	-181.3805	-181.3805	-181.3805	-181.3805	-181.3805	-181.3805	-181.3805	-181.3805
-96.0217	-96.0217	-96.0217	-96.0217	-96.0217	-96.0217	-159.3638	-159.3638	-159.3638	-159.3638	-159.3638	-103.0696	-103.0696	-103.0696	-103.0696	-103.0696	152.9146	152.9146	152.9146	152.9146	152.9146	367.9918	-178.6336	-100.8001	-178.6336	-178.6336	-181.4148	-181.4148	-181.4148	-181.4148	-181.4148	-181.4148	-181.4148	-181.4148	-181.4148	-181.4148	-181.4148	-181.4148
-83.8856	-83.8856	-83.8856	-83.8856	-83.8856	-83.8856	-142.3686	-142.3686	-142.3686	-142.3686	-142.3686	-85.1985	-85.1985	-85.1985	-85.1985	-85.1985	114.1242	114.1242	114.1242	114.1242	114.1242	307.8770	-185.6740	-46.5806	-185.6740	-185.6740	-181.4475	-181.4475	-181.4475	-181.4475	-181.4475	-181.4475	-181.4475	-181.4475	-181.4475	-181.4475	-181.4475	-181.4475
-74.8824	-74.8824	-74.8824	-74.8824	-74.8824	-74.8824	-137.2426	-137.2426	-137.2426	-137.2426	-137.2426	-65.1091	-65.1091	-65.1091	-65.1091	-65.1091	86.2879	86.2879	86.2879	86.2879	86.2879	223.8052	-178.4769	-49.2742	-178.4769	-178.4769	-181.4788	-181.4788	-181.4788	-181.4788	-181.4788	-181.4788	-181.4788	-181.4788	-181.4788	-181.4788	-181.4788	-181.4788
-67.1626	-67.1626	-67.1626	-67.1626	-67.1626	-67.1626	-148.5437	-148.5437	-148.5437	-148.5437	-148.5437	-41.6098	-41.6098	-41.6098	-41.6098	-41.6098	72.6906	72.6906	72.6906	72.6906	72.6906	146.7402	-153.3158	-96.5656	-153.3158	-153.3158	-181.5091	-181.5091	-181.5091	-181.5091	-181.5091	-181.5091	-181.5091	-181.5091	-181.5091	-181.5091	-181.5091	-181.5091
-59.4202	-59.4202	-59.4202	-59.4202	-59.4202	-59.4202	-169.2948	-169.2948	-169.2948	-169.2948	-169.2948	-16.9582	-16.9582	-16.9582	-16.9582	-16.9582	68.5235	68.5235	68.5235	68.5235	68.5235	98.4160	-117.0475	-104.4535	-117.0475	-117.0475	-181.5384	-181.5384	-181.5384	-181.5384	-181.5384	-181.5384	-181.5384	-181.5384	-181.5384	-181.5384	-181.5384	-181.5384
-51.9715	-51.9715	-51.9715	-51.9715	-51.9715	-51.9715	-199.5059	-199.5059	-199.5059	-199.5059	-199.5059	9.4877	9.4877	9.4877	9.4877	9.4877	60.5204	60.5204	60.5204	60.5204	60.5204	71.7302	-83.8914	-22.6348	-83.8914	-83.8914	-181.5668	-181.5668	-181.5668	-181.5668	-181.5668	-181.5668	-181.5668	-181.5668	-181.5668	-181.5668	-181.5668	-181.5668
-44.4270	-44.4270	-44.4270	-44.4270	-44.4270	-44.4270	-220.1002	-220.1002	-220.1002	-220.1002	-220.1002	31.2226	31.2226	31.2226	31.2226	31.2226	49.0516	49.0516	49.0516	49.0516	49.0516	74.7876	-57.8154	36.8374	-57.8154	-57.8154	-181.5946	-181.5946	-181.5946	-181.5946	-181.5946	-181.5946	-181.5946	-181.5946	-181.5946	-181.5946	-181.5946	-181.5946
-37.0326	-37.0326	-37.0326	-37.0326	-37.0326	-37.0326	-208.1729	-208.1729	-208.1729	-208.1729	-208.1729	39.7563	39.7563	39.7563	39.7563	39.7563	50.0051	50.0051	50.0051	50.0051	50.0051	108.8970	-27.6673	42.7390	-27.6673	-27.6673	-181.6217	-181.6217	-181.6217	-181.6217	-181.6217	-181.6217	-181.6217	-181.6217	-181.6217	-181.6217	-181.6217	-181.6217
-30.2506	-30.2506	-30.2506	-30.2506	-30.2506	-30.2506	-151.6208	-151.6208	-151.6208	-151.6208	-151.6208	30.7886	30.7886	30.7886	30.7886	30.7886	68.2973	68.2973	68.2973	68.2973	68.2973	158.7851	8.5748	62.0979	8.5748	8.5748	-181.6482	-181.6482	-181.6482	-181.6482	-181.6482	-181.6482	-181.6482	-181.6482	-181.6482	-181.6482	-181.6482	-181.6482
-24.4667	-24.4667	-24.4667	-24.4667	-24.4667	-24.4667	-64.9520	-64.9520	-64.9520	-64.9520	-64.9520	9.4764	9.4764	9.4764	9.4764	9.4764	98.4946	98.4946	98.4946	98.4946	98.4946	206.4374	47.5616	72.7531	47.5616	47.5616	-181.6741	-181.6741	-181.6741	-181.6741	-181.6741	-181.6741	-181.6741	-181.6741	-181.6741	-181.6741	-181.6741	-181.6741
-0.4461	-19.8889	-19.8889	-19.8889	-19.8889	-19.8889	28.2779	28.2779	28.2779	28.2779	28.2779	-15.8081	-15.8081	-15.8081	-15.8081	-15.8081	131.3599	131.3599	131.3599	131.3599	131.3599	237.8654	83.8330	139.0262	83.8330	83.8330	-181.6996	-181.6996	-181.6996	-181.6996	-181.6996	-181.6996	-181.6996	-181.6996	-181.6996	-181.6996	-181.6996	-181.6996
-0.3706	-0.3706	-16.5215	-16.5215	-16.5215	-16.5215	107.7066	107.7066	107.7066	107.7066	107.7066	-37.8274	-37.8274	-37.8274	-37.8274	-37.8274	158.5001	158.5001	158.5001	158.5001	158.5001	246.3401	112.1755	134.8765	112.1755	112.1755	-181.7246	-181.7246	-181.7246	-181.7246	-181.7246	-181.7246	-181.7246	-181.7246	-181.7246	-181.7246	-181.7246	-181.7246
-0.3517	-0.3517	-0.3517	-14.1785	-14.1785	-14.1785	160.4228	160.4228	160.4228	160.4228	160.4228	-51.9923	-51.9923	-51.9923	-51.9923	-51.9923	174.0230	174.0230	174.0230	174.0230	174.0230	232.8148	128.4824	128.4824	128.4824	128.4824	-181.7491	-181.7491	-181.7491	-181.7491	-181.7491	-181.7491	-181.7491	-181.7491	-181.7491	-181.7491	-181.7491	-181.7491
-0.3613	-0.3613	-0.3613	-0.3613	-12.6100	-12.6100	182.0308	182.0308	182.0308	182.0308	182.0308	-56.7394	-56.7394	-56.7394	-56.7394	-56.7394	175.1836	175.1836	175.1836	175.1836	175.1836	201.9882	130.2011	141.0745	130.2011	130.2011	-181.7733	-181.7733	-181.7733	-181.7733	-181.7733	-181.7733	-181.7733	-181.7733	-181.7733	-181.7733	-181.7733	-181.7733
0.0209	0.0209	0.0209	0.0209	0.0209	-11.1411	176.1179	176.1179	176.1179	176.1179	176.1179	-53.3427	-53.3427	-53.3427	-53.3427	-53.3427	162.2276	162.2276	162.2276	162.2276	162.2276	161.3713	116.2761	128.8719	116.2761	116.2761	-181.7970	-181.7970	-181.7970	-181.7970	-181.7970	-181.7970	-181.7970	-181.7970	-181.7970	-181.7970	-181.7970	-181.7970
0.0160	0.0160	0.0160	0.0160	0.0160	0.0160	148.9330	148.9330	148.9330	148.9330	148.9330	-44.0218	-44.0218	-44.0218	-44.0218	-44.0218	136.3974	136.3974	136.3974	136.3974	136.3974	119.4123	86.1510	106.8348	86.1510	86.1510	-181.8203	-181.8203	-181.8203	-181.8203	-181.8203	-181.8203	-181.8203	-181.8203	-181.8203	-181.8203	-181.8203	-181.8203
0.0265	0.0265	0.0265	0.0265	0.0265	0.0265	108.3211	108.3211	108.3211	108.3211	108.3211	-31.5638	-31.5638	-31.5638	-31.5638	-31.5638	99.5718	99.5718	99.5718	99.5718	99.5718	84.4586	39.6068	61.0356	39.6068	39.6068	-181.8432	-181.8432	-181.8432	-181.8432	-181.8432	-181.8432	-181.8432	-181.8432	-181.8432	-181.8432	-181.8432	-181.8432
0.0585	0.0585	0.0585	0.0585	0.0585	0.0585	62.6598	62.6598	62.6598	62.6598	62.6598	-18.9449	-18.9449	-18.9449	-18.9449	-18.9449	53.8337	53.8337	53.8337	53.8337	53.8337	64.9624	-23.4708	-23.4708	-23.4708	-23.4708	-181.8658	-181.8658	-181.8658	-181.8658	-181.8658	-181.8658	-181.8658	-181.8658	-181.8658	-181.8658	-181.8658	-181.8658
0.0524	0.0524	0.0524	0.0524	0.0524	0.0524	19.7943	19.7943	19.7943	19.7943	19.7943	-8.9520	-8.9520	-8.9520	-8.9520	-8.9520	53.2072	53.2072	53.2072	53.2072	53.2072	-45.6911	-51.1554	22.8327	-51.1554	-51.1554	0.0000	0.0000	0.0000	0.0000	0.0000	0.0000	0.0000	0.0000	0.0000	0.0000	0.0000	0.0000
Female migration
-1196.9012	-1372.6675	-1585.3690	-1719.7701	-1799.8258	-667.6753	236.2762	236.2762	236.2762	236.2762	236.2762	5152.7354	5152.7354	5152.7354	5152.7354	5152.7354	4019.5421	4019.5421	4019.5421	4019.5421	4019.5421	12568.6240	6752.3913	8763.8221	6752.3913	6752.3913	5.0710	5.0710	5.0710	5.0710	5.0710	5.0710	5.0710	5.0710	5.0710	5.0710	5.0710	5.0710
-213.1989	-1305.4672	-1481.2335	-1693.9351	-1828.3362	-725.7805	901.5329	901.5329	901.5329	901.5329	901.5329	2218.9233	2218.9233	2218.9233	2218.9233	2218.9233	1643.5640	1643.5640	1643.5640	1643.5640	1643.5640	8388.5060	2893.2794	4659.7614	2893.2794	2893.2794	4.9934	4.9934	4.9934	4.9934	4.9934	4.9934	4.9934	4.9934	4.9934	4.9934	4.9934	4.9934
-298.0920	-297.8376	-1390.1059	-1565.8722	-1778.5738	-661.9869	1566.7897	1566.7897	1566.7897	1566.7897	1566.7897	-714.8887	-714.8887	-714.8887	-714.8887	-714.8887	-636.1119	-636.1119	-636.1119	-636.1119	-636.1119	4368.9599	-869.5303	959.8307	-869.5303	-869.5303	4.9168	4.9168	4.9168	4.9168	4.9168	4.9168	4.9168	4.9168	4.9168	4.9168	4.9168	4.9168
-362.0124	-362.0124	-361.7579	-1454.0263	-1629.7926	-556.5964	223.0966	223.0966	223.0966	223.0966	223.0966	-864.5097	-864.5097	-864.5097	-864.5097	-864.5097	-1693.9558	-1693.9558	-1693.9558	-1693.9558	-1693.9558	2984.7564	-2048.5843	-576.3073	-2048.5843	-2048.5843	4.8413	4.8413	4.8413	4.8413	4.8413	4.8413	4.8413	4.8413	4.8413	4.8413	4.8413	4.8413
-408.4235	-408.4235	-408.4235	-408.1690	-1500.4374	-384.7874	-486.2573	-486.2573	-486.2573	-486.2573	-486.2573	-733.3484	-733.3484	-733.3484	-733.3484	-733.3484	-2212.0704	-2212.0704	-2212.0704	-2212.0704	-2212.0704	2291.4253	-2575.6698	-1013.2738	-2575.6698	-2575.6698	4.7668	4.7668	4.7668	4.7668	4.7668	4.7668	4.7668	4.7668	4.7668	4.7668	4.7668	4.7668
-440.6375	-440.6375	-440.6375	-440.6375	-440.3830	-261.1925	-730.3666	-730.3666	-730.3666	-730.3666	-730.3666	-391.5591	-391.5591	-391.5591	-391.5591	-391.5591	-2309.5520	-2309.5520	-2309.5520	-2309.5520	-2309.5520	2125.2823	-2601.1704	-1365.7984	-2601.1704	-2601.1704	4.6933	4.6933	4.6933	4.6933	4.6933	4.6933	4.6933	4.6933	4.6933	4.6933	4.6933	4.6933
-461.8635	-461.8635	-461.8635	-461.8635	-461.8635	768.4921	-678.3262	-678.3262	-678.3262	-678.3262	-678.3262	90.7034	90.7034	90.7034	90.7034	90.7034	-2104.4693	-2104.4693	-2104.4693	-2104.4693	-2104.4693	2324.2881	-2274.4426	-848.4526	-2274.4426	-2274.4426	4.6207	4.6207	4.6207	4.6207	4.6207	4.6207	4.6207	4.6207	4.6207	4.6207	4.6207	4.6207
-475.0013	-475.0013	-475.0013	-475.0013	-475.0013	696.8999	-508.2099	-508.2099	-508.2099	-508.2099	-508.2099	640.1057	640.1057	640.1057	640.1057	640.1057	-1715.5969	-1715.5969	-1715.5969	-1715.5969	-1715.5969	2725.8012	-1747.2978	-339.3355	-1747.2978	-1747.2978	4.5492	4.5492	4.5492	4.5492	4.5492	4.5492	4.5492	4.5492	4.5492	4.5492	4.5492	4.5492
-482.4351	-482.4351	-482.4351	-482.4351	-482.4351	619.7862	-389.1124	-389.1124	-389.1124	-389.1124	-389.1124	1186.4933	1186.4933	1186.4933	1186.4933	1186.4933	-1252.7830	-1252.7830	-1252.7830	-1252.7830	-1252.7830	3180.9436	-1160.8718	377.8552	-1160.8718	-1160.8718	4.4786	4.4786	4.4786	4.4786	4.4786	4.4786	4.4786	4.4786	4.4786	4.4786	4.4786	4.4786
-485.0024	-485.0024	-485.0024	-485.0024	-485.0024	543.8324	-463.1912	-463.1912	-463.1912	-463.1912	-463.1912	1669.2481	1669.2481	1669.2481	1669.2481	1669.2481	-799.0977	-799.0977	-799.0977	-799.0977	-799.0977	3582.1274	-624.2746	762.4978	-624.2746	-624.2746	4.4090	4.4090	4.4090	4.4090	4.4090	4.4090	4.4090	4.4090	4.4090	4.4090	4.4090	4.4090
-481.8913	-481.8913	-481.8913	-481.8913	-481.8913	480.1970	-827.7078	-827.7078	-827.7078	-827.7078	-827.7078	2043.6461	2043.6461	2043.6461	2043.6461	2043.6461	-402.2276	-402.2276	-402.2276	-402.2276	-402.2276	3875.7753	-202.4870	1213.4020	-202.4870	-202.4870	4.3403	4.3403	4.3403	4.3403	4.3403	4.3403	4.3403	4.3403	4.3403	4.3403	4.3403	4.3403
-470.8462	-470.8462	-470.8462	-470.8462	-470.8462	443.7325	-1445.2372	-1445.2372	-1445.2372	-1445.2372	-1445.2372	2312.6455	2312.6455	2312.6455	2312.6455	2312.6455	-38.6467	-38.6467	-38.6467	-38.6467	-38.6467	4114.4073	136.9608	1178.8568	136.9608	136.9608	4.2726	4.2726	4.2726	4.2726	4.2726	4.2726	4.2726	4.2726	4.2726	4.2726	4.2726	4.2726
-448.9929	-448.9929	-448.9929	-448.9929	-448.9929	450.8751	-2134.6882	-2134.6882	-2134.6882	-2134.6882	-2134.6882	2530.0659	2530.0659	2530.0659	2530.0659	2530.0659	381.9517	381.9517	381.9517	381.9517	381.9517	4449.0171	521.3068	1965.8488	521.3068	521.3068	4.2057	4.2057	4.2057	4.2057	4.2057	4.2057	4.2057	4.2057	4.2057	4.2057	4.2057	4.2057
-415.2100	-415.2100	-415.2100	-415.2100	-415.2100	513.5745	-2589.2620	-2589.2620	-2589.2620	-2589.2620	-2589.2620	2794.2304	2794.2304	2794.2304	2794.2304	2794.2304	985.4452	985.4452	985.4452	985.4452	985.4452	5080.1584	1137.8481	2742.9901	1137.8481	1137.8481	4.1398	4.1398	4.1398	4.1398	4.1398	4.1398	4.1398	4.1398	4.1398	4.1398	4.1398	4.1398
-373.5316	-373.5316	-373.5316	-373.5316	-373.5316	630.5865	-2448.2848	-2448.2848	-2448.2848	-2448.2848	-2448.2848	3222.5348	3222.5348	3222.5348	3222.5348	3222.5348	1869.0649	1869.0649	1869.0649	1869.0649	1869.0649	6159.3533	2155.7307	3602.4697	2155.7307	2155.7307	4.0752	4.0752	4.0752	4.0752	4.0752	4.0752	4.0752	4.0752	4.0752	4.0752	4.0752	4.0752
-328.6417	-328.6417	-328.6417	-328.6417	-328.6417	730.7942	-1503.7281	-1503.7281	-1503.7281	-1503.7281	-1503.7281	3878.3352	3878.3352	3878.3352	3878.3352	3878.3352	3064.9659	3064.9659	3064.9659	3064.9659	3064.9659	7728.3100	3649.2883	5254.8913	3649.2883	3649.2883	9.5741	9.5741	9.5741	9.5741	9.5741	9.5741	9.5741	9.5741	9.5741	9.5741	9.5741	9.5741
-287.0472	-287.0472	-287.0472	-287.0472	-287.0472	859.6751	3.4804	3.4804	3.4804	3.4804	3.4804	4666.0463	4666.0463	4666.0463	4666.0463	4666.0463	4387.3896	4387.3896	4387.3896	4387.3896	4387.3896	9532.1909	5387.4811	6980.7981	5387.4811	5387.4811	533.6613	533.6613	533.6613	533.6613	533.6613	533.6613	533.6613	533.6613	533.6613	533.6613	533.6613	533.6613
-253.0528	-253.0528	-253.0528	-253.0528	-253.0528	1139.0766	1702.8653	1702.8653	1702.8653	1702.8653	1702.8653	5500.7722	5500.7722	5500.7722	5500.7722	5500.7722	5729.2426	5729.2426	5729.2426	5729.2426	5729.2426	11352.8564	7151.2598	8772.8689	7151.2598	7151.2598	4356.9216	4356.9216	4356.9216	4356.9216	4356.9216	4356.9216	4356.9216	4356.9216	4356.9216	4356.9216	4356.9216	4356.9216
-230.6074	-230.6074	-230.6074	-230.6074	-230.6074	1610.9173	3194.8613	3194.8613	3194.8613	3194.8613	3194.8613	6186.7812	6186.7812	6186.7812	6186.7812	6186.7812	6772.8695	6772.8695	6772.8695	6772.8695	6772.8695	12818.5730	8579.0137	10476.1247	8579.0137	8579.0137	10212.2489	10212.2489	10212.2489	10212.2489	10212.2489	10212.2489	10212.2489	10212.2489	10212.2489	10212.2489	10212.2489	10212.2489
-218.7546	-218.7546	-218.7546	-218.7546	-218.7546	2203.3602	4347.2723	4347.2723	4347.2723	4347.2723	4347.2723	6564.3505	6564.3505	6564.3505	6564.3505	6564.3505	7251.3177	7251.3177	7251.3177	7251.3177	7251.3177	13712.1864	9454.8931	11471.7551	9454.8931	9454.8931	13102.9160	13102.9160	13102.9160	13102.9160	13102.9160	13102.9160	13102.9160	13102.9160	13102.9160	13102.9160	13102.9160	13102.9160
-206.7846	-206.7846	-206.7846	-206.7846	-206.7846	2857.9115	4972.4701	4972.4701	4972.4701	4972.4701	4972.4701	6521.1574	6521.1574	6521.1574	6521.1574	6521.1574	7051.0257	7051.0257	7051.0257	7051.0257	7051.0257	13940.4472	9656.5292	11336.8332	9656.5292	9656.5292	12212.0619	12212.0619	12212.0619	12212.0619	12212.0619	12212.0619	12212.0619	12212.0619	12212.0619	12212.0619	12212.0619	12212.0619
-198.4923	-198.4923	-198.4923	-198.4923	-198.4923	3426.6303	5175.0196	5175.0196	5175.0196	5175.0196	5175.0196	6153.0483	6153.0483	6153.0483	6153.0483	6153.0483	6366.6882	6366.6882	6366.6882	6366.6882	6366.6882	13649.5533	9349.9933	11108.1533	9349.9933	9349.9933	9681.7806	9681.7806	9681.7806	9681.7806	9681.7806	9681.7806	9681.7806	9681.7806	9681.7806	9681.7806	9681.7806	9681.7806
-209.2403	-209.2403	-209.2403	-209.2403	-209.2403	3781.4431	5308.8699	5308.8699	5308.8699	5308.8699	5308.8699	5693.6180	5693.6180	5693.6180	5693.6180	5693.6180	5506.1438	5506.1438	5506.1438	5506.1438	5506.1438	13135.0852	8884.9032	10898.1162	8884.9032	8884.9032	7063.1979	7063.1979	7063.1979	7063.1979	7063.1979	7063.1979	7063.1979	7063.1979	7063.1979	7063.1979	7063.1979	7063.1979
-243.9040	-243.9040	-243.9040	-243.9040	-243.9040	3834.9488	5453.4437	5453.4437	5453.4437	5453.4437	5453.4437	5251.8511	5251.8511	5251.8511	5251.8511	5251.8511	4703.7014	4703.7014	4703.7014	4703.7014	4703.7014	12516.6162	8400.7377	10737.0347	8400.7377	8400.7377	4929.0229	4929.0229	4929.0229	4929.0229	4929.0229	4929.0229	4929.0229	4929.0229	4929.0229	4929.0229	4929.0229	4929.0229
-295.1117	-295.1117	-295.1117	-295.1117	-295.1117	3659.2786	5342.9680	5342.9680	5342.9680	5342.9680	5342.9680	4732.2027	4732.2027	4732.2027	4732.2027	4732.2027	3915.5874	3915.5874	3915.5874	3915.5874	3915.5874	11614.3888	7691.7544	9560.6274	7691.7544	7691.7544	3351.0346	3351.0346	3351.0346	3351.0346	3351.0346	3351.0346	3351.0346	3351.0346	3351.0346	3351.0346	3351.0346	3351.0346
-354.8479	-354.8479	-354.8479	-354.8479	-354.8479	3407.9312	4943.3859	4943.3859	4943.3859	4943.3859	4943.3859	4156.8962	4156.8962	4156.8962	4156.8962	4156.8962	3223.3304	3223.3304	3223.3304	3223.3304	3223.3304	10460.2549	6765.2833	8818.1163	6765.2833	6765.2833	2235.6662	2235.6662	2235.6662	2235.6662	2235.6662	2235.6662	2235.6662	2235.6662	2235.6662	2235.6662	2235.6662	2235.6662
-409.1650	-409.1650	-409.1650	-409.1650	-409.1650	3181.9256	4336.1587	4336.1587	4336.1587	4336.1587	4336.1587	3556.5245	3556.5245	3556.5245	3556.5245	3556.5245	2621.3676	2621.3676	2621.3676	2621.3676	2621.3676	9181.9513	5695.4236	7527.6356	5695.4236	5695.4236	1464.3194	1464.3194	1464.3194	1464.3194	1464.3194	1464.3194	1464.3194	1464.3194	1464.3194	1464.3194	1464.3194	1464.3194
-448.4116	-448.4116	-448.4116	-448.4116	-448.4116	2950.6299	3591.4885	3591.4885	3591.4885	3591.4885	3591.4885	2886.3811	2886.3811	2886.3811	2886.3811	2886.3811	1971.6443	1971.6443	1971.6443	1971.6443	1971.6443	7827.3184	4488.4583	6352.8204	4488.4583	4488.4583	936.6178	936.6178	936.6178	936.6178	936.6178	936.6178	936.6178	936.6178	936.6178	936.6178	936.6178	936.6178
-464.8497	-464.8497	-464.8497	-464.8497	-464.8497	2744.9881	2866.3378	2866.3378	2866.3378	2866.3378	2866.3378	2240.4614	2240.4614	2240.4614	2240.4614	2240.4614	1321.8360	1321.8360	1321.8360	1321.8360	1321.8360	6592.0835	3310.3193	5243.6083	3310.3193	3310.3193	577.5431	577.5431	577.5431	577.5431	577.5431	577.5431	577.5431	577.5431	577.5431	577.5431	577.5431	577.5431
-464.0652	-464.0652	-464.0652	-464.0652	-464.0652	2557.5505	2295.1181	2295.1181	2295.1181	2295.1181	2295.1181	1788.3696	1788.3696	1788.3696	1788.3696	1788.3696	883.7574	883.7574	883.7574	883.7574	883.7574	5666.3556	2378.4183	4382.3183	2378.4183	2378.4183	333.8685	333.8685	333.8685	333.8685	333.8685	333.8685	333.8685	333.8685	333.8685	333.8685	333.8685	333.8685
-457.8912	-457.8912	-457.8912	-457.8912	-457.8912	2349.5339	1973.6535	1973.6535	1973.6535	1973.6535	1973.6535	1608.6369	1608.6369	1608.6369	1608.6369	1608.6369	712.6032	712.6032	712.6032	712.6032	712.6032	5119.3574	1796.5780	3311.0383	1796.5780	1796.5780	168.7277	168.7277	168.7277	168.7277	168.7277	168.7277	168.7277	168.7277	168.7277	168.7277	168.7277	168.7277
-454.7526	-454.7526	-454.7526	-454.7526	-454.7526	2115.6764	1840.0067	1840.0067	1840.0067	1840.0067	1840.0067	1630.4303	1630.4303	1630.4303	1630.4303	1630.4303	749.4676	749.4676	749.4676	749.4676	749.4676	4823.6105	1491.9367	3026.9147	1491.9367	1491.9367	56.8826	56.8826	56.8826	56.8826	56.8826	56.8826	56.8826	56.8826	56.8826	56.8826	56.8826	56.8826
-452.6484	-452.6484	-452.6484	-452.6484	-452.6484	1894.5866	1740.4361	1740.4361	1740.4361	1740.4361	1740.4361	1724.6538	1724.6538	1724.6538	1724.6538	1724.6538	920.9663	920.9663	920.9663	920.9663	920.9663	4600.1222	1315.6326	2769.4806	1315.6326	1315.6326	-18.8452	-18.8452	-18.8452	-18.8452	-18.8452	-18.8452	-18.8452	-18.8452	-18.8452	-18.8452	-18.8452	-18.8452
-454.0699	-454.0699	-454.0699	-454.0699	-454.0699	1696.1261	1593.2564	1593.2564	1593.2564	1593.2564	1593.2564	1779.4913	1779.4913	1779.4913	1779.4913	1779.4913	1109.1292	1109.1292	1109.1292	1109.1292	1109.1292	4302.3540	1147.4302	2583.3262	1147.4302	1147.4302	-70.1143	-70.1143	-70.1143	-70.1143	-70.1143	-70.1143	-70.1143	-70.1143	-70.1143	-70.1143	-70.1143	-70.1143
-457.2862	-457.2862	-457.2862	-457.2862	-457.2862	1517.6344	1458.7309	1458.7309	1458.7309	1458.7309	1458.7309	1787.8041	1787.8041	1787.8041	1787.8041	1787.8041	1242.8200	1242.8200	1242.8200	1242.8200	1242.8200	3967.1024	996.2708	2587.0738	996.2708	996.2708	-104.8259	-104.8259	-104.8259	-104.8259	-104.8259	-104.8259	-104.8259	-104.8259	-104.8259	-104.8259	-104.8259	-104.8259
-460.1047	-460.1047	-460.1047	-460.1047	-460.1047	1342.0319	1322.7918	1322.7918	1322.7918	1322.7918	1322.7918	1706.0393	1706.0393	1706.0393	1706.0393	1706.0393	1232.5374	1232.5374	1232.5374	1232.5374	1232.5374	3555.4520	793.4925	2203.7955	793.4925	793.4925	-128.3307	-128.3307	-128.3307	-128.3307	-128.3307	-128.3307	-128.3307	-128.3307	-128.3307	-128.3307	-128.3307	-128.3307
-458.7139	-458.7139	-458.7139	-458.7139	-458.7139	1170.6380	1188.3398	1188.3398	1188.3398	1188.3398	1188.3398	1559.7727	1559.7727	1559.7727	1559.7727	1559.7727	1101.2629	1101.2629	1101.2629	1101.2629	1101.2629	3129.1431	543.1611	1840.9511	543.1611	543.1611	-144.2508	-144.2508	-144.2508	-144.2508	-144.2508	-144.2508	-144.2508	-144.2508	-144.2508	-144.2508	-144.2508	-144.2508
-451.0324	-451.0324	-451.0324	-451.0324	-451.0324	1023.4356	1075.7643	1075.7643	1075.7643	1075.7643	1075.7643	1415.2348	1415.2348	1415.2348	1415.2348	1415.2348	941.9557	941.9557	941.9557	941.9557	941.9557	2784.4494	301.8844	1479.0644	301.8844	301.8844	-155.0380	-155.0380	-155.0380	-155.0380	-155.0380	-155.0380	-155.0380	-155.0380	-155.0380	-155.0380	-155.0380	-155.0380
-435.3542	-435.3542	-435.3542	-435.3542	-435.3542	906.0545	984.1682	984.1682	984.1682	984.1682	984.1682	1306.3224	1306.3224	1306.3224	1306.3224	1306.3224	815.5578	815.5578	815.5578	815.5578	815.5578	2584.0626	102.2806	1344.2726	102.2806	102.2806	-162.3513	-162.3513	-162.3513	-162.3513	-162.3513	-162.3513	-162.3513	-162.3513	-162.3513	-162.3513	-162.3513	-162.3513
-414.1223	-414.1223	-414.1223	-414.1223	-414.1223	812.2636	889.4913	889.4913	889.4913	889.4913	889.4913	1204.2892	1204.2892	1204.2892	1204.2892	1204.2892	712.9156	712.9156	712.9156	712.9156	712.9156	2489.7559	-63.2675	1193.6445	-63.2675	-63.2675	-167.3136	-167.3136	-167.3136	-167.3136	-167.3136	-167.3136	-167.3136	-167.3136	-167.3136	-167.3136	-167.3136	-167.3136
-390.7444	-390.7444	-390.7444	-390.7444	-390.7444	731.6027	784.6916	784.6916	784.6916	784.6916	784.6916	1113.4664	1113.4664	1113.4664	1113.4664	1113.4664	671.3617	671.3617	671.3617	671.3617	671.3617	2481.3970	-167.8679	1161.3281	-167.8679	-167.8679	-170.6848	-170.6848	-170.6848	-170.6848	-170.6848	-170.6848	-170.6848	-170.6848	-170.6848	-170.6848	-170.6848	-170.6848
-369.3107	-369.3107	-369.3107	-369.3107	-369.3107	654.2766	675.0019	675.0019	675.0019	675.0019	675.0019	1031.5410	1031.5410	1031.5410	1031.5410	1031.5410	678.2172	678.2172	678.2172	678.2172	678.2172	2497.7902	-219.8115	912.3255	-219.8115	-219.8115	-172.9791	-172.9791	-172.9791	-172.9791	-172.9791	-172.9791	-172.9791	-172.9791	-172.9791	-172.9791	-172.9791	-172.9791
-351.6816	-351.6816	-351.6816	-351.6816	-351.6816	578.3899	567.6503	567.6503	567.6503	567.6503	567.6503	951.5211	951.5211	951.5211	951.5211	951.5211	689.4528	689.4528	689.4528	689.4528	689.4528	2487.7358	-252.3958	670.9523	-252.3958	-252.3958	-174.5444	-174.5444	-174.5444	-174.5444	-174.5444	-174.5444	-174.5444	-174.5444	-174.5444	-174.5444	-174.5444	-174.5444
-339.9542	-339.9542	-339.9542	-339.9542	-339.9542	499.6273	473.4091	473.4091	473.4091	473.4091	473.4091	870.8938	870.8938	870.8938	870.8938	870.8938	677.0838	677.0838	677.0838	677.0838	677.0838	2407.1747	-285.5842	891.8398	-285.5842	-285.5842	-175.6162	-175.6162	-175.6162	-175.6162	-175.6162	-175.6162	-175.6162	-175.6162	-175.6162	-175.6162	-175.6162	-175.6162
-333.0942	-333.0942	-333.0942	-333.0942	-333.0942	419.8997	397.3442	397.3442	397.3442	397.3442	397.3442	793.9670	793.9670	793.9670	793.9670	793.9670	644.9239	644.9239	644.9239	644.9239	644.9239	2274.3981	-318.5141	677.7106	-318.5141	-318.5141	-176.3540	-176.3540	-176.3540	-176.3540	-176.3540	-176.3540	-176.3540	-176.3540	-176.3540	-176.3540	-176.3540	-176.3540
-327.0290	-327.0290	-327.0290	-327.0290	-327.0290	346.2452	344.2045	344.2045	344.2045	344.2045	344.2045	720.9552	720.9552	720.9552	720.9552	720.9552	585.5268	585.5268	585.5268	585.5268	585.5268	2122.6803	-357.3046	737.5764	-357.3046	-357.3046	-176.8654	-176.8654	-176.8654	-176.8654	-176.8654	-176.8654	-176.8654	-176.8654	-176.8654	-176.8654	-176.8654	-176.8654
-321.2781	-321.2781	-321.2781	-321.2781	-321.2781	280.1843	307.8871	307.8871	307.8871	307.8871	307.8871	651.2831	651.2831	651.2831	651.2831	651.2831	512.7777	512.7777	512.7777	512.7777	512.7777	1985.7435	-392.5699	602.1271	-392.5699	-392.5699	-177.2236	-177.2236	-177.2236	-177.2236	-177.2236	-177.2236	-177.2236	-177.2236	-177.2236	-177.2236	-177.2236	-177.2236
-319.4402	-319.4402	-319.4402	-319.4402	-319.4402	216.0755	285.3360	285.3360	285.3360	285.3360	285.3360	588.8125	588.8125	588.8125	588.8125	588.8125	447.5392	447.5392	447.5392	447.5392	447.5392	1865.7909	-411.3616	597.8964	-411.3616	-411.3616	-177.4778	-177.4778	-177.4778	-177.4778	-177.4778	-177.4778	-177.4778	-177.4778	-177.4778	-177.4778	-177.4778	-177.4778
-322.1969	-322.1969	-322.1969	-322.1969	-322.1969	152.9937	261.8088	261.8088	261.8088	261.8088	261.8088	529.0605	529.0605	529.0605	529.0605	529.0605	404.9958	404.9958	404.9958	404.9958	404.9958	1779.0105	-403.7051	459.0559	-403.7051	-403.7051	-177.6615	-177.6615	-177.6615	-177.6615	-177.6615	-177.6615	-177.6615	-177.6615	-177.6615	-177.6615	-177.6615	-177.6615
-328.3142	-328.3142	-328.3142	-328.3142	-328.3142	92.1290	222.6188	222.6188	222.6188	222.6188	222.6188	463.1767	463.1767	463.1767	463.1767	463.1767	380.1864	380.1864	380.1864	380.1864	380.1864	1718.1739	-374.5037	467.4672	-374.5037	-374.5037	-177.7973	-177.7973	-177.7973	-177.7973	-177.7973	-177.7973	-177.7973	-177.7973	-177.7973	-177.7973	-177.7973	-177.7973
-335.4677	-335.4677	-335.4677	-335.4677	-335.4677	35.0968	159.0618	159.0618	159.0618	159.0618	159.0618	387.7422	387.7422	387.7422	387.7422	387.7422	368.1302	368.1302	368.1302	368.1302	368.1302	1672.0358	-331.4544	450.6141	-331.4544	-331.4544	-177.9006	-177.9006	-177.9006	-177.9006	-177.9006	-177.9006	-177.9006	-177.9006	-177.9006	-177.9006	-177.9006	-177.9006
-342.1649	-342.1649	-342.1649	-342.1649	-342.1649	-16.0212	80.9367	80.9367	80.9367	80.9367	80.9367	308.4913	308.4913	308.4913	308.4913	308.4913	361.4195	361.4195	361.4195	361.4195	361.4195	1624.7472	-284.0992	615.5872	-284.0992	-284.0992	-177.9816	-177.9816	-177.9816	-177.9816	-177.9816	-177.9816	-177.9816	-177.9816	-177.9816	-177.9816	-177.9816	-177.9816
-348.6121	-348.6121	-348.6121	-348.6121	-348.6121	-60.2114	-1.9845	-1.9845	-1.9845	-1.9845	-1.9845	222.8229	222.8229	222.8229	222.8229	222.8229	358.8339	358.8339	358.8339	358.8339	358.8339	1577.5603	-228.6780	477.2248	-228.6780	-228.6780	-178.0475	-178.0475	-178.0475	-178.0475	-178.0475	-178.0475	-178.0475	-178.0475	-178.0475	-178.0475	-178.0475	-178.0475
-354.1415	-354.1415	-354.1415	-354.1415	-354.1415	-96.4182	-69.1911	-69.1911	-69.1911	-69.1911	-69.1911	148.2429	148.2429	148.2429	148.2429	148.2429	353.6832	353.6832	353.6832	353.6832	353.6832	1514.3607	-179.2129	484.2020	-179.2129	-179.2129	-178.1029	-178.1029	-178.1029	-178.1029	-178.1029	-178.1029	-178.1029	-178.1029	-178.1029	-178.1029	-178.1029	-178.1029
-358.3358	-358.3358	-358.3358	-358.3358	-358.3358	-125.3057	-105.6268	-105.6268	-105.6268	-105.6268	-105.6268	108.1892	108.1892	108.1892	108.1892	108.1892	343.0321	343.0321	343.0321	343.0321	343.0321	1423.0924	-153.5211	611.6278	-153.5211	-153.5211	-178.1510	-178.1510	-178.1510	-178.1510	-178.1510	-178.1510	-178.1510	-178.1510	-178.1510	-178.1510	-178.1510	-178.1510
-363.0404	-363.0404	-363.0404	-363.0404	-363.0404	-150.3999	-100.3108	-100.3108	-100.3108	-100.3108	-100.3108	114.2209	114.2209	114.2209	114.2209	114.2209	331.6320	331.6320	331.6320	331.6320	331.6320	1300.7531	-153.4289	546.6611	-153.4289	-153.4289	-178.1941	-178.1941	-178.1941	-178.1941	-178.1941	-178.1941	-178.1941	-178.1941	-178.1941	-178.1941	-178.1941	-178.1941
-366.2230	-366.2230	-366.2230	-366.2230	-366.2230	-171.1321	-64.2417	-64.2417	-64.2417	-64.2417	-64.2417	151.6124	151.6124	151.6124	151.6124	151.6124	316.2565	316.2565	316.2565	316.2565	316.2565	1165.7206	-176.2539	333.4176	-176.2539	-176.2539	-178.2337	-178.2337	-178.2337	-178.2337	-178.2337	-178.2337	-178.2337	-178.2337	-178.2337	-178.2337	-178.2337	-178.2337
-363.4308	-363.4308	-363.4308	-363.4308	-363.4308	-183.4561	-17.8153	-17.8153	-17.8153	-17.8153	-17.8153	209.0642	209.0642	209.0642	209.0642	209.0642	281.4138	281.4138	281.4138	281.4138	281.4138	1033.8586	-226.6966	274.7056	-226.6966	-226.6966	-178.2706	-178.2706	-178.2706	-178.2706	-178.2706	-178.2706	-178.2706	-178.2706	-178.2706	-178.2706	-178.2706	-178.2706
-352.8377	-352.8377	-352.8377	-352.8377	-352.8377	-186.3420	22.5789	22.5789	22.5789	22.5789	22.5789	254.0000	254.0000	254.0000	254.0000	254.0000	230.8914	230.8914	230.8914	230.8914	230.8914	928.9034	-291.6449	408.9429	-291.6449	-291.6449	-178.3057	-178.3057	-178.3057	-178.3057	-178.3057	-178.3057	-178.3057	-178.3057	-178.3057	-178.3057	-178.3057	-178.3057
-336.5106	-336.5106	-336.5106	-336.5106	-336.5106	-182.0223	56.8084	56.8084	56.8084	56.8084	56.8084	258.0789	258.0789	258.0789	258.0789	258.0789	184.5593	184.5593	184.5593	184.5593	184.5593	859.7538	-350.6679	9.1365	-350.6679	-350.6679	-178.3393	-178.3393	-178.3393	-178.3393	-178.3393	-178.3393	-178.3393	-178.3393	-178.3393	-178.3393	-178.3393	-178.3393
-316.9896	-316.9896	-316.9896	-316.9896	-316.9896	-172.2093	78.4068	78.4068	78.4068	78.4068	78.4068	202.7636	202.7636	202.7636	202.7636	202.7636	156.9537	156.9537	156.9537	156.9537	156.9537	828.2802	-385.6096	93.3583	-385.6096	-385.6096	-178.3718	-178.3718	-178.3718	-178.3718	-178.3718	-178.3718	-178.3718	-178.3718	-178.3718	-178.3718	-178.3718	-178.3718
-298.2231	-298.2231	-298.2231	-298.2231	-298.2231	-161.4250	89.5568	89.5568	89.5568	89.5568	89.5568	107.0125	107.0125	107.0125	107.0125	107.0125	155.3444	155.3444	155.3444	155.3444	155.3444	818.9807	-391.3349	41.0241	-391.3349	-391.3349	-178.4034	-178.4034	-178.4034	-178.4034	-178.4034	-178.4034	-178.4034	-178.4034	-178.4034	-178.4034	-178.4034	-178.4034
-282.5155	-282.5155	-282.5155	-282.5155	-282.5155	-153.7642	102.5004	102.5004	102.5004	102.5004	102.5004	-3.8840	-3.8840	-3.8840	-3.8840	-3.8840	177.3381	177.3381	177.3381	177.3381	177.3381	819.7586	-370.7988	-48.7105	-370.7988	-370.7988	-178.4343	-178.4343	-178.4343	-178.4343	-178.4343	-178.4343	-178.4343	-178.4343	-178.4343	-178.4343	-178.4343	-178.4343
-271.8810	-271.8810	-271.8810	-271.8810	-271.8810	-151.9922	116.5930	116.5930	116.5930	116.5930	116.5930	-94.2284	-94.2284	-94.2284	-94.2284	-94.2284	219.2943	219.2943	219.2943	219.2943	219.2943	810.3551	-334.3256	-98.0905	-334.3256	-334.3256	-178.4644	-178.4644	-178.4644	-178.4644	-178.4644	-178.4644	-178.4644	-178.4644	-178.4644	-178.4644	-178.4644	-178.4644
-264.5959	-264.5959	-264.5959	-264.5959	-264.5959	-154.0448	118.1952	118.1952	118.1952	118.1952	118.1952	-145.9993	-145.9993	-145.9993	-145.9993	-145.9993	272.1921	272.1921	272.1921	272.1921	272.1921	782.6612	-297.5471	4.6285	-297.5471	-297.5471	-178.4940	-178.4940	-178.4940	-178.4940	-178.4940	-178.4940	-178.4940	-178.4940	-178.4940	-178.4940	-178.4940	-178.4940
-258.6443	-258.6443	-258.6443	-258.6443	-258.6443	-156.8752	103.7003	103.7003	103.7003	103.7003	103.7003	-141.8644	-141.8644	-141.8644	-141.8644	-141.8644	318.0312	318.0312	318.0312	318.0312	318.0312	728.8148	-281.9516	-82.8358	-281.9516	-281.9516	-178.5231	-178.5231	-178.5231	-178.5231	-178.5231	-178.5231	-178.5231	-178.5231	-178.5231	-178.5231	-178.5231	-178.5231
-250.3700	-250.3700	-250.3700	-250.3700	-250.3700	-156.3926	77.8799	77.8799	77.8799	77.8799	77.8799	-97.2046	-97.2046	-97.2046	-97.2046	-97.2046	348.2763	348.2763	348.2763	348.2763	348.2763	659.3888	-289.8278	-50.6960	-289.8278	-289.8278	-178.5516	-178.5516	-178.5516	-178.5516	-178.5516	-178.5516	-178.5516	-178.5516	-178.5516	-178.5516	-178.5516	-178.5516
-237.5275	-237.5275	-237.5275	-237.5275	-237.5275	-150.9559	44.6570	44.6570	44.6570	44.6570	44.6570	-38.3085	-38.3085	-38.3085	-38.3085	-38.3085	372.9206	372.9206	372.9206	372.9206	372.9206	589.9767	-306.9420	-34.9732	-306.9420	-306.9420	-178.5797	-178.5797	-178.5797	-178.5797	-178.5797	-178.5797	-178.5797	-178.5797	-178.5797	-178.5797	-178.5797	-178.5797
-218.3416	-218.3416	-218.3416	-218.3416	-218.3416	-138.8152	14.3046	14.3046	14.3046	14.3046	14.3046	9.0258	9.0258	9.0258	9.0258	9.0258	388.0706	388.0706	388.0706	388.0706	388.0706	534.8954	-323.7561	-72.5259	-323.7561	-323.7561	-178.6073	-178.6073	-178.6073	-178.6073	-178.6073	-178.6073	-178.6073	-178.6073	-178.6073	-178.6073	-178.6073	-178.6073
-194.9264	-194.9264	-194.9264	-194.9264	-194.9264	-122.1256	-4.5070	-4.5070	-4.5070	-4.5070	-4.5070	40.0046	40.0046	40.0046	40.0046	40.0046	385.6734	385.6734	385.6734	385.6734	385.6734	494.1114	-335.6956	-112.6569	-335.6956	-335.6956	-178.6345	-178.6345	-178.6345	-178.6345	-178.6345	-178.6345	-178.6345	-178.6345	-178.6345	-178.6345	-178.6345	-178.6345
-169.7299	-169.7299	-169.7299	-169.7299	-169.7299	-103.1092	-5.9438	-5.9438	-5.9438	-5.9438	-5.9438	44.0550	44.0550	44.0550	44.0550	44.0550	367.1524	367.1524	367.1524	367.1524	367.1524	470.8945	-333.2143	-171.7511	-333.2143	-333.2143	-178.6613	-178.6613	-178.6613	-178.6613	-178.6613	-178.6613	-178.6613	-178.6613	-178.6613	-178.6613	-178.6613	-178.6613
-146.8532	-146.8532	-146.8532	-146.8532	-146.8532	-86.1251	4.3257	4.3257	4.3257	4.3257	4.3257	29.1761	29.1761	29.1761	29.1761	29.1761	340.6015	340.6015	340.6015	340.6015	340.6015	457.4745	-315.3483	-212.4434	-315.3483	-315.3483	-178.6876	-178.6876	-178.6876	-178.6876	-178.6876	-178.6876	-178.6876	-178.6876	-178.6876	-178.6876	-178.6876	-178.6876
-128.8988	-128.8988	-128.8988	-128.8988	-128.8988	-74.3057	25.6592	25.6592	25.6592	25.6592	25.6592	7.7917	7.7917	7.7917	7.7917	7.7917	316.1218	316.1218	316.1218	316.1218	316.1218	443.3094	-288.4173	-102.2427	-288.4173	-288.4173	-178.7135	-178.7135	-178.7135	-178.7135	-178.7135	-178.7135	-178.7135	-178.7135	-178.7135	-178.7135	-178.7135	-178.7135
-118.0155	-118.0155	-118.0155	-118.0155	-118.0155	-70.0095	41.8337	41.8337	41.8337	41.8337	41.8337	-4.8101	-4.8101	-4.8101	-4.8101	-4.8101	298.1097	298.1097	298.1097	298.1097	298.1097	419.9307	-256.7410	-133.2172	-256.7410	-256.7410	-178.7391	-178.7391	-178.7391	-178.7391	-178.7391	-178.7391	-178.7391	-178.7391	-178.7391	-178.7391	-178.7391	-178.7391
-112.3608	-112.3608	-112.3608	-112.3608	-112.3608	-71.0916	34.8228	34.8228	34.8228	34.8228	34.8228	-3.4325	-3.4325	-3.4325	-3.4325	-3.4325	279.2274	279.2274	279.2274	279.2274	279.2274	389.3259	-222.2189	-91.0378	-222.2189	-222.2189	-178.7642	-178.7642	-178.7642	-178.7642	-178.7642	-178.7642	-178.7642	-178.7642	-178.7642	-178.7642	-178.7642	-178.7642
-108.6402	-108.6402	-108.6402	-108.6402	-108.6402	-74.1165	-4.9304	-4.9304	-4.9304	-4.9304	-4.9304	18.3071	18.3071	18.3071	18.3071	18.3071	256.7304	256.7304	256.7304	256.7304	256.7304	356.2876	-189.8358	-83.3786	-189.8358	-189.8358	-178.7889	-178.7889	-178.7889	-178.7889	-178.7889	-178.7889	-178.7889	-178.7889	-178.7889	-178.7889	-178.7889	-178.7889
-103.8355	-103.8355	-103.8355	-103.8355	-103.8355	-75.3405	-64.0438	-64.0438	-64.0438	-64.0438	-64.0438	52.9738	52.9738	52.9738	52.9738	52.9738	229.7523	229.7523	229.7523	229.7523	229.7523	322.5289	-161.8270	27.3276	-161.8270	-161.8270	-178.8133	-178.8133	-178.8133	-178.8133	-178.8133	-178.8133	-178.8133	-178.8133	-178.8133	-178.8133	-178.8133	-178.8133
-97.6172	-97.6172	-97.6172	-97.6172	-97.6172	-73.6921	-139.4467	-139.4467	-139.4467	-139.4467	-139.4467	94.6873	94.6873	94.6873	94.6873	94.6873	192.2862	192.2862	192.2862	192.2862	192.2862	280.2578	-141.4433	19.2087	-141.4433	-141.4433	-178.8373	-178.8373	-178.8373	-178.8373	-178.8373	-178.8373	-178.8373	-178.8373	-178.8373	-178.8373	-178.8373	-178.8373
-88.8063	-88.8063	-88.8063	-88.8063	-88.8063	-67.5550	-196.4835	-196.4835	-196.4835	-196.4835	-196.4835	126.8204	126.8204	126.8204	126.8204	126.8204	152.7534	152.7534	152.7534	152.7534	152.7534	234.5064	-124.3369	-15.0290	-124.3369	-124.3369	-178.8608	-178.8608	-178.8608	-178.8608	-178.8608	-178.8608	-178.8608	-178.8608	-178.8608	-178.8608	-178.8608	-178.8608
-78.2639	-78.2639	-78.2639	-78.2639	-78.2639	-58.2615	-196.6022	-196.6022	-196.6022	-196.6022	-196.6022	135.2277	135.2277	135.2277	135.2277	135.2277	129.6346	129.6346	129.6346	129.6346	129.6346	197.2146	-100.6363	-23.2511	-100.6363	-100.6363	-178.8841	-178.8841	-178.8841	-178.8841	-178.8841	-178.8841	-178.8841	-178.8841	-178.8841	-178.8841	-178.8841	-178.8841
-67.5446	-67.5446	-67.5446	-67.5446	-67.5446	-48.1461	-118.4842	-118.4842	-118.4842	-118.4842	-118.4842	110.6256	110.6256	110.6256	110.6256	110.6256	133.6027	133.6027	133.6027	133.6027	133.6027	177.6837	-63.5796	13.8087	-63.5796	-63.5796	-178.9069	-178.9069	-178.9069	-178.9069	-178.9069	-178.9069	-178.9069	-178.9069	-178.9069	-178.9069	-178.9069	-178.9069
-57.9582	-57.9582	-57.9582	-57.9582	-57.9582	-39.1897	12.9075	12.9075	12.9075	12.9075	12.9075	62.9853	62.9853	62.9853	62.9853	62.9853	158.1836	158.1836	158.1836	158.1836	158.1836	174.5075	-16.9464	30.9668	-16.9464	-16.9464	-178.9295	-178.9295	-178.9295	-178.9295	-178.9295	-178.9295	-178.9295	-178.9295	-178.9295	-178.9295	-178.9295	-178.9295
1.7117	-50.2433	-50.2433	-50.2433	-50.2433	-32.5476	156.8738	156.8738	156.8738	156.8738	156.8738	8.8250	8.8250	8.8250	8.8250	8.8250	190.2037	190.2037	190.2037	190.2037	190.2037	181.4382	31.0303	121.1428	31.0303	31.0303	-178.9516	-178.9516	-178.9516	-178.9516	-178.9516	-178.9516	-178.9516	-178.9516	-178.9516	-178.9516	-178.9516	-178.9516
1.5289	1.5289	-44.4858	-44.4858	-44.4858	-28.4315	278.2696	278.2696	278.2696	278.2696	278.2696	-37.6480	-37.6480	-37.6480	-37.6480	-37.6480	217.3312	217.3312	217.3312	217.3312	217.3312	191.8343	72.1662	72.1662	72.1662	72.1662	-178.9734	-178.9734	-178.9734	-178.9734	-178.9734	-178.9734	-178.9734	-178.9734	-178.9734	-178.9734	-178.9734	-178.9734
1.3084	1.3084	1.3084	-40.1595	-40.1595	-26.1686	354.9088	354.9088	354.9088	354.9088	354.9088	-67.6178	-67.6178	-67.6178	-67.6178	-67.6178	230.8220	230.8220	230.8220	230.8220	230.8220	200.3772	100.0158	156.7884	100.0158	100.0158	-178.9949	-178.9949	-178.9949	-178.9949	-178.9949	-178.9949	-178.9949	-178.9949	-178.9949	-178.9949	-178.9949	-178.9949
1.0789	1.0789	1.0789	1.0789	-36.5343	-24.7911	379.4152	379.4152	379.4152	379.4152	379.4152	-78.4299	-78.4299	-78.4299	-78.4299	-78.4299	226.9163	226.9163	226.9163	226.9163	226.9163	204.4803	111.0034	178.4196	111.0034	111.0034	-179.0160	-179.0160	-179.0160	-179.0160	-179.0160	-179.0160	-179.0160	-179.0160	-179.0160	-179.0160	-179.0160	-179.0160
0.0512	0.0512	0.0512	0.0512	0.0512	-33.5816	358.2972	358.2972	358.2972	358.2972	358.2972	-73.2062	-73.2062	-73.2062	-73.2062	-73.2062	206.6490	206.6490	206.6490	206.6490	206.6490	204.2867	104.3667	139.8554	104.3667	104.3667	-179.0368	-179.0368	-179.0368	-179.0368	-179.0368	-179.0368	-179.0368	-179.0368	-179.0368	-179.0368	-179.0368	-179.0368
0.0569	0.0569	0.0569	0.0569	0.0569	0.0569	302.6917	302.6917	302.6917	302.6917	302.6917	-56.9943	-56.9943	-56.9943	-56.9943	-56.9943	172.6532	172.6532	172.6532	172.6532	172.6532	200.8499	80.2812	101.0745	80.2812	80.2812	-179.0573	-179.0573	-179.0573	-179.0573	-179.0573	-179.0573	-179.0573	-179.0573	-179.0573	-179.0573	-179.0573	-179.0573
0.0453	0.0453	0.0453	0.0453	0.0453	0.0453	226.5121	226.5121	226.5121	226.5121	226.5121	-35.9971	-35.9971	-35.9971	-35.9971	-35.9971	128.6376	128.6376	128.6376	128.6376	128.6376	195.9302	39.6014	70.1847	39.6014	39.6014	-179.0774	-179.0774	-179.0774	-179.0774	-179.0774	-179.0774	-179.0774	-179.0774	-179.0774	-179.0774	-179.0774	-179.0774
0.0065	0.0065	0.0065	0.0065	0.0065	0.0065	144.5977	144.5977	144.5977	144.5977	144.5977	-16.8024	-16.8024	-16.8024	-16.8024	-16.8024	78.6451	78.6451	78.6451	78.6451	78.6451	191.4898	-16.6162	6.4500	-16.6162	-16.6162	-179.0972	-179.0972	-179.0972	-179.0972	-179.0972	-179.0972	-179.0972	-179.0972	-179.0972	-179.0972	-179.0972	-179.0972
0.0660	0.0660	0.0660	0.0660	0.0660	0.0660	70.8621	70.8621	70.8621	70.8621	70.8621	-5.6130	-5.6130	-5.6130	-5.6130	-5.6130	72.7051	72.7051	72.7051	72.7051	72.7051	-32.5164	-41.1960	24.8729	-41.1960	-41.1960	0.0000	0.0000	0.0000	0.0000	0.0000	0.0000	0.0000	0.0000	0.0000	0.0000	0.0000	0.0000
RR HIV after migration (cf before): 1995, 2000, 2010
1.005684	0.997915	0.996315
1.006545	0.997599	0.997171
1.005927	0.997826	0.997384
1.005230	0.998081	0.997427
1.005681	0.997916	0.997684
1.004777	0.998284	0.997999
1.004358	0.998481	0.998083
1.003958	0.998647	0.998249
1.003794	0.998596	0.998314
1.003454	0.998678	0.998453
1.003705	0.998750	0.998414
1.003349	0.998699	0.998525
1.003250	0.998623	0.998443
1.003333	0.998675	0.998468
1.003367	0.998472	0.998421
1.003241	0.998537	0.998443
1.003332	0.998322	0.998286
1.003539	0.998172	0.998017
1.004925	0.997175	0.996707
1.006614	0.996216	0.995240
1.007087	0.995968	0.995051
1.007850	0.996002	0.995040
1.008299	0.995971	0.994901
1.008563	0.996069	0.994625
1.008737	0.995973	0.994517
1.008589	0.996026	0.994851
1.008625	0.996428	0.994877
1.007989	0.996551	0.995069
1.007904	0.996608	0.995172
1.007539	0.996904	0.995308
1.007112	0.997061	0.995583
1.006886	0.997017	0.995967
1.006474	0.997304	0.996027
1.006303	0.997438	0.996115
1.005946	0.997426	0.996465
1.005535	0.997937	0.996783
1.005277	0.997893	0.996912
1.004825	0.997914	0.997044
1.004979	0.998070	0.997218
1.004930	0.998132	0.997318
1.004521	0.998202	0.997600
1.004403	0.998374	0.997834
1.004132	0.998401	0.997935
1.004271	0.998476	0.997988
1.003963	0.998374	0.998072
1.004074	0.998531	0.998174
1.004036	0.998673	0.998144
1.003474	0.998628	0.998429
1.003675	0.998506	0.998483
1.003329	0.998734	0.998622
1.003694	0.998583	0.998498
1.003298	0.998652	0.998628
1.003096	0.998598	0.998682
1.003141	0.998685	0.998753
1.003078	0.998671	0.998836
1.003595	0.998653	0.998647
1.002765	0.998685	0.998909
1.003218	0.998487	0.998789
1.002832	0.998717	0.998881
1.002760	0.998848	0.998910
1.002579	0.998861	0.998818
1.002733	0.998972	0.999004
1.002590	0.998793	0.999014
1.002626	0.998710	0.998929
1.002191	0.998823	0.998804
1.002456	0.998846	0.998968
1.002311	0.998800	0.998887
1.002615	0.998772	0.999000
1.002334	0.998770	0.999010
1.003032	0.998909	0.998886
1.002239	0.998944	0.998822
1.002741	0.999342	0.999106
1.002480	0.998945	0.998935
1.002213	0.998839	0.999022
1.002477	0.999258	0.998971
1.002263	0.999027	0.998893
1.002133	0.998927	0.998433
1.002158	0.998786	0.998868
1.002928	0.998593	0.998811
1.002331	0.998931	0.998811
1.001902	0.998803	0.998673
1.003801	0.998745	0.999163
1.002179	0.998826	0.998989
1.001930	0.999172	0.999163
1.001739	0.998562	0.998496
1.002295	0.998802	0.998642
1.002563	0.997990	0.998820
1.002988	0.998935	0.999103
1.001542	0.998398	0.998542
1.002763	0.999435	0.998131
1.002613	0.999347	0.998996



