Male deaths
1138.55	1409.62	1816.83	1817.97	1847.72	2040.96	2016.43	2303.80	2109.70	2124.21	2136.21	2272.08	2275.25	2168.15	1832.88	1968.10	1864.93	1877.41	1928.60	1750.40	1721.18	1705.95
279.89	319.76	305.55	344.46	316.30	343.44	351.63	349.14	323.80	293.53	292.98	344.43	271.46	320.93	292.03	236.99	245.03	240.78	224.52	217.10	172.72	189.61
157.23	148.58	177.61	130.07	158.21	160.59	152.06	141.25	131.18	119.48	122.61	142.54	99.91	124.50	99.71	111.91	128.17	131.98	100.54	134.61	96.40	111.26
150.06	143.43	150.30	130.55	147.57	154.73	127.97	144.27	134.07	106.90	124.62	111.42	104.36	138.56	97.70	106.87	102.04	103.54	132.53	105.48	110.46	124.29
495.65	560.89	547.97	595.61	606.12	697.70	635.78	522.61	572.67	580.88	576.88	499.63	451.85	426.71	412.28	459.45	531.28	558.61	538.93	490.97	440.83	467.08
957.95	1061.19	1028.03	1048.80	1026.96	1135.69	1159.92	1047.08	1178.19	1173.06	1255.27	1165.39	1000.94	1022.74	1006.14	1054.39	1057.02	1142.78	1193.25	1207.96	1057.40	1046.91
1034.48	1266.21	1312.97	1284.72	1336.83	1451.59	1457.17	1288.15	1383.77	1274.88	1408.59	1359.54	1347.22	1327.83	1339.15	1335.88	1400.92	1425.48	1520.13	1520.65	1411.57	1329.79
1120.28	1270.54	1311.80	1385.05	1470.04	1636.19	1734.98	1667.87	1638.71	1599.71	1744.03	1605.38	1475.88	1420.20	1335.69	1333.23	1416.19	1484.96	1536.43	1635.60	1608.01	1665.01
1132.89	1316.60	1403.90	1434.43	1586.54	1776.80	1634.22	1645.74	1719.35	1677.89	1769.34	1743.27	1635.53	1563.31	1552.35	1489.42	1413.25	1379.21	1552.76	1522.07	1405.12	1497.08
1128.86	1275.74	1379.59	1491.62	1612.87	1709.58	1759.96	1785.89	1816.94	1756.79	1851.94	1829.57	1729.57	1617.72	1552.33	1719.84	1634.03	1573.59	1750.44	1680.50	1502.50	1481.55
1228.91	1379.28	1459.00	1465.15	1709.75	1694.46	1718.57	1734.63	1882.87	1850.76	2008.11	1964.18	1839.90	1901.94	1822.78	1879.94	1798.84	1788.80	1911.78	1867.17	1761.32	1753.44
1262.58	1400.30	1504.56	1523.13	1703.49	1792.42	1885.37	1827.98	1782.76	1891.49	2046.65	1990.56	2058.16	1944.38	2074.56	2156.55	2165.34	2076.42	2258.94	2186.75	1955.71	2031.87
1458.42	1568.18	1630.13	1640.40	1644.86	1708.39	1817.86	1823.08	1844.80	1936.82	1969.01	2105.97	2027.73	2098.45	2135.14	2179.12	2199.43	2144.91	2461.07	2445.92	2196.13	2447.67
1588.44	1573.04	1671.61	1781.59	1904.88	1919.73	1876.80	1959.90	1924.04	1823.17	2037.33	1907.96	2001.47	2103.75	2208.26	2389.65	2301.02	2310.46	2514.65	2532.36	2321.22	2470.65
1629.57	1720.75	1791.70	1691.38	1761.97	1868.62	1833.21	1801.61	1965.12	1966.69	1926.72	1990.14	2007.59	1970.45	2030.01	2197.14	2140.11	2197.32	2352.10	2420.27	2211.19	2359.64
1524.39	1579.78	1645.33	1522.98	1736.77	1724.44	1824.22	1799.47	1782.77	1679.46	1807.01	1879.69	1753.08	1878.11	2011.37	2058.83	2055.16	1916.05	2076.40	2008.19	2013.37	2068.84
1260.29	1300.33	1425.57	1318.08	1404.34	1421.64	1415.74	1476.52	1454.89	1438.11	1541.64	1608.12	1608.52	1596.40	1621.95	1723.49	1720.23	1658.26	1842.88	1902.17	1728.18	1778.52
878.50	945.66	894.90	959.48	1027.79	1151.36	1075.98	1090.37	1136.76	1089.81	1102.93	1186.51	1229.24	1241.85	1290.62	1371.03	1364.17	1361.20	1466.33	1413.88	1299.40	1402.83
543.51	530.02	549.36	565.08	583.27	576.79	593.47	576.43	653.63	636.74	690.44	756.88	767.65	752.02	796.03	844.97	814.42	795.64	974.92	1022.45	918.82	935.52
260.74	262.08	267.66	305.14	320.23	397.94	378.90	369.26	391.43	382.50	403.28	422.97	458.58	403.13	465.31	471.38	494.37	518.49	553.23	548.61	571.38	554.84
Female deaths
998.11	1209.64	1619.52	1574.45	1592.76	1645.15	1736.46	1924.40	1918.56	1694.71	1841.65	1902.54	1856.99	1826.54	1711.36	1638.95	1625.90	1712.46	1705.18	1477.84	1464.86	1488.76
214.88	259.51	259.82	269.81	265.48	287.46	290.97	328.12	257.78	274.75	267.95	270.16	242.79	264.79	224.60	207.57	201.37	203.21	191.72	174.16	140.18	134.90
111.36	94.21	109.59	117.83	105.63	108.24	121.48	108.39	99.25	99.03	101.18	87.09	77.54	79.13	82.20	74.23	74.51	86.52	77.00	73.11	68.09	69.04
82.17	102.38	76.65	84.25	108.23	112.09	108.35	89.32	90.35	86.55	84.15	88.09	82.11	84.14	69.17	82.25	63.50	62.85	71.13	84.13	73.09	75.04
180.81	217.93	230.31	259.69	259.75	279.47	291.79	267.96	239.82	256.31	233.41	232.51	248.03	237.39	200.15	187.87	165.26	156.23	173.55	186.56	152.20	154.08
340.45	384.62	429.10	491.11	493.02	621.85	636.66	649.48	670.79	600.46	619.07	621.69	605.29	578.31	523.31	450.58	418.19	390.07	416.29	420.19	340.44	352.69
462.86	529.18	647.27	672.74	830.07	943.81	1052.12	1016.85	939.90	889.31	956.10	933.60	968.67	944.05	886.56	797.44	692.24	700.63	754.32	744.42	607.08	647.62
503.27	593.34	692.62	783.16	866.44	1007.03	1068.30	1190.09	1039.38	1107.80	1069.53	1023.80	994.49	981.11	843.89	897.38	795.23	812.48	922.39	912.25	823.74	888.29
593.68	700.38	752.16	865.23	904.47	1011.95	1039.24	1074.62	1054.44	1040.80	1036.29	1131.54	1037.45	1008.62	998.15	937.58	880.31	910.08	874.04	914.27	795.75	894.84
600.74	736.18	682.08	780.03	905.25	999.90	1054.44	1053.63	1110.84	1063.18	1145.30	1209.65	1101.81	1057.51	1090.39	1043.36	1013.70	1022.42	1086.52	1022.72	898.91	932.35
741.03	786.78	860.73	903.77	963.86	912.76	1105.75	1063.47	1193.76	1084.54	1231.05	1211.55	1259.07	1184.63	1208.15	1220.11	1140.82	1152.02	1228.09	1204.18	1096.41	1170.21
771.99	855.40	890.49	958.20	1042.26	1118.62	1110.12	1176.35	1209.13	1289.19	1290.80	1332.39	1298.61	1396.71	1388.61	1441.43	1408.36	1351.50	1468.75	1530.56	1385.20	1367.53
891.18	969.61	1009.94	1030.64	1018.61	1081.26	1171.40	1202.29	1287.89	1322.04	1340.15	1446.54	1453.13	1361.20	1493.72	1494.21	1500.58	1565.53	1671.79	1730.87	1629.10	1596.81
1119.66	1178.25	1216.48	1296.85	1290.17	1355.30	1364.64	1426.48	1417.79	1375.39	1436.34	1458.82	1517.39	1536.21	1678.57	1628.80	1618.64	1797.78	1929.89	1994.23	1721.64	1909.05
1251.24	1285.42	1398.64	1344.81	1424.82	1445.42	1503.49	1497.63	1540.52	1569.57	1541.58	1520.02	1603.40	1596.07	1628.43	1720.03	1688.99	1746.52	1966.84	1944.74	1984.56	2061.87
1238.30	1358.83	1452.60	1447.81	1559.21	1629.48	1670.07	1555.96	1661.88	1578.89	1673.92	1604.13	1615.04	1700.22	1814.39	1809.48	1857.90	1659.86	1903.32	1936.92	1857.39	1923.93
1286.39	1388.34	1438.37	1308.42	1443.12	1484.85	1486.99	1475.78	1691.27	1514.38	1697.01	1745.82	1669.17	1810.97	1841.10	1818.11	1750.22	1739.02	2121.29	2017.58	1957.52	1897.57
1225.99	1266.44	1297.20	1307.50	1382.09	1353.85	1490.41	1392.23	1509.16	1445.46	1461.12	1585.65	1554.01	1623.80	1742.84	1803.66	1734.76	1819.34	1995.10	1887.44	1714.21	1838.36
1003.62	1084.63	1090.43	1065.51	1110.33	1143.85	1156.24	1124.67	1170.12	1227.81	1271.22	1316.37	1282.66	1289.12	1421.12	1480.45	1408.59	1458.75	1584.80	1586.63	1506.94	1657.50
639.09	714.93	775.65	775.48	894.91	943.60	1032.84	899.22	1090.93	1036.99	1078.61	1123.80	1145.48	1159.39	1229.01	1254.30	1218.96	1269.83	1446.56	1437.08	1381.78	1440.19
SElogNonHIVmort
0.0724
AdjustedCompleteness
1.3910	1.3670	1.3516	1.2502	1.2516	1.2233	1.1530	1.1023	1.0935	1.0435	1.0941	1.1046	1.0837	1.0685	1.0911	1.1211	1.0634	1.0112	1.0655	1.0309	0.9260	0.9316
1.3861	1.4030	1.3835	1.2920	1.3043	1.2581	1.2172	1.1076	1.1519	1.0789	1.1075	1.1173	1.0937	1.1007	1.1375	1.1199	1.0600	1.0431	1.1342	1.0816	0.9870	0.9981

