cholIMIS 0
	              0	              0	              0	              0	              0	              0	              0	              0	              0	              0
	              0	              0	              0	              0	              0	              0	              0	              0	              0	              0
	              0	              0	              0	              0	              0	              0	              0	              0	              0	              0
	              0	              0	              0	              0	              0	              0	              0	              0	              0	              0
	              0	              0	              0	              0	              0	              0	              0	              0	              0	              0
	              0	              0	              0	              0	              0	              0	              0	              0	              0	              0
	              0	              0	              0	              0	              0	              0	              0	              0	              0	              0
	              0	              0	              0	              0	              0	              0	              0	              0	              0	              0
	              0	              0	              0	              0	              0	              0	              0	              0	              0	              0
	              0	              0	              0	              0	              0	              0	              0	              0	              0	              0
cholIMIS 1
	       0.637003	       0.211384	      -0.030107	     -0.0410468	      0.0585741	     -0.0694336	     -0.0150142	       0.256535	       0.619867	       0.154116
	              0	       0.859101	      -0.010376	    -0.00636483	      0.0169538	     -0.0111161	     -0.0080877	       0.102531	       0.163137	       0.098883
	              0	              0	       0.243279	    -0.00354407	    -0.00513089	      0.0024751	     0.00374733	      -0.031957	     -0.0344431	     -0.0328384
	              0	              0	              0	       0.212325	    -0.00580337	     0.00934178	     0.00257491	     -0.0431598	     -0.0898618	     -0.0304634
	              0	              0	              0	              0	      0.0749048	     -0.0308213	    -0.00989591	       0.166785	       0.259941	       0.129973
	              0	              0	              0	              0	              0	      0.0876418	    0.000440045	     -0.0485304	     -0.0874419	     -0.0237378
	              0	              0	              0	              0	              0	              0	      0.0552803	     -0.0214181	     -0.0475342	     -0.0321126
	              0	              0	              0	              0	              0	              0	              0	       0.296363	       0.182817	       0.115238
	              0	              0	              0	              0	              0	              0	              0	              0	        0.87283	      0.0447017
	              0	              0	              0	              0	              0	              0	              0	              0	              0	       0.313469
cholIMIS 2
	        0.45083	      0.0533873	      0.0067932	      -0.063336	     0.00499671	     -0.0169799	     -0.0226666	       0.171665	       0.163715	      0.0690321
	              0	       0.625973	     -0.0188783	      0.0072015	       0.014384	     -0.0118639	   -0.000307167	       0.058422	       0.139826	      0.0476592
	              0	              0	       0.186668	     -0.0162672	     -0.0141011	     0.00930859	    -0.00735965	     0.00441174	     -0.0974996	     -0.0113386
	              0	              0	              0	       0.171946	     0.00911279	     -0.0017492	      0.0105281	     -0.0454442	     0.00783132	     -0.0160369
	              0	              0	              0	              0	      0.0642395	     -0.0272063	     0.00665661	      0.0630766	       0.266962	      0.0784954
	              0	              0	              0	              0	              0	      0.0670478	    -0.00492043	     -0.0138147	     -0.0744794	     -0.0153598
	              0	              0	              0	              0	              0	              0	       0.046797	     -0.0575207	     0.00994306	     -0.0277783
	              0	              0	              0	              0	              0	              0	              0	       0.243447	      0.0455608	       0.081549
	              0	              0	              0	              0	              0	              0	              0	              0	       0.672788	      0.0305344
	              0	              0	              0	              0	              0	              0	              0	              0	              0	       0.229957
cholIMIS 3
	       0.401183	       0.122724	      0.0173429	     -0.0747402	      0.0210211	     -0.0259039	    -0.00526404	       0.103992	       0.265826	     -0.0444925
	              0	       0.552571	    -0.00111946	     -0.0121396	      0.0130454	    -0.00735092	     0.00301289	      0.0155796	       0.124012	     -0.0178737
	              0	              0	       0.162557	     -0.0133736	    -0.00121725	    0.000525259	    0.000104617	    -0.00835535	     -0.0224921	     -0.0279306
	              0	              0	              0	       0.154933	     -0.0051514	     0.00907033	   -0.000629782	     -0.0136393	     -0.0349148	      0.0390726
	              0	              0	              0	              0	      0.0500422	     -0.0175197	     0.00892059	      0.0183348	       0.167533	     -0.0274143
	              0	              0	              0	              0	              0	      0.0568977	     -0.0042608	     -0.0131376	     -0.0631697	     0.00548339
	              0	              0	              0	              0	              0	              0	      0.0403114	     -0.0565854	     -0.0137652	     -0.0710067
	              0	              0	              0	              0	              0	              0	              0	       0.208779	       0.079081	       0.087362
	              0	              0	              0	              0	              0	              0	              0	              0	       0.534427	     0.00304183
	              0	              0	              0	              0	              0	              0	              0	              0	              0	       0.222226
cholIMIS 4
	       0.327868	      0.0860191	     -0.0301298	       0.031525	    -0.00196955	     -0.0253084	     -0.0151817	       0.010965	      0.0794957	     -0.0796615
	              0	       0.411984	   -0.000845329	    -0.00853737	     0.00628045	    -0.00226106	    0.000737869	     0.00500392	      0.0921188	     -0.0140833
	              0	              0	       0.124033	     -0.0382454	     0.00513189	     0.00458413	     0.00271555	      0.0140628	     0.00982545	    -0.00412674
	              0	              0	              0	       0.143118	     -0.0140084	    0.000944273	    -0.00991842	     -0.0467362	     -0.0771909	      -0.017772
	              0	              0	              0	              0	      0.0382533	    -0.00680481	      0.0114054	      0.0219515	       0.087788	     0.00537959
	              0	              0	              0	              0	              0	      0.0425581	    -0.00226433	    -0.00350804	     -0.0308221	      0.0188079
	              0	              0	              0	              0	              0	              0	      0.0305947	     -0.0206266	     -0.0143516	     -0.0266327
	              0	              0	              0	              0	              0	              0	              0	       0.151616	      0.0405968	      0.0714026
	              0	              0	              0	              0	              0	              0	              0	              0	       0.391544	   -0.000284043
	              0	              0	              0	              0	              0	              0	              0	              0	              0	       0.168067
cholIMIS 5
	        0.23985	      -0.390179	     -0.0592436	      0.0608942	     0.00159111	     -0.0159795	     0.00440695	    -0.00595387	     -0.0076634	   -0.000827028
	              0	       0.305387	     -0.0106324	     -0.0141006	     -0.0016648	    -0.00807827	     0.00215722	      0.0419952	   -0.000257216	     -0.0317553
	              0	              0	      0.0603754	     -0.0129604	      -0.012778	      0.0090878	     -0.0163285	     -0.0254547	    -0.00582338	    0.000420007
	              0	              0	              0	      0.0500648	    -0.00935065	     0.00372963	    -0.00379953	     -0.0259627	     -0.0114579	     -0.0112546
	              0	              0	              0	              0	      0.0272967	    -0.00376393	      0.0144879	      0.0158121	      0.0394274	     0.00486433
	              0	              0	              0	              0	              0	      0.0167615	    -0.00269276	     -0.0194845	      0.0198418	   -0.000374038
	              0	              0	              0	              0	              0	              0	      0.0139255	    -0.00142342	     0.00518135	     -0.0072817
	              0	              0	              0	              0	              0	              0	              0	      0.0566815	      0.0251302	     0.00505678
	              0	              0	              0	              0	              0	              0	              0	              0	       0.192071	      -0.014197
	              0	              0	              0	              0	              0	              0	              0	              0	              0	      0.0611079
cholIMIS 6
	       0.222129	      -0.287231	     -0.0425248	     0.00456673	      -0.005517	     -0.0184969	    -0.00353466	      0.0385127	       0.195602	    -0.00497623
	              0	       0.411242	      0.0203825	    -0.00582558	    -0.00165865	     0.00222284	    -0.00413562	     -0.0249145	     0.00118294	     -0.0207069
	              0	              0	      0.0384085	      -0.031274	   -0.000862738	    -0.00136646	    -0.00377284	     0.00989526	      0.0654401	      0.0089224
	              0	              0	              0	      0.0385572	   -0.000101309	     0.00864768	      -0.001603	     -0.0391612	     -0.0487728	    -0.00836901
	              0	              0	              0	              0	      0.0164673	     0.00167367	     0.00947269	    -0.00386238	     0.00531632	     0.00256665
	              0	              0	              0	              0	              0	      0.0130853	    -0.00143543	     -0.0129862	      0.0500465	     -0.0141951
	              0	              0	              0	              0	              0	              0	     0.00897979	      0.0076596	     0.00862364	    -0.00546426
	              0	              0	              0	              0	              0	              0	              0	       0.039187	      0.0373934	     -0.0171019
	              0	              0	              0	              0	              0	              0	              0	              0	       0.170355	    -0.00482257
	              0	              0	              0	              0	              0	              0	              0	              0	              0	      0.0369353
cholIMIS 7
	       0.164352	      -0.130374	     -0.0209071	    -0.00789952	    -0.00927792	     -0.0252703	     0.00398784	      0.0608029	      -0.108722	     -0.0205203
	              0	       0.318135	      0.0123957	    -0.00668615	     0.00250991	    -0.00135825	   -0.000821407	     -0.0168602	     -0.0356355	    -0.00563083
	              0	              0	      0.0422274	     -0.0376735	     -0.0081498	    -0.00884126	   -0.000595064	      0.0337162	     -0.0957467	    -0.00535504
	              0	              0	              0	      0.0471468	     0.00564637	      0.0179798	    -0.00525731	     -0.0675407	       0.123574	     0.00249469
	              0	              0	              0	              0	      0.0185831	     0.00540551	     0.00626451	      -0.014037	       0.058705	     0.00782716
	              0	              0	              0	              0	              0	      0.0157072	    -0.00544098	     -0.0236284	       0.134828	    -0.00444522
	              0	              0	              0	              0	              0	              0	      0.0110364	     0.00857614	      -0.048107	     -0.0103543
	              0	              0	              0	              0	              0	              0	              0	      0.0423405	       0.026721	     -0.0131686
	              0	              0	              0	              0	              0	              0	              0	              0	       0.199138	    0.000564864
	              0	              0	              0	              0	              0	              0	              0	              0	              0	      0.0416588
cholIMIS 8
	       0.186926	      0.0314565	     -0.0354331	      0.0239547	      0.0054968	     -0.0155683	     0.00296044	      0.0393928	      -0.145225	      -0.062371
	              0	       0.275312	       0.012957	   -7.99413e-05	   -0.000174689	     0.00312732	    -0.00749396	     -0.0481985	     -0.0183685	      0.0218476
	              0	              0	      0.0293323	     -0.0286079	    -0.00608533	     -0.0045835	    -0.00512147	      0.0114833	    -0.00443683	     0.00802364
	              0	              0	              0	      0.0290731	     0.00514449	      0.0108077	    -0.00370367	     -0.0395066	     0.00945953	     -0.0077693
	              0	              0	              0	              0	       0.025084	     0.00726184	     0.00796835	      -0.013587	      0.0440892	    -0.00187366
	              0	              0	              0	              0	              0	      0.0094563	    -0.00306781	     -0.0208234	       0.134204	      0.0113013
	              0	              0	              0	              0	              0	              0	      0.0100263	      0.0185016	     -0.0386478	     -0.0190223
	              0	              0	              0	              0	              0	              0	              0	      0.0353751	      -0.064652	     -0.0347407
	              0	              0	              0	              0	              0	              0	              0	              0	       0.233289	     0.00301735
	              0	              0	              0	              0	              0	              0	              0	              0	              0	      0.0260109
cholIMIS 9
	        0.19662	      -0.147248	     -0.0168698	     0.00705658	     0.00343281	     -0.0112295	    -0.00734704	      0.0219991	     -0.0262846	     -0.0225167
	              0	       0.297606	     0.00909459	     0.00118252	    -0.00286954	     0.00237794	    -0.00355665	     -0.0375887	      0.0458716	      0.0165881
	              0	              0	      0.0396183	     -0.0186074	     0.00712813	     0.00682719	    -0.00684787	     -0.0206047	       0.117885	     0.00408356
	              0	              0	              0	      0.0341964	     0.00993227	      0.0159878	    -0.00519768	     -0.0537598	      0.0866993	     -0.0104443
	              0	              0	              0	              0	      0.0224585	     0.00549914	     0.00482844	     -0.0186595	     -0.0428952	     0.00727617
	              0	              0	              0	              0	              0	     0.00952095	    -0.00268048	    -0.00290866	      0.0917726	    -0.00840124
	              0	              0	              0	              0	              0	              0	      0.0119048	      0.0143327	     -0.0281811	     -0.0185553
	              0	              0	              0	              0	              0	              0	              0	      0.0359953	      0.0279125	     -0.0365912
	              0	              0	              0	              0	              0	              0	              0	              0	       0.237254	     0.00146188
	              0	              0	              0	              0	              0	              0	              0	              0	              0	      0.0265707
cholIMIS 10
	       0.141964	       0.032256	    -0.00755256	    -0.00265471	   -0.000560953	     -0.0124113	     -0.0039573	     0.00508784	     -0.0770712	     0.00573379
	              0	        0.27264	     0.00815258	    -0.00896052	    -0.00355949	    -0.00177499	    0.000441791	     0.00350866	     -0.0556187	     -0.0104667
	              0	              0	      0.0611049	     -0.0537446	     -0.0103933	    -0.00545713	    -0.00773694	    -0.00427155	      0.0997806	      0.0360832
	              0	              0	              0	      0.0267737	     0.00556472	      0.0103002	    -0.00260642	     -0.0516727	      0.0690132	      0.0109658
	              0	              0	              0	              0	      0.0181841	     0.00319004	     0.00246197	     -0.0072364	     -0.0142648	     0.00101594
	              0	              0	              0	              0	              0	     0.00859731	     0.00210334	    -0.00315661	      0.0907761	    -0.00932215
	              0	              0	              0	              0	              0	              0	      0.0114643	      0.0215516	      0.0153653	     -0.0272677
	              0	              0	              0	              0	              0	              0	              0	      0.0461094	    -0.00746957	     -0.0512142
	              0	              0	              0	              0	              0	              0	              0	              0	       0.177078	       0.003178
	              0	              0	              0	              0	              0	              0	              0	              0	              0	      0.0279591
cholIMIS 11
	       0.122133	     -0.0151837	    -0.00531348	    -0.00649311	     0.00202726	    -0.00864131	   -0.000526257	    -0.00501164	      -0.048227	      0.0195441
	              0	        0.29358	    0.000369387	     0.00998426	    0.000580954	     0.00678727	    0.000472206	    -0.00679742	     -0.0427069	     -0.0251682
	              0	              0	      0.0442417	     -0.0412593	    -0.00215026	    -0.00500428	    -0.00729554	   -0.000612621	      0.0375521	       0.026146
	              0	              0	              0	      0.0278823	     0.00125289	      0.0115483	     0.00189799	     -0.0565087	      0.0827846	        0.01022
	              0	              0	              0	              0	      0.0168558	    0.000821708	    -0.00234557	      -0.005402	     -0.0413134	     0.00288821
	              0	              0	              0	              0	              0	      0.0118285	     0.00962261	     0.00200359	       0.122031	     -0.0154475
	              0	              0	              0	              0	              0	              0	      0.0174645	     0.00183557	      0.0122318	    -0.00445723
	              0	              0	              0	              0	              0	              0	              0	      0.0641097	     -0.0195492	     -0.0696382
	              0	              0	              0	              0	              0	              0	              0	              0	          0.182	    0.000400617
	              0	              0	              0	              0	              0	              0	              0	              0	              0	      0.0258201
cholIMIS 12
	       0.145535	        0.04268	     -0.0185426	      0.0112348	    -0.00872971	    -0.00517815	     0.00470303	     -0.0466482	       0.168209	      0.0690569
	              0	        0.19897	     0.00562082	    -0.00212459	    0.000312602	     0.00207836	     0.00331834	    0.000216453	     -0.0329576	     -0.0120371
	              0	              0	      0.0279891	     -0.0247581	     0.00849194	     0.00198624	      0.0014819	      0.0193275	       0.055265	     -0.0197791
	              0	              0	              0	      0.0224156	     -0.0130818	    0.000645397	    -0.00452152	     -0.0467985	     -0.0102836	      0.0352107
	              0	              0	              0	              0	      0.0310308	     0.00949594	     0.00738588	      0.0371424	      0.0948889	     -0.0712806
	              0	              0	              0	              0	              0	     0.00988706	     0.00942036	     -0.0113865	       0.145405	     0.00705502
	              0	              0	              0	              0	              0	              0	      0.0121979	   -0.000664039	       0.046949	     0.00873931
	              0	              0	              0	              0	              0	              0	              0	      0.0499442	     -0.0493459	     -0.0523024
	              0	              0	              0	              0	              0	              0	              0	              0	       0.192041	     0.00564757
	              0	              0	              0	              0	              0	              0	              0	              0	              0	      0.0313499
cholIMIS 13
	       0.157648	     -0.0472527	    0.000315168	    -0.00646195	    -0.00537195	    -0.00478763	    -0.00296774	      0.0126431	     -0.0940898	   -0.000214232
	              0	       0.383279	      0.0105695	    -0.00401447	    -0.00666252	      0.0003789	    -0.00589952	     -0.0081564	     -0.0668647	      -0.012314
	              0	              0	      0.0358418	     -0.0260968	    -0.00230383	    -0.00228134	     -0.0140369	     -0.0103611	     0.00171515	      0.0250528
	              0	              0	              0	      0.0177919	     0.00344237	     0.00849364	     0.00130102	     -0.0387779	       0.031985	      0.0109017
	              0	              0	              0	              0	      0.0133935	   -0.000170929	    -0.00252313	    -0.00184221	     -0.0419628	    -0.00190162
	              0	              0	              0	              0	              0	      0.0114309	      0.0116022	     -0.0330175	      0.0757785	      0.0362256
	              0	              0	              0	              0	              0	              0	      0.0123326	     0.00529188	      0.0272252	    -0.00963698
	              0	              0	              0	              0	              0	              0	              0	      0.0495808	     -0.0147092	     -0.0645567
	              0	              0	              0	              0	              0	              0	              0	              0	       0.135405	    -0.00181735
	              0	              0	              0	              0	              0	              0	              0	              0	              0	       0.017874
cholIMIS 14
	       0.127523	      0.0402045	    -0.00487899	    -0.00185099	    0.000234256	    -0.00646441	   -0.000490732	     0.00131888	     -0.0493946	     0.00137845
	              0	       0.267356	     0.00265672	    -0.00515455	     0.00351681	   -0.000395102	     0.00050879	     -0.0115149	    -0.00197805	      0.0020791
	              0	              0	      0.0369626	     -0.0335189	    -0.00196164	     0.00105977	   -0.000362937	     0.00227177	      0.0028347	      0.0187183
	              0	              0	              0	      0.0285929	    -0.00127408	     0.00979574	   -7.62696e-05	     -0.0353475	     -0.0462644	    -0.00893771
	              0	              0	              0	              0	      0.0151938	    0.000858019	   -0.000142282	    -0.00331516	     -0.0228749	    -0.00519146
	              0	              0	              0	              0	              0	      0.0116359	      0.0110456	    -0.00848593	      0.0442934	     0.00832463
	              0	              0	              0	              0	              0	              0	      0.0141879	    -0.00896374	      0.0200852	      0.0133169
	              0	              0	              0	              0	              0	              0	              0	      0.0643116	     -0.0912473	     -0.0725156
	              0	              0	              0	              0	              0	              0	              0	              0	       0.225639	    -0.00811371
	              0	              0	              0	              0	              0	              0	              0	              0	              0	      0.0269489
cholIMIS 15
	       0.172812	     -0.0298646	      -0.016772	     0.00023634	     0.00763653	    -0.00831107	    -0.00299064	     0.00257866	     -0.0549807	      0.0160454
	              0	       0.300854	    -0.00393431	    -0.00165112	      0.0113343	    -0.00206887	    -0.00467915	      0.0318225	       0.155317	     -0.0599359
	              0	              0	      0.0284789	     -0.0259256	    -0.00084932	     0.00602085	     0.00890454	    -0.00204133	     -0.0794942	      0.0171719
	              0	              0	              0	      0.0220424	     -0.0048569	     0.00664172	    0.000309175	     -0.0465771	     0.00876461	      0.0140062
	              0	              0	              0	              0	      0.0172751	     0.00741574	      0.0138125	    -0.00346009	       0.134722	    -0.00467916
	              0	              0	              0	              0	              0	      0.0104808	      0.0223224	     -0.0264362	      0.0270172	        0.03182
	              0	              0	              0	              0	              0	              0	        0.02242	     -0.0234193	      0.0322034	       0.024604
	              0	              0	              0	              0	              0	              0	              0	      0.0512965	      -0.068439	      -0.064674
	              0	              0	              0	              0	              0	              0	              0	              0	       0.204048	    -0.00246044
	              0	              0	              0	              0	              0	              0	              0	              0	              0	      0.0187041
