     0	 55410	         0
     1	 51648	         0
     2	 53619	         0
     3	 55674	         0
     4	 55581	         0
     5	 51232	         0
     6	 44020	         0
     7	 32993	         0
     8	 55266	         0
     9	 44652	         0
    10	 51895	         0
    11	 44951	         0
    12	 53369	         0
    13	 51695	         0
    14	 38565	         0
    15	 55820	         0
    16	 51028	         0
    17	 55266	         0
    18	 40014	         0
    19	 36821	         0
    20	 39636	         0
    21	 55436	         0
    22	 36821	         0
    23	 47248	         0
    24	 44216	         0
    25	 30728	         0
    26	 51434	         0
    27	 47585	         0
    28	 32598	         0
    29	 36670	         0
    30	 51895	         0
    31	 51047	         0
    32	 44077	         0
    33	 55449	         0
    34	 55236	         0
    35	 51894	         0
    36	 47248	         0
    37	 53917	         0
    38	 51845	         0
    39	 50012	         0
    40	 51232	         0
    41	 40365	         0
    42	 51517	         0
    43	 55720	         0
    44	 53730	         0
    45	 39723	         0
    46	 51895	         0
    47	 40138	         0
    48	 44906	         0
    49	 40437	         0
    50	 55520	         0
    51	 55089	         0
    52	 53694	         0
    53	 36821	         0
    54	 51908	         0
    55	 44352	         0
    56	 46999	         0
    57	 48658	         0
    58	 40118	         0
    59	 48658	         0
    60	 46104	         0
    61	 51895	         0
    62	 39723	         0
    63	 36866	         0
    64	 53404	         0
    65	 30843	         0
    66	 55051	         0
    67	 55001	         0
    68	 38168	         0
    69	 44077	         0
    70	 53471	         0
    71	 55520	         0
    72	 55148	         0
    73	 55720	         0
    74	 55787	         0
    75	 51677	         0
    76	 39816	         0
    77	 52141	         0
    78	 55581	         0
    79	 45270	         0
    80	 51367	         0
    81	 55062	         0
    82	 52141	         0
    83	 48658	         0
    84	 49111	         0
    85	 53612	         0
    86	 47938	         0
    87	 47736	         0
    88	 47645	         0
    89	 36670	         0
    90	 51894	         0
    91	 53772	         0
    92	 42503	         0
    93	 55449	         0
    94	 51895	         0
    95	 47221	         0
    96	 51895	         0
    97	 51177	         0
    98	 51177	         0
    99	 47645	         0
   100	 53369	         0
   101	 51895	         0
   102	 53263	         0
   103	 51861	         0
   104	 55367	         0
   105	 55606	         0
   106	 38640	         0
   107	 39636	         0
   108	 55051	         0
   109	 53382	         0
   110	 47736	         0
   111	 51895	         0
   112	 55417	         0
   113	 51177	         0
   114	 47128	         0
   115	 51034	         0
   116	 55083	         0
   117	 38799	         0
   118	 40312	         0
   119	 47986	         0
   120	 30731	         0
   121	 44077	         0
   122	 51951	         0
   123	 50012	         0
   124	 55198	         0
   125	 53315	         0
   126	 48658	         0
   127	 39723	         0
   128	 46468	         0
   129	 39723	         0
   130	 44077	         0
   131	 48658	         0
   132	 47736	         0
   133	 55449	         0
   134	 53382	         0
   135	 50923	         0
   136	 42503	         0
   137	 39636	         0
   138	 47645	         0
   139	 48658	         0
   140	 55376	         0
   141	 55520	         0
   142	 46931	         0
   143	 53369	         0
   144	 53833	         0
   145	 39723	         0
   146	 51366	         0
   147	 51895	         0
   148	 36821	         0
   149	 32598	         0
   150	 39636	         0
   151	 51895	         0
   152	 46550	         0
   153	 47605	         0
   154	 40014	         0
   155	 38547	         0
   156	 32811	         0
   157	 55581	         0
   158	 53054	         0
   159	 51895	         0
   160	 38565	         0
   161	 47938	         0
   162	 50484	         0
   163	 53917	         0
   164	 44664	         0
   165	 53743	         0
   166	 55001	         0
   167	 51690	         0
   168	 44077	         0
   169	 51232	         0
   170	 47591	         0
   171	 55051	         0
   172	 47719	         0
   173	 52843	         0
   174	 51895	         0
   175	 42144	         0
   176	 38799	         0
   177	 39636	         0
   178	 51478	         0
   179	 36960	         0
   180	 53702	         0
   181	 53054	         0
   182	 44077	         0
   183	 55581	         0
   184	 38565	         0
   185	 51677	         0
   186	 55605	         0
   187	 53913	         0
   188	 55606	         0
   189	 47645	         0
   190	 51677	         0
   191	 48658	         0
   192	 53917	         0
   193	 55927	         0
   194	 55966	         0
   195	 38799	         0
   196	 47645	         0
   197	 39636	         0
   198	 42503	         0
   199	 51377	         0
   200	 55051	         0
   201	 55453	         0
   202	 55875	         0
   203	 47938	         0
   204	 55606	         0
   205	 53514	         0
   206	 39636	         0
   207	 55520	         0
   208	 30909	         0
   209	 30781	         0
   210	 53211	         0
   211	 47248	         0
   212	 51695	         0
   213	 30328	         0
   214	 49959	         0
   215	 55266	         0
   216	 51895	         0
   217	 40014	         0
   218	 51790	         0
   219	 38036	         0
   220	 44077	         0
   221	 37891	         0
   222	 55062	         0
   223	 42503	         0
   224	 55266	         0
   225	 51677	         0
   226	 30506	         0
   227	 44619	         0
   228	 51177	         0
   229	 42992	         0
   230	 42503	         0
   231	 55606	         0
   232	 53612	         0
   233	 55449	         0
   234	 53783	         0
   235	 42416	         0
   236	 40365	         0
   237	 55581	         0
   238	 38174	         0
   239	 55125	         0
   240	 47221	         0
   241	 53382	         0
   242	 51845	         0
   243	 36863	         0
   244	 44077	         0
   245	 51895	         0
   246	 51969	         0
   247	 48697	         0
   248	 46129	         0
   249	 47248	         0
   250	 51845	         0
   251	 51614	         0
   252	 42636	         0
   253	 46390	         0
   254	 55266	         0
   255	 38799	         0
   256	 46945	         0
   257	 47305	         0
   258	 51478	         0
   259	 53134	         0
   260	 51034	         0
   261	 49144	         0
   262	 51047	         0
   263	 53743	         0
   264	 51680	         0
   265	 51690	         0
   266	 51161	         0
   267	 46965	         0
   268	 44077	         0
   269	 44077	         0
   270	 44656	         0
   271	 53366	         0
   272	 46437	         0
   273	 53743	         0
   274	 53382	         0
   275	 51845	         0
   276	 53913	         0
   277	 40014	         0
   278	 44592	         0
   279	 55126	         0
   280	 44809	         0
   281	 50012	         0
   282	 51631	         0
   283	 53366	         0
   284	 47204	         0
   285	 48658	         0
   286	 53369	         0
   287	 37891	         0
   288	 55152	         0
   289	 56185	         0
   290	 53917	         0
   291	 55041	         0
   292	 48665	         0
   293	 50544	         0
   294	 47293	         0
   295	 42503	         0
   296	 48658	         0
   297	 51177	         0
   298	 55194	         0
   299	 51034	         0
   300	 53738	         0
   301	 53366	         0
   302	 30728	         0
   303	 56239	         0
   304	 48658	         0
   305	 50281	         0
   306	 51136	         0
   307	 53590	         0
   308	 53369	         0
   309	 55505	         0
   310	 55449	         0
   311	 51107	         0
   312	 56185	         0
   313	 55001	         0
   314	 51895	         0
   315	 51103	         0
   316	 47986	         0
   317	 30765	         0
   318	 32169	         0
   319	 51677	         0
   320	 48659	         0
   321	 53743	         0
   322	 55510	         0
   323	 56994	         0
   324	 51733	         0
   325	 55720	         0
   326	 55276	         0
   327	 47645	         0
   328	 55884	         0
   329	 53404	         0
   330	 50348	         0
   331	 53743	         0
   332	 51936	         0
   333	 53738	         0
   334	 36193	         0
   335	 55815	         0
   336	 53913	         0
   337	 42366	         0
   338	 55266	         0
   339	 53743	         0
   340	 30114	         0
   341	 53743	         0
   342	 32598	         0
   343	 51161	         0
   344	 44023	         0
   345	 47366	         0
   346	 39146	         0
   347	 55266	         0
   348	 51895	         0
   349	 51951	         0
   350	 51517	         0
   351	 47736	         0
   352	 32598	         0
   353	 51478	         0
   354	 47641	         0
   355	 51769	         0
   356	 42503	         0
   357	 44077	         0
   358	 55884	         0
   359	 44026	         0
   360	 51107	         0
   361	 44231	         0
   362	 53487	         0
   363	 42992	         0
   364	 55266	         0
   365	 51034	         0
   366	 47653	         0
   367	 33617	         0
   368	 46785	         0
   369	 53743	         0
   370	 47645	         0
   371	 40437	         0
   372	 53521	         0
   373	 50012	         0
   374	 55231	         0
   375	 49959	         0
   376	 55884	         0
   377	 40437	         0
   378	 51749	         0
   379	 48658	         0
   380	 51895	         0
   381	 44730	         0
   382	 51107	         0
   383	 46468	         0
   384	 38565	         0
   385	 55720	         0
   386	 44981	         0
   387	 46866	         0
   388	 38799	         0
   389	 53521	         0
   390	 47645	         0
   391	 55820	         0
   392	 55720	         0
   393	 36821	         0
   394	 47264	         0
   395	 51895	         0
   396	 36328	         0
   397	 48658	         0
   398	 32598	         0
   399	 55055	         0
   400	 53743	         0
   401	 53917	         0
   402	 55927	         0
   403	 44283	         0
   404	 30754	         0
   405	 55884	         0
   406	 55062	         0
   407	 55224	         0
   408	 55787	         0
   409	 51308	         0
   410	 48658	         0
   411	 51107	         0
   412	 38943	         0
   413	 40661	         0
   414	 38910	         0
   415	 53743	         0
   416	 55581	         0
   417	 55051	         0
   418	 47610	         0
   419	 44930	         0
   420	 40437	         0
   421	 51677	         0
   422	 51677	         0
   423	 38457	         0
   424	 55501	         0
   425	 48658	         0
   426	 27179	         0
   427	 44448	         0
   428	 44077	         0
   429	 44077	         0
   430	 55266	         0
   431	 39636	         0
   432	 51350	         0
   433	 53369	         0
   434	 55067	         0
   435	 53804	         0
   436	 50281	         0
   437	 38300	         0
   438	 51037	         0
   439	 55051	         0
   440	 51894	         0
   441	 51177	         0
   442	 47736	         0
   443	 50281	         0
   444	 36580	         0
   445	 53670	         0
   446	 56612	         0
   447	 42503	         0
   448	 45215	         0
   449	 40977	         0
   450	 40458	         0
   451	 53263	         0
   452	 35510	         0
   453	 55899	         0
   454	 55410	         0
   455	 46469	         0
   456	 55545	         0
   457	 52402	         0
   458	 42366	         0
   459	 55720	         0
   460	 47645	         0
   461	 51895	         0
   462	 55266	         0
   463	 51471	         0
   464	 46673	         0
   465	 46887	         0
   466	 47645	         0
   467	 55449	         0
   468	 55581	         0
   469	 50281	         0
   470	 47204	         0
   471	 44320	         0
   472	 44398	         0
   473	 48658	         0
   474	 46558	         0
   475	 47410	         0
   476	 55453	         0
   477	 51895	         0
   478	 53877	         0
   479	 45791	         0
   480	 50594	         0
   481	 36866	         0
   482	 51772	         0
   483	 36973	         0
   484	 51573	         0
   485	 47439	         0
   486	 47587	         0
   487	 51161	         0
   488	 45550	         0
   489	 28259	         0
   490	 53743	         0
   491	 52402	         0
   492	 51232	         0
   493	 35541	         0
   494	 51936	         0
   495	 55266	         0
   496	 55266	         0
   497	 53743	         0
   498	 53382	         0
   499	 53880	         0
   500	 46094	         0
   501	 53743	         0
   502	 44540	         0
   503	 48658	         0
   504	 51177	         0
   505	 51860	         0
   506	 28488	         0
   507	 30781	         0
   508	 42503	         0
   509	 51360	         0
   510	 30712	         0
   511	 55271	         0
   512	 48658	         0
   513	 47145	         0
   514	 38701	         0
   515	 44472	         0
   516	 47645	         0
   517	 51047	         0
   518	 56968	         0
   519	 30728	         0
   520	 51047	         0
   521	 51107	         0
   522	 46527	         0
   523	 55884	         0
   524	 47380	         0
   525	 51895	         0
   526	 42992	         0
   527	 51923	         0
   528	 51895	         0
   529	 30713	         0
   530	 51259	         0
   531	 53780	         0
   532	 55674	         0
   533	 46965	         0
   534	 44020	         0
   535	 44901	         0
   536	 48178	         0
   537	 49396	         0
   538	 38799	         0
   539	 51306	         0
   540	 55362	         0
   541	 50281	         0
   542	 37361	         0
   543	 44019	         0
   544	 55266	         0
   545	 46390	         0
   546	 46129	         0
   547	 53768	         0
   548	 42503	         0
   549	 48658	         0
   550	 55984	         0
   551	 51075	         0
   552	 32320	         0
   553	 48839	         0
   554	 47513	         0
   555	 53404	         0
   556	 53917	         0
   557	 51177	         0
   558	 51463	         0
   559	 51177	         0
   560	 55996	         0
   561	 52991	         0
   562	 44077	         0
   563	 47645	         0
   564	 51677	         0
   565	 42155	         0
   566	 51895	         0
   567	 46419	         0
   568	 53134	         0
   569	 48658	         0
   570	 47645	         0
   571	 30765	         0
   572	 53743	         0
   573	 51894	         0
   574	 50963	         0
   575	 53446	         0
   576	 51894	         0
   577	 44352	         0
   578	 53880	         0
   579	 42503	         0
   580	 51155	         0
   581	 36193	         0
   582	 40070	         0
   583	 53263	         0
   584	 49685	         0
   585	 55266	         0
   586	 47645	         0
   587	 38090	         0
   588	 35510	         0
   589	 51894	         0
   590	 47510	         0
   591	 45493	         0
   592	 53315	         0
   593	 50134	         0
   594	 55266	         0
   595	 51177	         0
   596	 51047	         0
   597	 48658	         0
   598	 55266	         0
   599	 50281	         0
   600	 55606	         0
   601	 53780	         0
   602	 51895	         0
   603	 46550	         0
   604	 36821	         0
   605	 55107	         0
   606	 51107	         0
   607	 31769	         0
   608	 53531	         0
   609	 42503	         0
   610	 36193	         0
   611	 51908	         0
   612	 50012	         0
   613	 55884	         0
   614	 44999	         0
   615	 44077	         0
   616	 44684	         0
   617	 51923	         0
   618	 42503	         0
   619	 30781	         0
   620	 32323	         0
   621	 42221	         0
   622	 51665	         0
   623	 53738	         0
   624	 51895	         0
   625	 51861	         0
   626	 38565	         0
   627	 40014	         0
   628	 44120	         0
   629	 53694	         0
   630	 44027	         0
   631	 47645	         0
   632	 53768	         0
   633	 55581	         0
   634	 55606	         0
   635	 44077	         0
   636	 51478	         0
   637	 55410	         0
   638	 50281	         0
   639	 32323	         0
   640	 51161	         0
   641	 55449	         0
   642	 55606	         0
   643	 38799	         0
   644	 51923	         0
   645	 52165	         0
   646	 44297	         0
   647	 55051	         0
   648	 51749	         0
   649	 51895	         0
   650	 55581	         0
   651	 53743	         0
   652	 51047	         0
   653	 38799	         0
   654	 51177	         0
   655	 51894	         0
   656	 30730	         0
   657	 51895	         0
   658	 55148	         0
   659	 50012	         0
   660	 51232	         0
   661	 55418	         0
   662	 51222	         0
   663	 48658	         0
   664	 55001	         0
   665	 47221	         0
   666	 51107	         0
   667	 50281	         0
   668	 55410	         0
   669	 55386	         0
   670	 55884	         0
   671	 55714	         0
   672	 48658	         0
   673	 51216	         0
   674	 50206	         0
   675	 51161	         0
   676	 40339	         0
   677	 37891	         0
   678	 51693	         0
   679	 55720	         0
   680	 55884	         0
   681	 53263	         0
   682	 39534	         0
   683	 38174	         0
   684	 47605	         0
   685	 44580	         0
   686	 55083	         0
   687	 53352	         0
   688	 55884	         0
   689	 48658	         0
   690	 46096	         0
   691	 51129	         0
   692	 53263	         0
   693	 39636	         0
   694	 44059	         0
   695	 42769	         0
   696	 55356	         0
   697	 51895	         0
   698	 38565	         0
   699	 55449	         0
   700	 38565	         0
   701	 47736	         0
   702	 51177	         0
   703	 55606	         0
   704	 53743	         0
   705	 51161	         0
   706	 56185	         0
   707	 55213	         0
   708	 53366	         0
   709	 51478	         0
   710	 32234	         0
   711	 44059	         0
   712	 51895	         0
   713	 51845	         0
   714	 51155	         0
   715	 32190	         0
   716	 47645	         0
   717	 53743	         0
   718	 38022	         0
   719	 51259	         0
   720	 51478	         0
   721	 55152	         0
   722	 51047	         0
   723	 51677	         0
   724	 38126	         0
   725	 51034	         0
   726	 32598	         0
   727	 45215	         0
   728	 51895	         0
   729	 44999	         0
   730	 55115	         0
   731	 53183	         0
   732	 53913	         0
   733	 46468	         0
   734	 51047	         0
   735	 47248	         0
   736	 36821	         0
   737	 38738	         0
   738	 51478	         0
   739	 44077	         0
   740	 51895	         0
   741	 51781	         0
   742	 51895	         0
   743	 48819	         0
   744	 55051	         0
   745	 55884	         0
   746	 38799	         0
   747	 47463	         0
   748	 55449	         0
   749	 51614	         0
   750	 46550	         0
   751	 51544	         0
   752	 39636	         0
   753	 42366	         0
   754	 53891	         0
   755	 51895	         0
   756	 32028	         0
   757	 50281	         0
   758	 30014	         0
   759	 47439	         0
   760	 53369	         0
   761	 51177	         0
   762	 50281	         0
   763	 51845	         0
   764	 53955	         0
   765	 51107	         0
   766	 51161	         0
   767	 30909	         0
   768	 53780	         0
   769	 30438	         0
   770	 50281	         0
   771	 55606	         0
   772	 51357	         0
   773	 42992	         0
   774	 47645	         0
   775	 40661	         0
   776	 55266	         0
   777	 53743	         0
   778	 42503	         0
   779	 44472	         0
   780	 55581	         0
   781	 46169	         0
   782	 44027	         0
   783	 47736	         0
   784	 55884	         0
   785	 51047	         0
   786	 47293	         0
   787	 47248	         0
   788	 47736	         0
   789	 51161	         0
   790	 46982	         0
   791	 44077	         0
   792	 44675	         0
   793	 55510	         0
   794	 55001	         0
   795	 55194	         0
   796	 55720	         0
   797	 51894	         0
   798	 38725	         0
   799	 38799	         0
   800	 51177	         0
   801	 44077	         0
   802	 55966	         0
   803	 51980	         0
   804	 47645	         0
   805	 36821	         0
   806	 42238	         0
   807	 48658	         0
   808	 42503	         0
   809	 53694	         0
   810	 47463	         0
   811	 53382	         0
   812	 38174	         0
   813	 45242	         0
   814	 39184	         0
   815	 55213	         0
   816	 49573	         0
   817	 47284	         0
   818	 40014	         0
   819	 55966	         0
   820	 47204	         0
   821	 42503	         0
   822	 56185	         0
   823	 47068	         0
   824	 48658	         0
   825	 53743	         0
   826	 30101	         0
   827	 51169	         0
   828	 51377	         0
   829	 47284	         0
   830	 51895	         0
   831	 30781	         0
   832	 51350	         0
   833	 48658	         0
   834	 51155	         0
   835	 55266	         0
   836	 51894	         0
   837	 53263	         0
   838	 44448	         0
   839	 55674	         0
   840	 51895	         0
   841	 51177	         0
   842	 46613	         0
   843	 42503	         0
   844	 55089	         0
   845	 51177	         0
   846	 51845	         0
   847	 36866	         0
   848	 55927	         0
   849	 55276	         0
   850	 51895	         0
   851	 46558	         0
   852	 42640	         0
   853	 42503	         0
   854	 33179	         0
   855	 55449	         0
   856	 55528	         0
   857	 47736	         0
   858	 44027	         0
   859	 51895	         0
   860	 55581	         0
   861	 51845	         0
   862	 55126	         0
   863	 44930	         0
   864	 53917	         0
   865	 35617	         0
   866	 44208	         0
   867	 50012	         0
   868	 55376	         0
   869	 55075	         0
   870	 55170	         0
   871	 53521	         0
   872	 44289	         0
   873	 39636	         0
   874	 46550	         0
   875	 51951	         0
   876	 32598	         0
   877	 51377	         0
   878	 53038	         0
   879	 53743	         0
   880	 55083	         0
   881	 55141	         0
   882	 47248	         0
   883	 53917	         0
   884	 46613	         0
   885	 51177	         0
   886	 44986	         0
   887	 32598	         0
   888	 30909	         0
   889	 55875	         0
   890	 53743	         0
   891	 36866	         0
   892	 30781	         0
   893	 47718	         0
   894	 55980	         0
   895	 39647	         0
   896	 47736	         0
   897	 38736	         0
   898	 47463	         0
   899	 35200	         0
   900	 38565	         0
   901	 55266	         0
   902	 55581	         0
   903	 47298	         0
   904	 44652	         0
   905	 53922	         0
   906	 56385	         0
   907	 38565	         0
   908	 55938	         0
   909	 50206	         0
   910	 42149	         0
   911	 42503	         0
   912	 55356	         0
   913	 47463	         0
   914	 44077	         0
   915	 38600	         0
   916	 30014	         0
   917	 47575	         0
   918	 51232	         0
   919	 55966	         0
   920	 42503	         0
   921	 47761	         0
   922	 55606	         0
   923	 38477	         0
   924	 53743	         0
   925	 48277	         0
   926	 55051	         0
   927	 55720	         0
   928	 47645	         0
   929	 55266	         0
   930	 48658	         0
   931	 48444	         0
   932	 39636	         0
   933	 51367	         0
   934	 48658	         0
   935	 55606	         0
   936	 51765	         0
   937	 51266	         0
   938	 47221	         0
   939	 32598	         0
   940	 44947	         0
   941	 45550	         0
   942	 55449	         0
   943	 40365	         0
   944	 53694	         0
   945	 42369	         0
   946	 42503	         0
   947	 53743	         0
   948	 51951	         0
   949	 55820	         0
   950	 51212	         0
   951	 53917	         0
   952	 50281	         0
   953	 55266	         0
   954	 55160	         0
   955	 53382	         0
   956	 38622	         0
   957	 53917	         0
   958	 47630	         0
   959	 30765	         0
   960	 51161	         0
   961	 55001	         0
   962	 51895	         0
   963	 55820	         0
   964	 50281	         0
   965	 51177	         0
   966	 47645	         0
   967	 51679	         0
   968	 44472	         0
   969	 30728	         0
   970	 44077	         0
   971	 47248	         0
   972	 40881	         0
   973	 42503	         0
   974	 44352	         0
   975	 51951	         0
   976	 44285	         0
   977	 46062	         0
   978	 55605	         0
   979	 51161	         0
   980	 48658	         0
   981	 46512	         0
   982	 30909	         0
   983	 55449	         0
   984	 38174	         0
   985	 42503	         0
   986	 51177	         0
   987	 55126	         0
   988	 55266	         0
   989	 30631	         0
   990	 51845	         0
   991	 30781	         0
   992	 56824	         0
   993	 44986	         0
   994	 47495	         0
   995	 53917	         0
   996	 51758	         0
   997	 55152	         0
   998	 51160	         0
   999	 44077	         0
