cholIMIS 0
	              0	              0	              0	              0	              0	              0	              0	              0	              0	              0	              0
	              0	              0	              0	              0	              0	              0	              0	              0	              0	              0	              0
	              0	              0	              0	              0	              0	              0	              0	              0	              0	              0	              0
	              0	              0	              0	              0	              0	              0	              0	              0	              0	              0	              0
	              0	              0	              0	              0	              0	              0	              0	              0	              0	              0	              0
	              0	              0	              0	              0	              0	              0	              0	              0	              0	              0	              0
	              0	              0	              0	              0	              0	              0	              0	              0	              0	              0	              0
	              0	              0	              0	              0	              0	              0	              0	              0	              0	              0	              0
	              0	              0	              0	              0	              0	              0	              0	              0	              0	              0	              0
	              0	              0	              0	              0	              0	              0	              0	              0	              0	              0	              0
	              0	              0	              0	              0	              0	              0	              0	              0	              0	              0	              0
cholIMIS 1
	       0.345172	      0.0565295	    -0.00303807	      0.0173428	    -0.00293354	     0.00311027	     0.00306682	      0.0169841	       0.007073	     -0.0186972	      0.0147414
	              0	        0.73007	    -0.00733491	    -0.00937793	    -0.00430865	     0.00540467	     0.00642129	       0.034745	      -0.019648	     -0.0190328	      0.0118304
	              0	              0	       0.215762	     0.00458838	     0.00224863	    -0.00385728	    -0.00176682	     -0.0170985	     -0.0651028	      0.0162029	     -0.0104457
	              0	              0	              0	        0.18808	     0.00122037	     0.00164105	   -0.000433243	    -0.00469607	      0.0173712	    -0.00743783	    0.000534641
	              0	              0	              0	              0	       0.053823	    -0.00521535	    -0.00439274	    -0.00925369	     0.00154815	      0.0400302	     -0.0036066
	              0	              0	              0	              0	              0	      0.0744006	     0.00275456	     0.00496579	      0.0066094	     -0.0158309	      0.0180708
	              0	              0	              0	              0	              0	              0	      0.0483415	      0.0239571	     -0.0268211	     -0.0303553	       0.005419
	              0	              0	              0	              0	              0	              0	              0	       0.227336	      -0.014312	      -0.022896	      0.0200184
	              0	              0	              0	              0	              0	              0	              0	              0	       0.684268	     0.00776045	     0.00223175
	              0	              0	              0	              0	              0	              0	              0	              0	              0	       0.288466	     -0.0200945
	              0	              0	              0	              0	              0	              0	              0	              0	              0	              0	       0.210121
cholIMIS 2
	       0.349616	      -0.230056	     -0.0141838	      0.0197879	     0.00517204	    0.000345023	     0.00373794	     0.00507269	      0.0690984	     -0.0194838	       0.027585
	              0	       0.553347	    -0.00977681	      0.0137925	    -0.00443236	      0.0083527	      0.0103159	    -0.00431247	     -0.0411394	     -0.0137893	     -0.0167302
	              0	              0	       0.156388	     -0.0413368	   -0.000781764	     -0.0145819	       -0.01363	      0.0281186	    -0.00629615	      0.0210863	      0.0182186
	              0	              0	              0	        0.16666	     0.00517694	      0.0254853	       0.023665	     -0.0829228	     -0.0433923	     -0.0314009	     -0.0482331
	              0	              0	              0	              0	      0.0354165	     0.00118103	     0.00199639	     -0.0154242	      0.0164722	     0.00712212	     -0.0017051
	              0	              0	              0	              0	              0	      0.0585555	      0.0156946	     -0.0554227	    -0.00836183	     -0.0125393	     -0.0189786
	              0	              0	              0	              0	              0	              0	      0.0393072	     -0.0349208	     -0.0515485	     -0.0153153	     -0.0275842
	              0	              0	              0	              0	              0	              0	              0	       0.162971	    -0.00798805	    -0.00823655	      0.0240287
	              0	              0	              0	              0	              0	              0	              0	              0	       0.453728	     -0.0029736	     0.00373572
	              0	              0	              0	              0	              0	              0	              0	              0	              0	       0.179978	    -0.00521908
	              0	              0	              0	              0	              0	              0	              0	              0	              0	              0	        0.14529
cholIMIS 3
	       0.328865	      -0.972961	       0.034208	     -0.0726256	     -0.0324206	     -0.0174283	      0.0120633	       0.054124	       0.686845	      0.0933164	    -0.00555056
	              0	       0.666401	     -0.0305343	      0.0344334	      0.0119302	    -0.00211474	     -0.0121628	      0.0356354	      -0.226903	     -0.0747832	     0.00352438
	              0	              0	        0.09414	       -0.04319	      -0.016062	    -0.00358115	    -0.00388704	     0.00279431	       0.118881	     0.00889161	      0.0150648
	              0	              0	              0	      0.0907156	       0.017549	      0.0107055	     0.00531332	     -0.0517709	      -0.109515	     0.00924245	     -0.0280403
	              0	              0	              0	              0	      0.0307989	     0.00258676	    -0.00779192	     -0.0334929	     -0.0808828	      0.0397365	     -0.0283186
	              0	              0	              0	              0	              0	      0.0366539	      0.0222067	      -0.070267	      0.0112382	      0.0177741	    -0.00649478
	              0	              0	              0	              0	              0	              0	      0.0386542	     -0.0277345	      0.0441676	       0.024185	   -0.000427759
	              0	              0	              0	              0	              0	              0	              0	       0.102408	     -0.0520721	     -0.0475437	      0.0238837
	              0	              0	              0	              0	              0	              0	              0	              0	        0.33928	      0.0467395	     -0.0402955
	              0	              0	              0	              0	              0	              0	              0	              0	              0	       0.117628	     -0.0300227
	              0	              0	              0	              0	              0	              0	              0	              0	              0	              0	      0.0914467
cholIMIS 4
	       0.183328	     -0.0858802	    -0.00688365	    -0.00444638	    -0.00979578	    -0.00226113	      0.0145408	     0.00150818	      0.0961131	      0.0167807	      0.0102659
	              0	       0.512886	      0.0012731	     0.00752488	    -0.00391595	     0.00250064	      0.0114769	     -0.0593455	     -0.0573511	    -0.00593996	      0.0439407
	              0	              0	      0.0796878	      -0.028396	    -0.00515154	    -0.00272611	    -0.00619298	     0.00756843	      0.0247476	   -0.000998093	    -0.00300754
	              0	              0	              0	      0.0766489	       0.010641	      0.0103009	      0.0072926	     -0.0626557	     -0.0576895	     0.00284645	    -0.00292192
	              0	              0	              0	              0	      0.0318237	     0.00300877	     -0.0106797	     -0.0174483	      -0.049657	    -0.00132509	    -0.00377803
	              0	              0	              0	              0	              0	      0.0332324	      0.0169796	     -0.0700893	     -0.0298255	      0.0193324	      0.0114919
	              0	              0	              0	              0	              0	              0	      0.0348568	     -0.0583302	     -0.0155929	      0.0328735	      0.0229284
	              0	              0	              0	              0	              0	              0	              0	       0.122753	      0.0212709	     -0.0415284	     -0.0360077
	              0	              0	              0	              0	              0	              0	              0	              0	       0.297495	      0.0209492	     -0.0276535
	              0	              0	              0	              0	              0	              0	              0	              0	              0	       0.114937	     -0.0201057
	              0	              0	              0	              0	              0	              0	              0	              0	              0	              0	      0.0946478
cholIMIS 5
	        0.14589	     -0.0790142	     -0.0181437	       0.018711	    0.000847068	     0.00476751	        0.01215	      -0.040655	       0.114595	    -0.00292288	      0.0424091
	              0	       0.327526	    -0.00179277	     0.00412707	      0.0011466	     0.00526676	      0.0142546	     -0.0210691	     -0.0895192	     -0.0409732	       0.048917
	              0	              0	      0.0602003	      -0.032925	      0.0064284	    -0.00385387	     -0.0229155	    -0.00842786	      0.0120405	    -0.00950895	    -0.00535109
	              0	              0	              0	      0.0471256	     0.00610509	     0.00885717	     -0.0013306	     -0.0701944	     -0.0138301	       0.021185	    -0.00145787
	              0	              0	              0	              0	      0.0290413	     0.00326925	    -0.00557785	     -0.0212131	      -0.124446	     -0.0373811	       0.022741
	              0	              0	              0	              0	              0	      0.0200218	      0.0148312	     -0.0479601	     -0.0277488	      0.0140777	      0.0176274
	              0	              0	              0	              0	              0	              0	      0.0329904	      0.0103079	     -0.0957006	      0.0109679	      0.0178758
	              0	              0	              0	              0	              0	              0	              0	       0.114915	      0.0604528	     -0.0803141	     -0.0273934
	              0	              0	              0	              0	              0	              0	              0	              0	        0.29056	      0.0116188	     -0.0267326
	              0	              0	              0	              0	              0	              0	              0	              0	              0	       0.101809	     -0.0586401
	              0	              0	              0	              0	              0	              0	              0	              0	              0	              0	      0.0684219
cholIMIS 6
	       0.164811	      -0.127645	    -0.00265409	    -0.00568148	    -0.00416537	    -0.00456752	     0.00157701	     -0.0173183	     -0.0189465	      0.0156087	       0.045598
	              0	       0.411356	     0.00270513	    -0.00244717	     0.00305705	     0.00789007	      0.0160201	     -0.0152203	      -0.194609	     -0.0349184	      0.0269644
	              0	              0	      0.0558486	      -0.038153	     0.00176118	    -0.00568481	     -0.0147349	     0.00516171	     -0.0518851	     0.00575969	     0.00668394
	              0	              0	              0	      0.0470476	     0.00474278	     0.00913104	      0.0017688	      -0.054941	      0.0102235	     -0.0191706	      0.0220591
	              0	              0	              0	              0	      0.0357331	     -0.0024598	    -0.00925232	      0.0329439	     -0.0239352	     -0.0248604	      -0.048093
	              0	              0	              0	              0	              0	      0.0219022	      0.0159474	     -0.0564281	     -0.0506967	     -0.0100269	      0.0473693
	              0	              0	              0	              0	              0	              0	      0.0253801	    -0.00106923	     -0.0427388	      0.0204185	    -0.00143033
	              0	              0	              0	              0	              0	              0	              0	       0.120528	       0.099051	     -0.0521059	     -0.0896788
	              0	              0	              0	              0	              0	              0	              0	              0	       0.342527	      0.0294645	     -0.0541992
	              0	              0	              0	              0	              0	              0	              0	              0	              0	      0.0968434	     -0.0609507
	              0	              0	              0	              0	              0	              0	              0	              0	              0	              0	      0.0772924
cholIMIS 7
	       0.195932	     -0.0431479	     -0.0211379	      0.0157676	      0.0108447	     0.00085251	     0.00961103	     -0.0485906	      -0.103193	      0.0270503	      0.0133474
	              0	       0.475558	    -0.00432428	      0.0192613	      0.0197049	     0.00816708	      0.0024377	     -0.0489298	      -0.105076	     -0.0809864	      0.0820786
	              0	              0	      0.0415292	     -0.0312611	    -0.00635864	     -0.0103252	     -0.0130682	      0.0391639	     0.00495988	     -0.0161553	     -0.0202353
	              0	              0	              0	       0.035887	     0.00661438	     0.00442656	    -0.00737775	     -0.0469274	      0.0572903	     -0.0183419	      0.0231684
	              0	              0	              0	              0	      0.0295579	    0.000520276	    -0.00565052	      0.0208483	    -0.00669456	     -0.0266412	    -0.00715927
	              0	              0	              0	              0	              0	      0.0234612	      0.0318179	     -0.0873829	      -0.158701	      0.0363543	      0.0492528
	              0	              0	              0	              0	              0	              0	      0.0222664	     0.00904082	     -0.0561113	      0.0133716	     -0.0120282
	              0	              0	              0	              0	              0	              0	              0	       0.109273	       0.247688	     -0.0724982	     -0.0496836
	              0	              0	              0	              0	              0	              0	              0	              0	       0.352441	      0.0233926	     -0.0243617
	              0	              0	              0	              0	              0	              0	              0	              0	              0	      0.0952708	      -0.076266
	              0	              0	              0	              0	              0	              0	              0	              0	              0	              0	      0.0612809
cholIMIS 8
	       0.269556	      -0.259417	    -0.00558749	    -0.00706369	      0.0395716	    -0.00261414	     0.00930281	       0.054759	       0.255999	       0.126959	      -0.182191
	              0	       0.326916	    -0.00226852	     0.00567736	     0.00393531	     0.00109177	   -0.000415812	     -0.0154596	     -0.0588328	      -0.063823	      0.0529124
	              0	              0	      0.0659879	     -0.0118692	   -0.000290026	    -0.00645494	     -0.0131528	      0.0153578	     0.00685067	     -0.0130201	    0.000608856
	              0	              0	              0	      0.0646312	     0.00285402	     0.00687085	     0.00661586	     -0.0248778	      0.0203275	     0.00436997	    -0.00860916
	              0	              0	              0	              0	      0.0416955	     0.00426977	     0.00655029	      0.0415235	       0.171627	     0.00952483	     -0.0901261
	              0	              0	              0	              0	              0	      0.0273181	      0.0203732	     -0.0423022	     -0.0135382	      0.0299964	     0.00433269
	              0	              0	              0	              0	              0	              0	      0.0341652	     -0.0110835	     -0.0391849	       0.040892	     -0.0260057
	              0	              0	              0	              0	              0	              0	              0	       0.104105	      0.0580283	     -0.0459081	     -0.0245581
	              0	              0	              0	              0	              0	              0	              0	              0	         0.3356	      0.0305032	     -0.0521335
	              0	              0	              0	              0	              0	              0	              0	              0	              0	       0.130227	     -0.0666164
	              0	              0	              0	              0	              0	              0	              0	              0	              0	              0	       0.094007
cholIMIS 9
	       0.344957	       0.123413	     -0.0322701	     0.00890358	     0.00781363	     0.00237931	      0.0358758	     -0.0502064	       0.266403	       0.163868	     -0.0707806
	              0	       0.455767	    -0.00609249	     0.00215278	     0.00232816	      0.0104599	       0.019131	     -0.0291822	       0.113302	     -0.0250762	      0.0574175
	              0	              0	      0.0433418	     -0.0294595	     0.00382096	    -0.00588251	     -0.0165469	      0.0418584	      0.0584613	      -0.052366	      0.0155498
	              0	              0	              0	      0.0366667	    0.000736532	     0.00477953	     0.00272546	     -0.0387032	      -0.029178	     0.00468799	    -0.00297113
	              0	              0	              0	              0	      0.0335177	   -0.000916538	    -0.00460495	      0.0508153	       0.069155	     -0.0117273	     -0.0640901
	              0	              0	              0	              0	              0	      0.0184939	      0.0205205	      -0.047272	     -0.0336534	      0.0155705	      0.0303355
	              0	              0	              0	              0	              0	              0	      0.0219553	    -0.00458667	     -0.0319808	      0.0498176	     -0.0239514
	              0	              0	              0	              0	              0	              0	              0	      0.0791495	      0.0850664	     -0.0579369	     -0.0254365
	              0	              0	              0	              0	              0	              0	              0	              0	       0.286708	      0.0400127	     -0.0370577
	              0	              0	              0	              0	              0	              0	              0	              0	              0	      0.0889082	     -0.0717514
	              0	              0	              0	              0	              0	              0	              0	              0	              0	              0	      0.0590258
cholIMIS 10
	       0.220623	      -0.269105	    -0.00440603	    -0.00581472	    -0.00179996	     -0.0129726	    -0.00337642	      0.0312488	    -0.00163302	      0.0609566	     -0.0687315
	              0	       0.290004	     0.00811595	    -0.00373408	        0.00438	     0.00362353	    -0.00156505	     -0.0332244	     -0.0661384	     -0.0215336	      0.0422422
	              0	              0	      0.0524898	     -0.0242595	     0.00537758	    -0.00621356	     -0.0161432	      0.0183027	     -0.0183007	     -0.0426121	      0.0223366
	              0	              0	              0	      0.0521359	   -0.000780257	     0.00941759	     0.00190658	      -0.060949	     0.00938843	      0.0388553	     -0.0282836
	              0	              0	              0	              0	      0.0328285	    -0.00152507	    -0.00876245	     0.00354473	    -0.00823239	     -0.0193995	     -0.0125253
	              0	              0	              0	              0	              0	      0.0234592	      0.0186799	     -0.0763719	      0.0615169	      0.0646105	    -0.00456036
	              0	              0	              0	              0	              0	              0	      0.0306711	    -0.00431753	      0.0208556	      0.0435327	    -0.00966971
	              0	              0	              0	              0	              0	              0	              0	       0.121877	     0.00447982	      -0.109319	    -0.00787559
	              0	              0	              0	              0	              0	              0	              0	              0	       0.268509	     -0.0039695	     0.00551264
	              0	              0	              0	              0	              0	              0	              0	              0	              0	       0.114735	      -0.086361
	              0	              0	              0	              0	              0	              0	              0	              0	              0	              0	      0.0857382
cholIMIS 11
	       0.277912	      -0.196718	     -0.0263101	     0.00793303	    -0.00709128	    -0.00998903	     0.00941154	     -0.0107902	       0.220801	       0.113916	      -0.060503
	              0	       0.386212	     0.00781042	    0.000785014	    0.000310264	    -0.00537534	     -0.0141873	    0.000343417	      0.0822111	     -0.0929506	      0.0746347
	              0	              0	       0.034841	     -0.0200834	     0.00235647	    -0.00480455	     -0.0140774	      0.0239532	      0.0272678	     -0.0394212	      0.0205254
	              0	              0	              0	      0.0293919	     0.00572874	     0.00666373	     0.00315212	      -0.027889	     -0.0211857	      0.0104708	     -0.0138428
	              0	              0	              0	              0	      0.0331677	      0.0079432	     0.00730926	      0.0069944	     -0.0156557	      0.0496545	     -0.0948238
	              0	              0	              0	              0	              0	      0.0187223	      0.0257686	      -0.042377	     -0.0648471	      0.0522952	     -0.0180862
	              0	              0	              0	              0	              0	              0	      0.0198893	      0.0154401	      -0.024441	      0.0291938	     -0.0347211
	              0	              0	              0	              0	              0	              0	              0	      0.0795907	       0.064458	     -0.0650557	     -0.0288046
	              0	              0	              0	              0	              0	              0	              0	              0	       0.242873	      0.0378583	      -0.047387
	              0	              0	              0	              0	              0	              0	              0	              0	              0	       0.086312	     -0.0767856
	              0	              0	              0	              0	              0	              0	              0	              0	              0	              0	       0.056879
cholIMIS 12
	       0.206385	      -0.213503	     -0.0167616	     0.00987226	      0.0102984	    -0.00623915	     0.00135516	     0.00310289	      -0.193361	      0.0188883	    -0.00680702
	              0	       0.394886	      0.0160285	     -0.0105132	     -0.0157223	    -0.00255832	    -0.00329286	    -0.00584718	      0.0711285	     -0.0118399	     0.00629554
	              0	              0	      0.0480167	     -0.0290731	     -0.0114828	     -0.0053901	      -0.014215	     0.00235852	      0.0504383	      0.0488459	     -0.0463166
	              0	              0	              0	      0.0392559	     0.00625854	     0.00748118	    -7.6998e-05	     -0.0526174	     0.00598129	    -0.00671442	      0.0174634
	              0	              0	              0	              0	      0.0332446	    -0.00107975	    -0.00743849	      0.0281504	      -0.175855	     -0.0944048	       0.042251
	              0	              0	              0	              0	              0	      0.0219217	      0.0258987	     -0.0523693	      0.0758969	      0.0199611	      0.0177918
	              0	              0	              0	              0	              0	              0	      0.0266307	      0.0118159	     -0.0105117	      0.0143122	    -0.00952044
	              0	              0	              0	              0	              0	              0	              0	      0.0908851	     0.00448103	     -0.0698187	     -0.0177654
	              0	              0	              0	              0	              0	              0	              0	              0	       0.361624	      0.0150046	     -0.0114208
	              0	              0	              0	              0	              0	              0	              0	              0	              0	       0.110969	      -0.101177
	              0	              0	              0	              0	              0	              0	              0	              0	              0	              0	      0.0699645
cholIMIS 13
	       0.269014	      0.0147064	     -0.0299746	     0.00880176	    0.000930987	     -0.0178872	    -0.00354161	      0.0495438	      -0.225444	     -0.0111559	     0.00577362
	              0	       0.337559	     0.00513849	    0.000273811	     -0.0029923	     0.00104721	    -0.00305872	    -0.00417943	     0.00113149	     -0.0439971	      0.0216811
	              0	              0	      0.0461848	     -0.0340422	    -0.00509368	     0.00314354	    -0.00112899	     -0.0288519	       0.220814	      0.0443166	     -0.0187031
	              0	              0	              0	      0.0297497	    0.000900465	     0.00710376	     0.00108477	     -0.0561387	       0.018905	      0.0109524	       0.011451
	              0	              0	              0	              0	      0.0296468	      0.0040166	      0.0077035	      0.0226568	     -0.0513953	     -0.0117069	     -0.0251932
	              0	              0	              0	              0	              0	       0.020105	      0.0215909	     -0.0738986	      0.0607354	      0.0438942	      0.0134966
	              0	              0	              0	              0	              0	              0	      0.0182689	      0.0185316	     -0.0464537	    -0.00761408	     0.00367975
	              0	              0	              0	              0	              0	              0	              0	      0.0915002	      -0.024324	     -0.0615726	     -0.0410077
	              0	              0	              0	              0	              0	              0	              0	              0	       0.321903	      0.0320829	     -0.0411276
	              0	              0	              0	              0	              0	              0	              0	              0	              0	      0.0940527	     -0.0819053
	              0	              0	              0	              0	              0	              0	              0	              0	              0	              0	      0.0493589
cholIMIS 14
	        0.28902	      -0.218185	      -0.013216	     -0.0089514	    -0.00715808	     -0.0134964	    -0.00356698	        0.05128	       0.125742	      0.0545029	     -0.0484795
	              0	         0.5193	     0.00163702	     -0.0116014	     -0.0103399	    -0.00168693	     0.00598338	      0.0180647	     -0.0696068	     -0.0425567	     -0.0102974
	              0	              0	      0.0374252	     -0.0239636	    -0.00518605	    -0.00541017	     -0.0133347	      0.0252108	      0.0168875	     -0.0343607	      0.0155751
	              0	              0	              0	      0.0370453	      0.0102304	     0.00977228	     0.00302609	     -0.0540259	      0.0510255	      0.0248314	    -0.00621917
	              0	              0	              0	              0	      0.0350434	     0.00717574	     0.00969726	    -0.00200289	      0.0369266	      0.0340361	     -0.0614552
	              0	              0	              0	              0	              0	      0.0187835	      0.0212619	     -0.0418233	       0.070194	      0.0449715	     -0.0122315
	              0	              0	              0	              0	              0	              0	      0.0230931	     -0.0124182	      0.0526404	      0.0288617	     0.00868192
	              0	              0	              0	              0	              0	              0	              0	       0.105775	     -0.0979632	     -0.0768691	     -0.0602692
	              0	              0	              0	              0	              0	              0	              0	              0	       0.320415	      0.0118848	    -0.00387684
	              0	              0	              0	              0	              0	              0	              0	              0	              0	      0.0928392	      -0.082905
	              0	              0	              0	              0	              0	              0	              0	              0	              0	              0	      0.0616308
cholIMIS 15
	        0.20144	      -0.138517	    -0.00508093	     -0.0126733	    -0.00279776	    -0.00995832	    -0.00227611	       0.052503	     -0.0187476	      0.0069635	     -0.0330494
	              0	       0.742878	     0.00863096	    -0.00829705	     0.00723728	     0.00157721	    0.000288474	      0.0479874	      0.0544277	     -0.0617694	     -0.0799472
	              0	              0	      0.0415549	     -0.0426181	    0.000147926	    -0.00757289	     -0.0158402	      0.0874002	     -0.0864816	      -0.090272	      0.0158595
	              0	              0	              0	      0.0418194	     0.00905215	      0.0103587	    0.000912043	     -0.0952911	       0.132552	      0.0537625	    -0.00833046
	              0	              0	              0	              0	      0.0323185	     0.00454633	     0.00497744	       0.015632	   -0.000450009	      0.0296802	     -0.0829471
	              0	              0	              0	              0	              0	      0.0173275	      0.0192334	     -0.0316106	      0.0421729	      0.0273356	     -0.0122583
	              0	              0	              0	              0	              0	              0	      0.0198683	    0.000643057	     -0.0378007	      0.0218325	    -0.00968344
	              0	              0	              0	              0	              0	              0	              0	       0.110266	     -0.0333832	     -0.0684732	     -0.0748372
	              0	              0	              0	              0	              0	              0	              0	              0	       0.354135	      0.0426365	     -0.0483247
	              0	              0	              0	              0	              0	              0	              0	              0	              0	      0.0946892	     -0.0831452
	              0	              0	              0	              0	              0	              0	              0	              0	              0	              0	      0.0566373
cholIMIS 16
	       0.253309	      0.0480958	     -0.0185313	     0.00825566	     0.00740948	      0.0049702	      0.0166363	    -0.00154186	      -0.378088	      0.0383814	     -0.0728761
	              0	       0.483747	     0.00080198	     0.00678035	     0.00442347	     0.00337837	      0.0013046	     -0.0399565	    -0.00598962	     -0.0210499	     0.00888725
	              0	              0	      0.0361577	     -0.0319926	      0.0014425	    -0.00789889	     -0.0145905	      0.0638822	      -0.124809	     -0.0515823	     -0.0141657
	              0	              0	              0	      0.0332303	     0.00620979	      0.0114958	     0.00359508	     -0.0632551	      0.0496853	      0.0277961	    -0.00654889
	              0	              0	              0	              0	      0.0262469	     0.00739771	      0.0100715	      0.0230673	     -0.0591553	     -0.0219123	     -0.0360762
	              0	              0	              0	              0	              0	      0.0214202	      0.0270427	        -0.0371	      -0.121366	      0.0444107	     -0.0313247
	              0	              0	              0	              0	              0	              0	      0.0183585	     0.00471937	        0.01625	     0.00234982	     0.00334862
	              0	              0	              0	              0	              0	              0	              0	      0.0876988	      -0.154643	     -0.0753091	     -0.0416896
	              0	              0	              0	              0	              0	              0	              0	              0	       0.454155	      0.0317724	     -0.0231712
	              0	              0	              0	              0	              0	              0	              0	              0	              0	      0.0987054	     -0.0963848
	              0	              0	              0	              0	              0	              0	              0	              0	              0	              0	      0.0469143
cholIMIS 17
	       0.246588	       0.264198	     0.00467707	     -0.0335994	    -0.00665756	    -0.00107816	      0.0240335	      0.0903672	      -0.176038	     -0.0396231	     -0.0739087
	              0	       0.477601	     0.00039245	      0.0019124	   -0.000275318	     0.00641582	      0.0119371	     -0.0124053	     -0.0412134	     -0.0513936	      0.0142678
	              0	              0	      0.0440806	     -0.0553519	    -0.00148086	     -0.0032235	     0.00311467	       0.103016	      0.0875155	     0.00619653	      -0.101158
	              0	              0	              0	      0.0452141	     0.00507153	     0.00194884	     -0.0128155	     -0.0859256	     -0.0686811	     0.00430989	      0.0655037
	              0	              0	              0	              0	      0.0241269	     0.00627167	     0.00746344	     0.00261057	       0.123747	      0.0184141	     -0.0397798
	              0	              0	              0	              0	              0	      0.0172154	      0.0218061	    -0.00745497	      0.0115582	    0.000756963	     -0.0120982
	              0	              0	              0	              0	              0	              0	      0.0229377	      0.0237282	       0.076752	     0.00147037	     -0.0224618
	              0	              0	              0	              0	              0	              0	              0	      0.0904229	        -0.1073	     -0.0785771	     -0.0266371
	              0	              0	              0	              0	              0	              0	              0	              0	       0.451604	      0.0453584	     -0.0348941
	              0	              0	              0	              0	              0	              0	              0	              0	              0	       0.084669	     -0.0719187
	              0	              0	              0	              0	              0	              0	              0	              0	              0	              0	      0.0548662
cholIMIS 18
	       0.187496	     -0.0749989	    -0.00764457	   -0.000889811	     0.00552134	    -0.00358964	     0.00280892	      0.0297106	     -0.0333959	     -0.0105766	     -0.0174869
	              0	       0.527654	     -0.0110316	       0.026183	     0.00885301	      0.0074525	    -0.00326102	     -0.0534371	       0.310461	     -0.0441194	      0.0261573
	              0	              0	      0.0453582	     -0.0361617	    -0.00697681	    -0.00336903	    -0.00373778	      0.0111353	      -0.106013	     0.00825525	     0.00622817
	              0	              0	              0	      0.0398048	     0.00613032	     0.00305947	    -0.00708222	     -0.0422862	       0.125453	   -0.000889356	    0.000752061
	              0	              0	              0	              0	      0.0237099	     0.00263176	   -0.000997937	      0.0211576	      0.0713207	     -0.0262127	     -0.0164037
	              0	              0	              0	              0	              0	      0.0208109	       0.026348	     -0.0381255	     -0.0775482	      0.0134138	      0.0196059
	              0	              0	              0	              0	              0	              0	      0.0235553	      0.0108926	      -0.114981	      0.0248889	      -0.015422
	              0	              0	              0	              0	              0	              0	              0	      0.0955659	      0.0375949	     -0.0924706	     -0.0125369
	              0	              0	              0	              0	              0	              0	              0	              0	       0.373022	    -0.00459138	     0.00398925
	              0	              0	              0	              0	              0	              0	              0	              0	              0	       0.105802	      -0.101064
	              0	              0	              0	              0	              0	              0	              0	              0	              0	              0	      0.0620422
cholIMIS 19
	       0.218446	      -0.181163	     -0.0149102	     0.00253412	    0.000394644	    -0.00636014	     0.00519438	      0.0256226	      -0.053373	      0.0199547	      -0.024037
	              0	       0.457685	   -0.000622631	     0.00814675	     0.00949654	     0.00637111	     0.00980244	     -0.0370293	    -0.00397092	    -0.00289287	     -0.0218956
	              0	              0	      0.0448806	     -0.0341702	      -0.003885	    -0.00775099	     -0.0197288	      0.0549224	      -0.130491	     -0.0497064	    -0.00989698
	              0	              0	              0	       0.032737	     0.00408711	     0.00837106	     0.00284363	     -0.0427117	       0.033862	    -0.00417068	      0.0074258
	              0	              0	              0	              0	      0.0273281	     0.00612491	     0.00961186	     0.00216146	      -0.113017	      0.0162865	     -0.0469874
	              0	              0	              0	              0	              0	      0.0173029	      0.0232616	     -0.0152862	     -0.0650891	    -0.00236826	     0.00270307
	              0	              0	              0	              0	              0	              0	      0.0224052	      0.0236899	      -0.148719	   -0.000174953	     -0.0254412
	              0	              0	              0	              0	              0	              0	              0	      0.0928872	      -0.144162	     -0.0905694	     -0.0368557
	              0	              0	              0	              0	              0	              0	              0	              0	       0.423034	      0.0263058	    -0.00673126
	              0	              0	              0	              0	              0	              0	              0	              0	              0	        0.10612	     -0.0966115
	              0	              0	              0	              0	              0	              0	              0	              0	              0	              0	      0.0599499
