invIMIS 0
	              0	              0	              0	              0	              0	              0	              0	              0	              0	              0	              0
	              0	              0	              0	              0	              0	              0	              0	              0	              0	              0	              0
	              0	              0	              0	              0	              0	              0	              0	              0	              0	              0	              0
	              0	              0	              0	              0	              0	              0	              0	              0	              0	              0	              0
	              0	              0	              0	              0	              0	              0	              0	              0	              0	              0	              0
	              0	              0	              0	              0	              0	              0	              0	              0	              0	              0	              0
	              0	              0	              0	              0	              0	              0	              0	              0	              0	              0	              0
	              0	              0	              0	              0	              0	              0	              0	              0	              0	              0	              0
	              0	              0	              0	              0	              0	              0	              0	              0	              0	              0	              0
	              0	              0	              0	              0	              0	              0	              0	              0	              0	              0	              0
	              0	              0	              0	              0	              0	              0	              0	              0	              0	              0	              0
invIMIS 1
	        8.63232	      -0.239981	     0.00673425	       -1.49087	        2.02351	      -0.792542	       -2.26361	      -0.624622	     -0.0518799	       0.341203	       -0.70481
	      -0.239981	        1.96635	      0.0879721	       0.331698	        1.40703	      -0.998688	       -2.91053	      -0.763585	      0.0467513	       0.115458	      -0.193371
	     0.00673425	      0.0879721	        21.9709	      -0.658811	       -2.40686	         2.5503	        2.09446	        1.31847	       0.668497	      -0.631523	       0.714469
	       -1.49087	       0.331698	      -0.658811	        28.3556	       -2.65233	       -1.62019	        0.90695	       0.497449	      -0.195863	       0.566173	     0.00595089
	        2.02351	        1.40703	       -2.40686	       -2.65233	        355.078	        14.7817	        27.6565	        1.70177	       0.121921	       -7.98528	      -0.511072
	      -0.792542	      -0.998688	         2.5503	       -1.62019	        14.7817	        182.836	       -14.0744	      -0.320883	      -0.245154	        1.88549	       -5.00905
	       -2.26361	       -2.91053	        2.09446	        0.90695	        27.6565	       -14.0744	        437.208	       -8.77532	        1.04314	        6.82713	      -0.686646
	      -0.624622	      -0.763585	        1.31847	       0.497449	        1.70177	      -0.320883	       -8.77532	        19.6275	       0.128286	        1.07348	       -1.84131
	     -0.0518799	      0.0467513	       0.668497	      -0.195863	       0.121921	      -0.245154	        1.04314	       0.128286	        2.13765	      -0.142685	     -0.0917658
	       0.341203	       0.115458	      -0.631523	       0.566173	       -7.98528	        1.88549	        6.82713	        1.07348	      -0.142685	        12.1273	        1.57777
	       -0.70481	      -0.193371	       0.714469	     0.00595089	      -0.511072	       -5.00905	      -0.686646	       -1.84131	     -0.0917658	        1.57777	        22.6496
invIMIS 2
	        10.5799	        2.21838	        1.12554	       -2.37067	       -6.10329	        1.44778	       -11.2911	           -1.6	      -0.809124	        1.37502	        -3.6728
	        2.21838	         3.5201	      0.0610993	       0.239509	        6.90882	        -1.6131	       -7.60294	      -0.910731	        0.22747	       0.304949	       0.668848
	        1.12554	      0.0610993	        45.3229	        5.09452	       -3.76464	        9.71089	        24.2912	        1.19771	       0.799105	         -1.751	      -0.271805
	       -2.37067	       0.239509	        5.09452	        53.8258	       -18.3601	       -19.5791	       -49.5857	        8.79639	       0.631867	         4.4132	        6.37478
	       -6.10329	        6.90882	       -3.76464	       -18.3601	        806.744	        7.55284	       -26.2692	        13.5226	       -2.52168	       -6.60905	       -2.42559
	        1.44778	        -1.6131	        9.71089	       -19.5791	        7.55284	        357.898	        -147.94	        26.5988	      -0.830052	        4.50813	        1.76201
	       -11.2911	       -7.60294	        24.2912	       -49.5857	       -26.2692	        -147.94	        707.455	        30.4991	         6.4533	        14.4753	        27.1197
	           -1.6	      -0.910731	        1.19771	        8.79639	        13.5226	        26.5988	        30.4991	        38.7579	       0.304153	         1.3691	         -6.934
	      -0.809124	        0.22747	       0.799105	       0.631867	       -2.52168	      -0.830052	         6.4533	       0.304153	        4.86185	       0.191275	      -0.381036
	        1.37502	       0.304949	         -1.751	         4.4132	       -6.60905	        4.50813	        14.4753	         1.3691	       0.191275	        30.9115	        1.37374
	        -3.6728	       0.668848	      -0.271805	        6.37478	       -2.42559	        1.76201	        27.1197	         -6.934	      -0.381036	        1.37374	        47.3729
invIMIS 3
	        44.2384	        5.76825	        8.94401	        -9.8428	       -14.2513	        11.6866	       -8.85305	       -17.1324	       -9.32554	        2.75134	       -1.42612
	        5.76825	        3.65224	       0.881541	       -1.94831	       -5.58851	       -2.84086	        4.21915	       -2.47901	        1.34599	        4.59163	        2.79681
	        8.94401	       0.881541	        159.216	        37.3228	        122.217	       0.569228	        60.6255	        26.8445	       -3.47956	       -7.46216	       -9.85396
	        -9.8428	       -1.94831	        37.3228	        186.241	       -169.599	       -22.9448	        -37.668	        19.2655	        7.95317	        19.1956	        27.0493
	       -14.2513	       -5.58851	        122.217	       -169.599	        1492.42	       -30.1978	        256.651	        79.0559	        44.5833	        -74.528	        77.7937
	        11.6866	       -2.84086	       0.569228	       -22.9448	       -30.1978	        1224.42	       -319.897	        157.903	        6.34954	         32.839	        8.21146
	       -8.85305	        4.21915	        60.6255	        -37.668	        256.651	       -319.897	        736.583	        62.2526	        -7.8699	       -22.4346	        -35.393
	       -17.1324	       -2.47901	        26.8445	        19.2655	        79.0559	        157.903	        62.2526	        109.453	      -0.229649	        26.2868	       -8.63545
	       -9.32554	        1.34599	       -3.47956	        7.95317	        44.5833	        6.34954	        -7.8699	      -0.229649	        10.8947	        -7.4047	        9.99776
	        2.75134	        4.59163	       -7.46216	        19.1956	        -74.528	         32.839	       -22.4346	        26.2868	        -7.4047	        80.0639	        30.5214
	       -1.42612	        2.79681	       -9.85396	        27.0493	        77.7937	        8.21146	        -35.393	       -8.63545	        9.99776	        30.5214	        119.581
invIMIS 4
	        40.8761	        2.97287	        3.96144	       -2.36686	        20.4889	         24.537	       -60.5299	       -3.49393	       -5.30141	       -1.27959	       -9.19512
	        2.97287	        4.92677	      -0.843855	      -0.814002	          9.842	        9.21423	       -5.29996	        4.68974	       0.476678	        2.97249	       -3.87545
	        3.96144	      -0.843855	        188.322	        66.5954	        54.4557	       -9.20407	        72.2273	        23.0768	      0.0637586	        5.76902	        11.5309
	       -2.36686	      -0.814002	        66.5954	        229.298	       -113.542	       -26.5191	       -38.8064	        38.7531	        5.23872	        20.6022	        31.7922
	        20.4889	          9.842	        54.4557	       -113.542	         1218.2	       -141.601	        421.789	        74.1244	        19.7409	         3.6961	        35.8204
	         24.537	        9.21423	       -9.20407	       -26.5191	       -141.601	        1256.22	       -300.136	        107.159	        7.60548	        30.9608	        50.3788
	       -60.5299	       -5.29996	        72.2273	       -38.8064	        421.789	       -300.136	        1025.98	        92.1322	        1.86478	       -33.6734	        -24.577
	       -3.49393	        4.68974	        23.0768	        38.7531	        74.1244	        107.159	        92.1322	        88.7981	      -0.778968	        33.1436	        37.7913
	       -5.30141	       0.476678	      0.0637586	        5.23872	        19.7409	        7.60548	        1.86478	      -0.778968	        12.4002	       -3.75589	        9.00139
	       -1.27959	        2.97249	        5.76902	        20.6022	         3.6961	        30.9608	       -33.6734	        33.1436	       -3.75589	        79.1131	        19.5271
	       -9.19512	       -3.87545	        11.5309	        31.7922	        35.8204	        50.3788	        -24.577	        37.7913	        9.00139	        19.5271	         111.63
invIMIS 5
	        90.4476	        11.7525	        9.60443	       -16.0323	       -47.2633	        65.6683	       -80.6518	        21.7935	       -15.6408	        10.7475	       -35.8747
	        11.7525	        13.5289	       -9.31262	       0.497639	        20.4902	        11.2348	        -34.715	        11.3569	       0.833333	        14.5575	       -1.51472
	        9.60443	       -9.31262	        623.477	        398.122	        -68.272	       -124.413	        288.692	        83.0194	        2.23405	         31.946	        49.0876
	       -16.0323	       0.497639	        398.122	        679.956	       -14.6126	        -221.36	       -4.02707	        144.534	      -0.995647	        70.6558	         98.853
	       -47.2633	        20.4902	        -68.272	       -14.6126	        1784.62	        -244.28	        256.335	        152.868	        57.7279	        187.517	        99.8615
	        65.6683	        11.2348	       -124.413	        -221.36	        -244.28	        3917.27	       -1038.21	        416.517	       -19.3648	        238.951	        169.502
	       -80.6518	        -34.715	        288.692	       -4.02707	        256.335	       -1038.21	        1192.64	       -182.807	        28.2654	       -153.819	       -154.261
	        21.7935	        11.3569	        83.0194	        144.534	        152.868	        416.517	       -182.807	        207.103	      -0.100504	        143.848	        129.156
	       -15.6408	       0.833333	        2.23405	      -0.995647	        57.7279	       -19.3648	        28.2654	      -0.100504	        13.0153	        4.62782	        14.7327
	        10.7475	        14.5575	         31.946	        70.6558	        187.517	        238.951	       -153.819	        143.848	        4.62782	        167.341	        123.032
	       -35.8747	       -1.51472	        49.0876	         98.853	        99.8615	        169.502	       -154.261	        129.156	        14.7327	        123.032	        213.604
invIMIS 6
	        49.8162	        6.27234	        9.64933	        14.6787	       -22.4101	        91.8878	       -60.9578	      -0.665966	      -0.226517	       -1.51671	       -17.6043
	        6.27234	        10.1467	       -5.55622	        11.3228	       -1.44489	        6.32493	       -45.6376	        8.85628	        3.65623	        12.2295	        9.59735
	        9.64933	       -5.55622	        679.102	         427.18	        3.18402	       -154.732	        355.258	         89.328	        6.16987	        40.9918	        37.2874
	        14.6787	        11.3228	         427.18	        700.933	       -35.0635	       -136.404	        30.4492	        182.574	       -5.92303	         125.62	        96.8029
	       -22.4101	       -1.44489	        3.18402	       -35.0635	        1093.03	       -59.5142	        299.082	        97.1468	        31.8209	        114.576	        167.213
	        91.8878	        6.32493	       -154.732	       -136.404	       -59.5142	        4039.23	       -1394.69	        447.591	       -12.7137	        336.358	        156.562
	       -60.9578	       -45.6376	        355.258	        30.4492	        299.082	       -1394.69	        1676.89	       -95.1158	        18.4679	       -123.775	       -39.4179
	      -0.665966	        8.85628	         89.328	        182.574	        97.1468	        447.591	       -95.1158	        246.531	        4.59663	        151.671	        155.771
	      -0.226517	        3.65623	        6.16987	       -5.92303	        31.8209	       -12.7137	        18.4679	        4.59663	        11.1261	        1.79431	        17.4242
	       -1.51671	        12.2295	        40.9918	         125.62	        114.576	        336.358	       -123.775	        151.671	        1.79431	         172.93	         105.35
	       -17.6043	        9.59735	        37.2874	        96.8029	        167.213	        156.562	       -39.4179	        155.771	        17.4242	         105.35	        167.389
invIMIS 7
	        51.9226	        6.20818	        68.9418	        13.9443	       -95.1353	        334.167	       -138.492	        52.3641	        -1.1418	        25.5392	        18.6876
	        6.20818	        9.98969	       -1.21252	        5.45594	       -37.4591	        42.3467	       -22.8337	        20.1739	      -0.221273	        21.6052	        4.91367
	        68.9418	       -1.21252	        1394.33	        1007.29	        115.639	        115.262	        348.584	        280.975	       -9.07533	        216.459	         163.98
	        13.9443	        5.45594	        1007.29	        1537.21	       -142.211	       -181.025	        347.218	        438.533	       -33.4851	        293.948	        211.156
	       -95.1353	       -37.4591	        115.639	       -142.211	        1368.86	       -1001.33	        510.207	       -55.6756	        21.4476	         55.572	        61.4564
	        334.167	        42.3467	        115.262	       -181.025	       -1001.33	        8209.85	       -3414.38	        875.103	       -66.5669	        425.536	        184.426
	       -138.492	       -22.8337	        348.584	        347.218	        510.207	       -3414.38	         2280.7	       -267.526	        34.5109	        -181.92	       -76.1007
	        52.3641	        20.1739	        280.975	        438.533	       -55.6756	        875.103	       -267.526	        438.184	       -20.1569	        292.082	        252.849
	        -1.1418	      -0.221273	       -9.07533	       -33.4851	        21.4476	       -66.5669	        34.5109	       -20.1569	          8.604	       -3.90412	        4.25786
	        25.5392	        21.6052	        216.459	        293.948	         55.572	        425.536	        -181.92	        292.082	       -3.90412	        280.819	        213.168
	        18.6876	        4.91367	         163.98	        211.156	        61.4564	        184.426	       -76.1007	        252.849	        4.25786	        213.168	        266.287
invIMIS 8
	        41.4852	        7.14216	        8.26254	        3.51205	       -84.5922	        44.1865	       -3.65971	       -1.33087	       0.100381	       -10.9075	        3.40316
	        7.14216	        12.6396	       0.767527	       -1.12353	       -26.8931	        7.83536	       -6.58699	        7.84615	       0.320016	        9.42735	        -4.3228
	        8.26254	       0.767527	        259.316	        30.8605	       -13.0189	        23.5803	        111.737	        1.69371	        1.39352	        1.02202	        7.70117
	        3.51205	       -1.12353	        30.8605	        268.327	       -8.97776	       -88.6758	       -19.6422	        40.1345	       -2.34852	        22.7673	        18.3938
	       -84.5922	       -26.8931	       -13.0189	       -8.97776	        996.064	       -244.973	       -67.6379	       -44.2339	       -16.4312	        55.1591	        132.344
	        44.1865	        7.83536	        23.5803	       -88.6758	       -244.973	        2011.12	       -656.598	        123.825	       -16.4497	        7.61556	       -39.2472
	       -3.65971	       -6.58699	        111.737	       -19.6422	       -67.6379	       -656.598	        970.007	        10.3688	        19.6698	       -43.9444	         45.691
	       -1.33087	        7.84615	        1.69371	        40.1345	       -44.2339	        123.825	        10.3688	        127.458	        -2.6473	        52.1897	        45.3534
	       0.100381	       0.320016	        1.39352	       -2.34852	       -16.4312	       -16.4497	        19.6698	        -2.6473	        10.7067	       0.941215	         12.317
	       -10.9075	        9.42735	        1.02202	        22.7673	        55.1591	        7.61556	       -43.9444	        52.1897	       0.941215	         88.575	         57.884
	        3.40316	        -4.3228	        7.70117	        18.3938	        132.344	       -39.2472	         45.691	        45.3534	         12.317	         57.884	        113.156
invIMIS 9
	        38.9163	        4.08601	        31.0111	        22.9569	       -68.5818	        240.664	       -144.283	        22.2401	       -11.0478	       -9.67321	       -7.78376
	        4.08601	        11.7081	        10.3108	        12.9723	       -35.5396	        52.9573	       -77.6297	        17.2437	       -6.93023	        15.1883	       -7.38368
	        31.0111	        10.3108	        1081.99	        600.217	       -73.9463	       -184.692	        382.228	        109.637	       -11.1066	        99.1676	        40.6988
	        22.9569	        12.9723	        600.217	        1141.66	       -43.1834	        82.2633	        -84.468	        395.012	       -4.33705	        255.007	        253.513
	       -68.5818	       -35.5396	       -73.9463	       -43.1834	         1506.8	       -987.212	        320.264	       -132.911	        15.6979	        57.7456	        214.607
	        240.664	        52.9573	       -184.692	        82.2633	       -987.212	        8231.43	       -3417.63	        963.323	       -90.4081	        602.901	        167.475
	       -144.283	       -77.6297	        382.228	        -84.468	        320.264	       -3417.63	        2842.68	       -373.899	        52.8603	       -412.049	       -151.903
	        22.2401	        17.2437	        109.637	        395.012	       -132.911	        963.323	       -373.899	        501.612	       -24.3794	        318.717	        256.669
	       -11.0478	       -6.93023	       -11.1066	       -4.33705	        15.6979	       -90.4081	        52.8603	       -24.3794	        14.7085	       -13.8045	        4.77159
	       -9.67321	        15.1883	        99.1676	        255.007	        57.7456	        602.901	       -412.049	        318.717	       -13.8045	        313.444	        231.636
	       -7.78376	       -7.38368	        40.6988	        253.513	        214.607	        167.475	       -151.903	        256.669	        4.77159	        231.636	        287.023
invIMIS 10
	        45.6535	        13.0235	       0.667562	        9.03542	        -6.2197	        95.3561	        -2.8744	        3.91527	        2.31313	       -7.80272	        5.91078
	        13.0235	         15.881	       -3.86851	        8.59073	       -10.8726	       -18.2165	       -7.12131	         12.217	        3.68456	        8.54491	       -3.73548
	       0.667562	       -3.86851	        528.692	         213.63	       -11.9745	        -36.448	         221.76	        52.7995	     -0.0180691	        32.6703	        14.6036
	        9.03542	        8.59073	         213.63	        530.513	        89.1634	       -187.969	        47.3595	            119	        2.02775	         81.182	        93.6612
	        -6.2197	       -10.8726	       -11.9745	        89.1634	        1044.23	         15.049	        170.843	        81.6381	       -0.98518	        79.2028	        84.6332
	        95.3561	       -18.2165	        -36.448	       -187.969	         15.049	        3480.85	       -1004.19	        399.368	       -30.5231	        197.608	        145.152
	        -2.8744	       -7.12131	         221.76	        47.3595	        170.843	       -1004.19	        1256.03	       -143.602	       -10.1448	       -164.783	       -87.4008
	        3.91527	         12.217	        52.7995	            119	        81.6381	        399.368	       -143.602	        202.896	      -0.449839	        143.878	        100.681
	        2.31313	        3.68456	     -0.0180691	        2.02775	       -0.98518	       -30.5231	       -10.1448	      -0.449839	        13.8988	         0.1602	       -1.27914
	       -7.80272	        8.54491	        32.6703	         81.182	        79.2028	        197.608	       -164.783	        143.878	         0.1602	        153.036	        102.394
	        5.91078	       -3.73548	        14.6036	        93.6612	        84.6332	        145.152	       -87.4008	        100.681	       -1.27914	        102.394	        136.035
invIMIS 11
	        56.5716	        7.48346	        33.0756	       -31.6615	       -87.0486	        378.855	       -174.408	        18.4869	       -18.5954	       -14.5622	       -20.5394
	        7.48346	        14.4267	       -7.16214	         1.6568	       -51.4439	           79.1	       -48.2925	        36.2913	       -6.85909	         31.591	        4.23351
	        33.0756	       -7.16214	        1520.62	        840.261	       -144.776	       -943.379	        706.666	        23.5928	       -1.58133	        64.1778	        17.6425
	       -31.6615	         1.6568	        840.261	        1584.94	        31.0164	       -458.131	        166.523	        360.802	         -1.693	        261.328	        211.018
	       -87.0486	       -51.4439	       -144.776	        31.0164	         1967.7	       -1529.31	        855.379	       -20.0877	         62.569	        55.2097	        325.237
	        378.855	           79.1	       -943.379	       -458.131	       -1529.31	        10649.5	       -4724.33	        1272.33	       -34.2014	        680.487	         448.83
	       -174.408	       -48.2925	        706.666	        166.523	        855.379	       -4724.33	        3477.44	       -547.995	        76.2926	       -403.757	       -92.9463
	        18.4869	        36.2913	        23.5928	        360.802	       -20.0877	        1272.33	       -547.995	        624.989	       -15.2724	         413.57	        322.501
	       -18.5954	       -6.85909	       -1.58133	         -1.693	         62.569	       -34.2014	        76.2926	       -15.2724	         21.199	       -5.40443	        17.4448
	       -14.5622	         31.591	        64.1778	        261.328	        55.2097	        680.487	       -403.757	         413.57	       -5.40443	        378.864	        274.982
	       -20.5394	        4.23351	        17.6425	        211.018	        325.237	         448.83	       -92.9463	        322.501	        17.4448	        274.982	        309.098
invIMIS 12
	        40.2628	        5.55564	        9.61284	       -14.4823	       -3.61152	        156.303	       -49.0403	        10.4075	        4.37754	       -4.32258	     -0.0860592
	        5.55564	        10.2709	       -12.4182	        8.05633	        54.5173	        41.9711	       -15.9583	        17.8121	      -0.489941	        20.7909	        9.11753
	        9.61284	       -12.4182	            921	        564.977	        149.457	         -300.4	        405.509	         125.64	        -1.8122	        61.0319	        92.7622
	       -14.4823	        8.05633	        564.977	        1009.93	       -79.8059	       -168.792	         123.51	        257.253	       -4.69161	        157.232	        127.111
	       -3.61152	        54.5173	        149.457	       -79.8059	        1571.76	       -283.989	        142.041	        91.1957	        33.7142	        231.951	        90.7992
	        156.303	        41.9711	         -300.4	       -168.792	       -283.989	        5842.17	       -2115.43	        698.063	       -39.7884	        387.273	        234.935
	       -49.0403	       -15.9583	        405.509	         123.51	        142.041	       -2115.43	        1558.29	       -207.404	        6.88319	       -171.933	       -108.808
	        10.4075	        17.8121	         125.64	        257.253	        91.1957	        698.063	       -207.404	        333.341	       -4.11646	        229.478	        183.084
	        4.37754	      -0.489941	        -1.8122	       -4.69161	        33.7142	       -39.7884	        6.88319	       -4.11646	        7.79468	       -4.53343	        -1.2766
	       -4.32258	        20.7909	        61.0319	        157.232	        231.951	        387.273	       -171.933	        229.478	       -4.53343	        251.034	        186.262
	     -0.0860592	        9.11753	        92.7622	        127.111	        90.7992	        234.935	       -108.808	        183.084	        -1.2766	        186.262	        204.289
invIMIS 13
	        37.1987	       -4.61711	         48.296	        16.9727	       -14.5565	        328.018	       -129.344	        17.0835	        2.02574	       -8.92532	         1.7301
	       -4.61711	        12.0244	       -3.80801	        12.5236	        15.6197	         2.4435	        7.23681	        24.1391	       0.326727	        29.6923	        18.1199
	         48.296	       -3.80801	        1736.08	        1374.71	        15.5877	        -416.88	        402.198	        314.996	       -29.0475	        211.662	        201.255
	        16.9727	        12.5236	        1374.71	        1808.39	       -26.2743	       -146.741	        294.473	        485.773	        13.0558	        357.725	        320.256
	       -14.5565	        15.6197	        15.5877	       -26.2743	        1477.63	       -389.761	       -285.059	        18.7433	        24.8721	        111.657	        164.893
	        328.018	         2.4435	        -416.88	       -146.741	       -389.761	        10592.3	        -4601.8	        1489.45	       -21.2029	        829.805	        820.124
	       -129.344	        7.23681	        402.198	        294.473	       -285.059	        -4601.8	        3455.44	       -492.072	        14.1253	       -339.614	       -326.067
	        17.0835	        24.1391	        314.996	        485.773	        18.7433	        1489.45	       -492.072	        615.656	        12.8567	        446.633	        428.959
	        2.02574	       0.326727	       -29.0475	        13.0558	        24.8721	       -21.2029	        14.1253	        12.8567	        11.4624	        3.37768	        16.8166
	       -8.92532	        29.6923	        211.662	        357.725	        111.657	        829.805	       -339.614	        446.633	        3.37768	        424.326	        357.446
	         1.7301	        18.1199	        201.255	        320.256	        164.893	        820.124	       -326.067	        428.959	        16.8166	        357.446	        410.459
invIMIS 14
	         34.086	        2.16841	         40.159	       -3.93703	        30.2136	        130.863	       -25.7643	       -29.0155	       -4.84582	       -25.7743	       0.626739
	        2.16841	        7.42895	        3.91485	        27.6572	        29.1207	        62.1749	       -50.8532	        33.5878	       0.404261	        28.9686	        24.5962
	         40.159	        3.91485	        1297.29	         723.64	       -68.4267	        -609.24	        596.112	        106.636	       -18.7255	         91.748	        37.7565
	       -3.93703	        27.6572	         723.64	        1268.07	       -90.8007	         -540.1	        291.237	        348.605	       -4.26356	        218.708	         166.55
	        30.2136	        29.1207	       -68.4267	       -90.8007	        1164.68	       -132.804	       -187.933	        138.126	       -6.74553	        94.9292	         198.65
	        130.863	        62.1749	        -609.24	         -540.1	       -132.804	        6711.86	       -2523.49	        846.534	       -9.45449	        530.688	        570.425
	       -25.7643	       -50.8532	        596.112	        291.237	       -187.933	       -2523.49	        2172.99	       -284.034	       -9.51619	       -279.885	       -210.403
	       -29.0155	        33.5878	        106.636	        348.605	        138.126	        846.534	       -284.034	        532.007	      -0.596502	        362.281	        315.736
	       -4.84582	       0.404261	       -18.7255	       -4.26356	       -6.74553	       -9.45449	       -9.51619	      -0.596502	        10.0163	       -9.24611	       -5.53491
	       -25.7743	        28.9686	         91.748	        218.708	        94.9292	        530.688	       -279.885	        362.281	       -9.24611	        325.965	        235.101
	       0.626739	        24.5962	        37.7565	         166.55	         198.65	        570.425	       -210.403	        315.736	       -5.53491	        235.101	        263.272
invIMIS 15
	        37.5152	        2.80079	        38.8736	        29.2552	        7.65476	         177.06	        -44.312	        11.8592	      -0.957231	        8.28345	        19.7005
	        2.80079	        5.36745	        8.31824	        32.2338	        14.8676	         55.772	       -24.4531	        36.2371	      -0.695601	        32.2454	        29.3118
	        38.8736	        8.31824	        1829.75	         1124.7	       -228.782	       -1015.57	        940.045	        189.916	       -9.45516	        174.022	        93.8573
	        29.2552	        32.2338	         1124.7	        1664.89	         45.514	       -343.585	        395.897	        603.768	       -7.33636	        342.437	         339.76
	        7.65476	        14.8676	       -228.782	         45.514	        1505.34	       -163.629	        49.6581	        229.021	        25.9908	        129.677	        296.921
	         177.06	         55.772	       -1015.57	       -343.585	       -163.629	        8300.01	       -3355.85	        998.106	       -29.6704	        691.696	        625.559
	        -44.312	       -24.4531	        940.045	        395.897	        49.6581	       -3355.85	        2829.89	       -262.345	        28.7798	       -275.845	       -143.072
	        11.8592	        36.2371	        189.916	        603.768	        229.021	        998.106	       -262.345	        595.232	        6.38352	        402.785	        384.463
	      -0.957231	      -0.695601	       -9.45516	       -7.33636	        25.9908	       -29.6704	        28.7798	        6.38352	        9.88503	       -5.01328	        9.58305
	        8.28345	        32.2454	        174.022	        342.437	        129.677	        691.696	       -275.845	        402.785	       -5.01328	        351.895	        273.736
	        19.7005	        29.3118	        93.8573	         339.76	        296.921	        625.559	       -143.072	        384.463	        9.58305	        273.736	        311.741
invIMIS 16
	        45.7852	       0.985181	         91.601	        24.2212	       -39.8004	        251.635	       -87.3661	        41.8007	        8.48102	        14.8042	        41.1582
	       0.985181	        10.0797	        18.0481	        51.3252	        8.76334	        110.937	       -29.1115	        71.2747	      -0.827942	        51.6369	        43.0958
	         91.601	        18.0481	        2241.91	        1574.17	       -140.464	       -1043.41	        1081.56	        364.934	       -2.46016	        295.283	        260.563
	        24.2212	        51.3252	        1574.17	         2300.2	       -62.6997	       -584.454	        644.652	          829.3	       -20.6355	        535.392	        450.764
	       -39.8004	        8.76334	       -140.464	       -62.6997	         2059.6	       -353.952	       -205.461	        186.523	       -15.7272	        304.567	        272.471
	        251.635	        110.937	       -1043.41	       -584.454	       -353.952	        10567.2	       -4522.84	        1659.58	        38.2969	        952.022	        1066.81
	       -87.3661	       -29.1115	        1081.56	        644.652	       -205.461	       -4522.84	        3166.79	       -426.823	       0.229995	       -302.147	       -282.607
	        41.8007	        71.2747	        364.934	          829.3	        186.523	        1659.58	       -426.823	        948.978	       -6.81547	        644.884	        583.116
	        8.48102	      -0.827942	       -2.46016	       -20.6355	       -15.7272	        38.2969	       0.229995	       -6.81547	        5.48657	       -14.8534	       -7.85747
	        14.8042	        51.6369	        295.283	        535.392	        304.567	        952.022	       -302.147	        644.884	       -14.8534	        535.876	        443.666
	        41.1582	        43.0958	        260.563	        450.764	        272.471	        1066.81	       -282.607	        583.116	       -7.85747	        443.666	        454.349
invIMIS 17
	        40.7066	       -4.95287	        43.7652	        6.12647	        7.24125	        163.012	       -100.792	       -2.60572	         5.7294	       -5.17163	        13.3574
	       -4.95287	         8.8965	        -10.628	        20.4994	        17.6924	         31.508	       -34.6398	        40.0575	        -1.0896	        36.2992	        24.0808
	        43.7652	        -10.628	         1476.7	        729.632	       -126.615	       -468.043	        543.013	        20.9318	       0.331454	        23.9662	        76.5431
	        6.12647	        20.4994	        729.632	        1233.43	        -297.37	       -199.407	        295.692	        399.789	       -1.35298	        214.686	        81.9564
	        7.24125	        17.6924	       -126.615	        -297.37	        2253.47	       -917.021	        194.961	        111.966	       -21.7127	        120.467	        212.397
	        163.012	         31.508	       -468.043	       -199.407	       -917.021	           7605	       -2867.99	        773.693	        10.4785	            490	        414.923
	       -100.792	       -34.6398	        543.013	        295.692	        194.961	       -2867.99	        2173.26	        -242.08	       -15.0839	       -100.368	       -35.4463
	       -2.60572	        40.0575	        20.9318	        399.789	        111.966	        773.693	        -242.08	        555.399	       -7.42163	        393.299	         339.89
	         5.7294	        -1.0896	       0.331454	       -1.35298	       -21.7127	        10.4785	       -15.0839	       -7.42163	        6.33195	       -16.2809	       -2.67298
	       -5.17163	        36.2992	        23.9662	        214.686	        120.467	            490	       -100.368	        393.299	       -16.2809	        379.169	        282.168
	        13.3574	        24.0808	        76.5431	        81.9564	        212.397	        414.923	       -35.4463	         339.89	       -2.67298	        282.168	        332.193
invIMIS 18
	        35.4263	         1.6731	        24.1173	        14.9319	       -63.0594	        128.206	       -64.6526	        11.1284	       0.170622	        13.2739	        10.3094
	         1.6731	         8.5509	        2.83638	        17.7241	       0.387779	        22.6312	       -20.4872	        33.0629	       -2.72832	        25.5222	        17.2579
	        24.1173	        2.83638	        1009.84	        672.687	        75.8764	       -251.541	        328.319	        110.695	        4.60319	        54.3721	        45.4578
	        14.9319	        17.7241	        672.687	        1106.85	        -160.24	        40.6652	        82.5702	        370.057	       -14.1977	        239.223	        199.172
	       -63.0594	       0.387779	        75.8764	        -160.24	        2149.69	       -756.377	        205.004	        27.5806	        -14.881	        134.576	        158.019
	        128.206	        22.6312	       -251.541	        40.6652	       -756.377	        7258.03	        -3226.3	        925.966	       -20.7835	        624.264	        373.861
	       -64.6526	       -20.4872	        328.319	        82.5702	        205.004	        -3226.3	        2377.76	       -418.442	        34.5715	       -336.574	       -217.519
	        11.1284	        33.0629	        110.695	        370.057	        27.5806	        925.966	       -418.442	        482.593	       -1.47722	        347.826	        274.093
	       0.170622	       -2.72832	        4.60319	       -14.1977	        -14.881	       -20.7835	        34.5715	       -1.47722	        7.20054	        1.36335	       0.276158
	        13.2739	        25.5222	        54.3721	        239.223	        134.576	        624.264	       -336.574	        347.826	        1.36335	        326.378	        248.158
	        10.3094	        17.2579	        45.4578	        199.172	        158.019	        373.861	       -217.519	        274.093	       0.276158	        248.158	        259.792
invIMIS 19
	        34.4102	        4.80797	        27.5345	       -8.04048	       -23.7837	        204.413	       -79.8971	        8.91504	       0.405365	        7.53458	        11.2191
	        4.80797	        9.75831	      -0.784646	        33.1555	       -7.02896	        74.0978	       -40.6373	        49.0771	       -1.68919	         33.758	        29.7166
	        27.5345	      -0.784646	        1593.46	        1091.43	        123.192	       -1052.11	        881.426	        176.707	        11.9525	        176.421	        161.953
	       -8.04048	        33.1555	        1091.43	        1762.76	        103.321	        -595.23	        199.655	        548.968	        -14.101	        361.994	        305.214
	       -23.7837	       -7.02896	        123.192	        103.321	        1795.21	        -620.62	        33.8456	        167.049	        11.8546	         96.106	        203.841
	        204.413	        74.0978	       -1052.11	        -595.23	        -620.62	        8703.87	       -3467.44	        941.495	       -39.0095	        588.695	        405.493
	       -79.8971	       -40.6373	        881.426	        199.655	        33.8456	       -3467.44	        2467.95	       -325.606	        40.0298	       -224.547	       -116.545
	        8.91504	        49.0771	        176.707	        548.968	        167.049	        941.495	       -325.606	        612.912	       -10.0091	         387.38	        339.816
	       0.405365	       -1.68919	        11.9525	        -14.101	        11.8546	       -39.0095	        40.0298	       -10.0091	        6.39218	       -15.8316	       -11.3245
	        7.53458	         33.758	        176.421	        361.994	         96.106	        588.695	       -224.547	         387.38	       -15.8316	        319.412	        253.311
	        11.2191	        29.7166	        161.953	        305.214	        203.841	        405.493	       -116.545	        339.816	       -11.3245	        253.311	        278.243
