Male deaths
1288.06	1682.06	1717.76	1701.23	1684.37	1943.59	2340.35	2495.92	2778.91	2824.50	2669.56	2674.06	2285.78	2007.30	1737.96	1828.76	1642.63	1651.01	1591.57	1490.30	1208.94	1213.95
298.72	343.32	382.08	413.23	512.37	536.03	629.50	640.18	790.01	781.56	828.42	809.58	613.88	683.93	502.10	542.32	440.73	419.27	382.89	336.00	272.44	282.92
112.89	132.58	129.99	139.23	153.46	162.07	225.42	276.45	281.97	322.40	269.71	290.30	235.27	238.48	219.55	229.49	208.35	151.22	186.88	143.15	117.62	124.15
124.69	100.55	113.38	126.51	136.31	137.03	169.49	160.95	194.19	223.75	225.59	215.91	240.30	222.91	197.40	202.76	198.17	176.79	180.39	170.73	132.70	142.69
225.68	247.33	271.16	254.82	301.48	300.15	343.56	337.27	300.20	311.62	330.87	341.38	379.91	309.27	302.61	262.74	334.54	303.35	308.45	313.89	245.30	277.87
476.54	558.11	592.23	620.46	564.01	654.55	734.89	755.46	696.03	781.05	853.52	803.55	770.15	695.49	613.60	600.54	629.60	589.12	571.23	561.44	530.80	515.62
744.15	811.66	982.33	996.63	1159.53	1387.95	1579.78	1654.18	1612.62	1530.25	1606.01	1571.03	1527.19	1390.86	1203.57	1140.13	1065.16	1015.40	1104.91	1005.66	879.65	828.92
746.29	976.84	1182.41	1384.00	1554.94	1799.31	2206.14	2333.12	2338.33	2512.84	2594.75	2384.90	2180.27	1966.07	1716.77	1570.39	1560.51	1504.01	1418.07	1400.41	1236.11	1102.07
813.46	952.63	1173.46	1340.69	1607.95	1856.55	2152.97	2243.59	2425.98	2581.83	2638.13	2633.25	2490.67	2088.65	1911.53	1758.68	1716.54	1603.03	1503.96	1332.10	1221.45	1183.95
777.41	970.92	1043.04	1233.63	1369.16	1560.80	1961.73	2061.86	2314.88	2449.74	2353.38	2312.89	2138.34	2006.52	1745.72	1660.47	1681.64	1579.67	1423.74	1395.61	1234.52	1132.08
791.75	915.24	1132.22	1135.42	1323.35	1365.47	1723.43	1771.40	1881.95	2054.52	1945.64	2069.90	2043.82	1883.05	1646.78	1559.10	1482.06	1391.17	1346.38	1251.50	1090.76	1118.62
709.02	779.47	858.63	1111.21	1157.07	1377.46	1578.14	1573.13	1662.13	1842.54	1849.85	1849.96	1884.37	1705.79	1553.95	1474.43	1419.73	1512.93	1326.06	1351.71	1176.21	1166.29
790.23	834.43	946.92	906.03	972.00	1024.97	1150.76	1201.86	1405.54	1496.67	1617.01	1647.86	1670.18	1500.30	1504.81	1493.53	1432.87	1424.24	1404.92	1379.24	1182.24	1219.15
659.37	764.66	797.84	920.37	941.61	1073.36	1210.15	1190.30	1098.56	1187.31	1211.88	1181.60	1321.71	1372.95	1431.45	1374.09	1464.23	1434.76	1476.50	1432.31	1344.10	1376.66
775.68	771.02	723.17	699.95	737.04	805.89	971.55	1064.98	1099.51	1185.08	1230.22	1216.20	1227.23	1108.54	1087.32	1127.34	1041.54	1129.02	1184.62	1312.34	1161.13	1363.26
627.11	782.29	779.79	813.77	881.65	845.48	804.99	771.76	696.44	779.41	840.16	919.88	1099.97	1025.18	1042.32	1069.27	1090.46	992.83	1092.72	1068.17	924.40	975.30
715.82	715.47	671.26	649.64	632.94	680.53	764.87	736.49	779.52	825.57	790.07	770.25	743.42	677.21	641.77	715.20	794.57	820.41	869.94	925.29	835.41	847.73
427.36	537.57	510.31	579.22	652.81	613.88	651.83	566.96	546.67	529.25	560.47	532.24	651.52	670.15	619.38	587.49	526.13	571.99	533.58	551.09	489.59	583.50
233.85	239.68	289.67	311.25	313.08	291.76	335.51	362.62	383.68	444.52	461.21	413.12	465.52	379.56	343.56	338.94	386.39	417.20	432.35	435.49	381.01	383.14
111.63	147.94	137.07	158.23	216.52	203.65	275.66	246.94	233.01	277.72	279.73	308.64	414.24	342.40	404.86	319.08	337.99	339.82	323.52	358.54	309.64	327.13
Female deaths
1074.41	1395.98	1502.13	1481.06	1574.84	1782.30	1984.45	2163.37	2418.28	2380.57	2391.79	2349.90	1925.63	1682.27	1460.26	1446.85	1417.19	1495.75	1348.68	1195.06	1046.57	998.13
288.79	334.79	369.74	408.49	467.51	532.02	540.73	635.47	714.53	771.03	700.44	681.90	580.35	602.36	410.56	491.68	386.73	318.90	313.32	263.87	215.23	226.73
93.17	111.06	137.71	119.58	127.95	177.51	179.12	226.06	236.36	253.62	247.24	248.31	234.37	232.68	180.49	228.57	163.24	141.59	115.15	121.66	90.10	99.57
101.77	91.32	116.08	121.21	99.88	120.22	140.44	149.18	181.17	157.94	190.19	172.27	188.30	237.19	169.46	167.78	136.30	143.14	148.65	125.21	114.12	114.14
210.88	241.97	263.26	297.99	347.72	388.94	412.83	402.61	444.08	456.52	420.41	384.67	438.84	333.27	333.42	299.94	315.13	269.25	272.36	262.89	240.26	242.77
388.49	543.33	663.69	786.19	863.95	1097.90	1281.99	1384.73	1358.15	1522.08	1386.08	1267.83	1160.85	1002.17	847.02	741.13	676.61	594.07	533.16	525.83	426.46	385.33
457.70	671.53	931.97	1226.64	1534.68	1887.58	2231.65	2375.63	2537.97	2508.54	2400.56	2250.13	2103.39	1819.29	1540.08	1410.35	1203.78	1094.15	968.56	847.05	717.77	643.86
495.30	640.43	884.23	1158.86	1463.07	1856.84	2269.62	2579.67	2828.63	2945.83	2721.73	2633.30	2187.98	1941.54	1626.75	1450.00	1373.72	1316.92	1196.16	1097.40	900.39	880.32
446.63	573.30	751.45	995.83	1187.09	1486.92	1807.61	2008.73	2321.79	2394.62	2276.02	2250.39	2003.96	1736.30	1510.05	1404.13	1298.45	1180.22	1103.55	1049.34	901.97	911.87
433.69	582.43	669.44	777.72	913.35	1098.62	1386.69	1589.89	1816.01	1920.03	1889.64	1739.60	1698.91	1485.89	1349.26	1182.45	1164.85	1013.31	1023.28	1021.06	867.93	874.45
407.17	525.42	648.86	722.83	822.50	951.24	1184.26	1383.80	1402.63	1451.88	1479.92	1447.10	1403.45	1341.74	1240.20	1154.81	1076.06	1048.01	1042.31	967.46	822.89	874.84
372.54	469.29	491.53	603.12	727.46	816.94	968.54	1098.98	1201.79	1331.22	1203.18	1328.93	1288.86	1137.11	1048.87	945.77	983.81	989.73	1002.48	972.69	954.03	915.45
504.44	551.36	566.30	560.44	574.84	647.62	689.34	810.61	916.08	1033.97	1124.34	1173.93	1205.75	1110.74	1060.69	1049.32	932.64	1017.05	1005.00	998.32	871.94	909.84
507.64	602.81	703.89	731.27	785.02	796.98	905.26	865.32	925.45	949.46	919.20	1001.96	1017.05	987.47	1022.42	948.25	1004.62	1107.67	1079.85	1044.56	988.06	1009.21
693.16	685.74	722.07	679.66	685.04	749.55	887.81	933.85	1064.03	1007.73	1099.08	1042.56	1074.10	960.77	900.79	857.44	795.36	907.86	1036.30	996.93	964.04	1039.59
514.36	654.20	673.65	862.85	967.49	915.70	998.41	915.38	892.97	913.28	911.94	1021.61	1044.63	1077.89	1142.12	1059.96	1025.23	1112.64	1010.74	946.96	861.41	893.50
756.95	727.04	668.30	566.88	616.27	645.79	735.22	806.83	948.82	1112.38	1093.08	1058.67	1077.30	889.28	917.24	980.59	992.30	1035.22	1153.67	1173.60	1015.09	1063.66
440.61	599.36	651.91	757.93	851.57	852.60	808.59	656.15	601.34	680.62	685.68	756.19	833.32	994.39	1067.88	1083.67	1007.20	1009.51	944.17	965.86	938.01	930.46
299.51	363.25	427.71	430.81	469.73	404.32	576.43	541.14	640.07	779.20	767.76	675.68	666.06	603.48	567.40	574.69	654.33	783.40	907.88	965.96	817.88	897.81
239.08	293.58	264.31	345.12	384.39	443.95	442.28	413.19	448.71	476.34	531.52	594.59	738.17	709.57	757.04	683.88	724.60	756.41	807.07	806.32	758.82	837.47
SElogNonHIVmort
0.1344
AdjustedCompleteness
0.9186	0.9983	0.9854	1.0311	1.0637	1.0532	1.1071	1.0400	0.9919	1.0285	1.0066	0.9715	1.0548	0.9722	0.9510	0.9162	0.8977	0.8712	0.8663	0.8561	0.7375	0.7644
1.0065	1.0911	1.1089	1.1516	1.2092	1.1416	1.1676	1.0484	1.0825	1.0941	1.0479	1.0271	1.0288	0.9487	0.9296	0.8557	0.8071	0.8229	0.8033	0.7566	0.6615	0.6641

