cholIMIS 0
	              0	              0	              0	              0	              0	              0	              0	              0	              0	              0	              0
	              0	              0	              0	              0	              0	              0	              0	              0	              0	              0	              0
	              0	              0	              0	              0	              0	              0	              0	              0	              0	              0	              0
	              0	              0	              0	              0	              0	              0	              0	              0	              0	              0	              0
	              0	              0	              0	              0	              0	              0	              0	              0	              0	              0	              0
	              0	              0	              0	              0	              0	              0	              0	              0	              0	              0	              0
	              0	              0	              0	              0	              0	              0	              0	              0	              0	              0	              0
	              0	              0	              0	              0	              0	              0	              0	              0	              0	              0	              0
	              0	              0	              0	              0	              0	              0	              0	              0	              0	              0	              0
	              0	              0	              0	              0	              0	              0	              0	              0	              0	              0	              0
	              0	              0	              0	              0	              0	              0	              0	              0	              0	              0	              0
cholIMIS 1
	       0.532013	       0.195986	      -0.032252	     0.00208474	     -0.0105724	     0.00693585	      0.0230929	      0.0140805	       0.260353	       0.134417	       0.121897
	              0	       0.764975	    -0.00759872	     0.00382162	    -0.00236987	     0.00510889	     0.00210287	     0.00339577	      0.0121385	      0.0395054	      0.0248755
	              0	              0	       0.243579	     -0.0129239	     0.00283497	    0.000616947	    -0.00192063	    0.000492736	     -0.0236294	    -0.00569457	     -0.0138258
	              0	              0	              0	       0.218337	     0.00209291	    -0.00205984	   -0.000728165	     -0.0031813	     -0.0511215	      -0.020103	    -0.00831464
	              0	              0	              0	              0	      0.0572946	     0.00108364	    -0.00333584	     0.00737119	      -0.060248	     -0.0299128	     -0.0330754
	              0	              0	              0	              0	              0	      0.0820285	    0.000501848	   -0.000884394	     -0.0441589	    0.000855568	      0.0233658
	              0	              0	              0	              0	              0	              0	      0.0565502	   -0.000156231	      0.0622485	      0.0403434	      0.0500492
	              0	              0	              0	              0	              0	              0	              0	       0.235403	     -0.0215363	     -0.0101114	    -0.00717472
	              0	              0	              0	              0	              0	              0	              0	              0	       0.832561	      0.0370433	      0.0367133
	              0	              0	              0	              0	              0	              0	              0	              0	              0	       0.295018	      0.0502846
	              0	              0	              0	              0	              0	              0	              0	              0	              0	              0	       0.233157
cholIMIS 2
	       0.496852	      -0.262274	      -0.072764	      0.0186011	      0.0124712	     -0.0277806	     -0.0268448	       0.166967	     -0.0287163	     -0.0165595	       0.132221
	              0	       0.870055	      0.0312614	     -0.0027911	     -0.0123051	      0.0175495	      0.0213776	     -0.0942512	       0.148082	      0.0151018	     -0.0504616
	              0	              0	       0.247533	    -0.00544611	    -0.00488048	      0.0091931	     0.00505746	     -0.0406267	     0.00870281	     -0.0020395	     -0.0180213
	              0	              0	              0	       0.200799	     0.00255149	   -0.000632271	     -0.0028141	      0.0111049	    -0.00802778	    -0.00171402	   -0.000236138
	              0	              0	              0	              0	      0.0556739	    -0.00212592	     -0.0101093	      0.0412127	     -0.0919875	    -0.00723402	      0.0187156
	              0	              0	              0	              0	              0	      0.0821523	     0.00992492	     -0.0548061	       0.075256	    0.000990374	     -0.0271121
	              0	              0	              0	              0	              0	              0	      0.0563743	     -0.0363598	      0.0719155	      0.0329469	     -0.0269673
	              0	              0	              0	              0	              0	              0	              0	       0.255368	      -0.050305	     -0.0127928	      0.0580755
	              0	              0	              0	              0	              0	              0	              0	              0	       0.746267	      0.0181466	      0.0113804
	              0	              0	              0	              0	              0	              0	              0	              0	              0	       0.276736	      0.0159722
	              0	              0	              0	              0	              0	              0	              0	              0	              0	              0	       0.219955
cholIMIS 3
	       0.201043	     -0.0306647	     -0.0072798	    -0.00428757	     0.00175355	    0.000602518	    0.000965903	      0.0143568	       0.112797	     0.00979085	      0.0672798
	              0	       0.903006	     -0.0119179	      0.0140435	     -0.0248625	      0.0323042	      0.0468296	      -0.133984	       0.219556	       0.195417	     -0.0806342
	              0	              0	       0.113185	     -0.0209282	    0.000353053	     0.00315892	     0.00119716	     -0.0129486	        0.10831	     -0.0253825	       0.025823
	              0	              0	              0	      0.0976451	    0.000203209	    -0.00206692	   -0.000521774	   -9.67793e-05	     -0.0745121	     0.00873948	     -0.0247901
	              0	              0	              0	              0	      0.0275479	    -0.00262493	    -0.00795089	      0.0139626	      -0.048315	     -0.0255829	     0.00451639
	              0	              0	              0	              0	              0	      0.0370167	     0.00777629	      -0.026583	      0.0668378	     0.00814465	    -0.00775752
	              0	              0	              0	              0	              0	              0	      0.0286489	     -0.0256441	      0.0916387	      0.0382043	     0.00342844
	              0	              0	              0	              0	              0	              0	              0	       0.115994	     -0.0776216	     -0.0174998	      0.0121145
	              0	              0	              0	              0	              0	              0	              0	              0	       0.391992	     -0.0142573	      0.0405193
	              0	              0	              0	              0	              0	              0	              0	              0	              0	       0.142446	    -0.00915745
	              0	              0	              0	              0	              0	              0	              0	              0	              0	              0	        0.11474
cholIMIS 4
	       0.148624	       0.391909	     -0.0326363	    -0.00269037	      0.0272967	     -0.0187351	     -0.0296589	      0.0664411	      -0.262856	      -0.107246	      0.0670306
	              0	       0.532866	     -0.0340187	     0.00959536	      0.0257725	     -0.0156597	      -0.026311	      0.0386569	      -0.306473	     -0.0664835	    -0.00189512
	              0	              0	      0.0697611	     -0.0116918	   -6.91871e-05	      0.0065283	      0.0045545	    -0.00574699	      0.0696513	     -0.0175154	      0.0234071
	              0	              0	              0	      0.0574791	    -0.00135511	   -0.000325003	     0.00110596	     -0.0125379	     -0.0138365	      0.0230618	     -0.0268112
	              0	              0	              0	              0	      0.0343236	    -0.00797101	     -0.0266005	      0.0576116	      -0.210132	      -0.123412	      0.0448206
	              0	              0	              0	              0	              0	      0.0251295	     0.00762305	     -0.0193329	      0.0787954	      0.0146679	    0.000455156
	              0	              0	              0	              0	              0	              0	      0.0188205	     -0.0168205	       0.083182	       0.030532	     0.00665025
	              0	              0	              0	              0	              0	              0	              0	      0.0689872	     -0.0305104	     -0.0284883	      0.0234445
	              0	              0	              0	              0	              0	              0	              0	              0	       0.226027	    -0.00252489	      0.0156521
	              0	              0	              0	              0	              0	              0	              0	              0	              0	       0.101959	     -0.0362988
	              0	              0	              0	              0	              0	              0	              0	              0	              0	              0	      0.0793334
cholIMIS 5
	       0.147001	      -0.201369	    -0.00192624	     -0.0376727	      0.0212386	      -0.012665	    -0.00700909	      0.0609319	      -0.133073	      0.0332423	      0.0296287
	              0	       0.442746	    -0.00925612	      0.0208043	     -0.0086013	     0.00440095	   -0.000979633	     -0.0314035	      0.0129077	     -0.0252553	    0.000884421
	              0	              0	      0.0595326	    -0.00917302	    -0.00195742	     0.00337842	     0.00102798	    -0.00661445	      0.0537768	     -0.0306395	      0.0237989
	              0	              0	              0	      0.0560594	    -0.00688725	     0.00238587	     0.00261912	     -0.0231823	      0.0852822	     -0.0222905	      0.0067206
	              0	              0	              0	              0	      0.0248851	    -0.00560093	     -0.0101164	       0.031726	      -0.137977	     -0.0106117	    -0.00693744
	              0	              0	              0	              0	              0	      0.0228126	       0.005443	     -0.0231803	       0.083319	      0.0173181	    -0.00751147
	              0	              0	              0	              0	              0	              0	      0.0171313	     -0.0171969	      0.0375917	        0.06825	      -0.026078
	              0	              0	              0	              0	              0	              0	              0	      0.0649022	     -0.0199363	     -0.0523553	      0.0405056
	              0	              0	              0	              0	              0	              0	              0	              0	       0.250792	     -0.0477241	      0.0377908
	              0	              0	              0	              0	              0	              0	              0	              0	              0	       0.124682	     -0.0565526
	              0	              0	              0	              0	              0	              0	              0	              0	              0	              0	      0.0670548
cholIMIS 6
	       0.118554	      0.0253097	    -0.00997973	     0.00107672	     0.00224378	    -0.00458057	     0.00351641	     -0.0327405	      -0.107991	      0.0212856	      0.0469175
	              0	       0.391944	     -0.0233902	        0.01503	     0.00697942	     -0.0105058	     -0.0086909	    -0.00463003	     -0.0507836	      0.0227807	     -0.0604998
	              0	              0	      0.0551217	     -0.0475432	     0.00536625	    -0.00119225	    -0.00561403	      0.0299114	     -0.0629881	    -0.00796055	     0.00079282
	              0	              0	              0	      0.0353024	    -0.00765085	      0.0137483	      0.0101731	     -0.0582462	      0.0557795	     -0.0185022	      0.0347696
	              0	              0	              0	              0	      0.0215007	     -0.0037337	    -0.00690235	      0.0263594	     -0.0897361	     -0.0119659	     -0.0282102
	              0	              0	              0	              0	              0	      0.0141748	     0.00770502	     -0.0279871	      0.0099483	     0.00292549	      0.0182765
	              0	              0	              0	              0	              0	              0	      0.0112486	     -0.0125218	      -0.021798	      0.0321985	     -0.0169054
	              0	              0	              0	              0	              0	              0	              0	      0.0358617	      0.0136632	      -0.034227	     0.00902151
	              0	              0	              0	              0	              0	              0	              0	              0	       0.218055	     -0.0187003	      0.0184253
	              0	              0	              0	              0	              0	              0	              0	              0	              0	      0.0768941	      -0.065563
	              0	              0	              0	              0	              0	              0	              0	              0	              0	              0	      0.0433029
cholIMIS 7
	       0.129429	       0.080829	    -0.00423791	     -0.0165999	    -0.00204857	     -0.0104899	       0.003247	     -0.0471494	       0.122912	      0.0662974	      0.0235961
	              0	       0.349167	      -0.017076	      0.0188011	     0.00385828	    -0.00405261	    -0.00677831	     -0.0619188	       0.155411	       0.125482	      -0.140163
	              0	              0	      0.0290488	     -0.0191027	   -0.000433537	     0.00257917	     0.00273209	     0.00444731	     -0.0317327	     -0.0212181	      0.0289868
	              0	              0	              0	      0.0211309	    0.000537911	     0.00444958	    0.000845017	     -0.0274088	     -0.0243042	      0.0148436	     -0.0199192
	              0	              0	              0	              0	      0.0144822	    -0.00112105	     -0.0043272	     0.00802756	     -0.0207395	      0.0272722	     -0.0522312
	              0	              0	              0	              0	              0	     0.00827354	     0.00376458	     -0.0173514	     -0.0297228	     0.00816513	     0.00223618
	              0	              0	              0	              0	              0	              0	     0.00873833	    -0.00858541	     -0.0125445	      0.0152285	    -0.00595918
	              0	              0	              0	              0	              0	              0	              0	      0.0447681	      -0.063676	     -0.0879969	      0.0648384
	              0	              0	              0	              0	              0	              0	              0	              0	       0.213457	      0.0085156	     -0.0101996
	              0	              0	              0	              0	              0	              0	              0	              0	              0	      0.0596729	      -0.056591
	              0	              0	              0	              0	              0	              0	              0	              0	              0	              0	       0.029957
cholIMIS 8
	       0.145708	      0.0414405	     0.00149259	      -0.019109	    -0.00526339	    -0.00807299	     0.00616987	        -0.0692	       0.270799	       0.102697	      0.0218492
	              0	       0.363875	    -0.00875589	      0.0079653	     0.00114596	    -0.00357184	    -0.00579799	     -0.0266381	       0.184247	      0.0514692	     -0.0678669
	              0	              0	      0.0325921	     -0.0243309	     0.00214687	      0.0015727	    -0.00165744	      0.0177911	      0.0776816	     -0.0416142	      0.0402405
	              0	              0	              0	      0.0262032	   -0.000192762	     0.00613084	     0.00313402	     -0.0147816	      -0.269718	      -0.027565	     0.00230419
	              0	              0	              0	              0	      0.0131493	   -0.000250685	    -0.00314362	      0.0120219	     -0.0547664	    0.000227286	     -0.0248265
	              0	              0	              0	              0	              0	     0.00977172	     0.00501537	     -0.0285564	        0.03125	      0.0275261	     0.00108492
	              0	              0	              0	              0	              0	              0	     0.00882049	     -0.0155348	     -0.0541603	      0.0349494	     -0.0211453
	              0	              0	              0	              0	              0	              0	              0	      0.0485163	      -0.186984	     -0.0924122	      0.0521204
	              0	              0	              0	              0	              0	              0	              0	              0	       0.422754	       0.024809	     -0.0204587
	              0	              0	              0	              0	              0	              0	              0	              0	              0	      0.0732109	     -0.0709263
	              0	              0	              0	              0	              0	              0	              0	              0	              0	              0	      0.0328696
cholIMIS 9
	        0.10149	      0.0643492	     0.00727992	     -0.0212101	    -0.00358123	    -0.00476582	     0.00372979	     -0.0348583	     0.00542307	      0.0430079	      0.0270744
	              0	       0.290545	    0.000280227	     0.00418749	     0.00169809	     0.00146422	    -0.00305887	     -0.0220186	    -0.00260397	     0.00824835	      -0.028393
	              0	              0	      0.0428453	      -0.039824	     0.00388792	    -0.00112501	    -0.00735602	      0.0181303	       0.010762	    -0.00856852	      0.0108613
	              0	              0	              0	      0.0189343	     0.00392561	     0.00280909	    -0.00112366	    -0.00820312	      0.0257428	     -0.0186639	    -0.00521105
	              0	              0	              0	              0	      0.0179862	      -0.003324	    -0.00648714	      0.0218884	      0.0250557	    -0.00140657	     -0.0365122
	              0	              0	              0	              0	              0	      0.0147892	      0.0106137	      -0.030519	     -0.0752306	      0.0104904	      0.0250405
	              0	              0	              0	              0	              0	              0	     0.00731344	    -0.00880127	      -0.119915	      0.0149222	    -0.00665791
	              0	              0	              0	              0	              0	              0	              0	      0.0407688	     -0.0107141	     -0.0525252	      0.0112405
	              0	              0	              0	              0	              0	              0	              0	              0	       0.320379	      0.0199311	     -0.0182693
	              0	              0	              0	              0	              0	              0	              0	              0	              0	       0.056222	     -0.0669753
	              0	              0	              0	              0	              0	              0	              0	              0	              0	              0	      0.0227592
cholIMIS 10
	       0.091045	      0.0557134	      0.0102011	     -0.0132167	     0.00800672	      0.0035115	     0.00899288	      -0.050239	      0.0287637	       0.053791	       0.013594
	              0	       0.437638	      0.0277522	     -0.0281948	      0.0212696	      0.0111654	     0.00539755	     -0.0399681	      -0.112954	       0.061389	     -0.0606416
	              0	              0	       0.040231	     -0.0346834	     0.00616507	     0.00441669	    -0.00129078	     0.00686149	     -0.0616806	    -0.00449808	      0.0173638
	              0	              0	              0	      0.0228785	     0.00242315	     0.00780632	     0.00473574	     -0.0333233	      0.0116143	     0.00560463	    -0.00185934
	              0	              0	              0	              0	      0.0136152	     0.00554925	     0.00455007	    -0.00877873	     -0.0570716	      0.0242211	     -0.0252246
	              0	              0	              0	              0	              0	      0.0138866	      0.0136904	     -0.0432948	     -0.0900481	      0.0433125	        0.00617
	              0	              0	              0	              0	              0	              0	     0.00819728	     -0.0146276	      -0.062825	      0.0228418	    -0.00413831
	              0	              0	              0	              0	              0	              0	              0	      0.0336099	     -0.0483018	     -0.0422868	      0.0131671
	              0	              0	              0	              0	              0	              0	              0	              0	       0.219184	      0.0144531	     -0.0151026
	              0	              0	              0	              0	              0	              0	              0	              0	              0	      0.0485241	     -0.0476843
	              0	              0	              0	              0	              0	              0	              0	              0	              0	              0	      0.0281893
cholIMIS 11
	       0.174499	      -0.092913	    -0.00977608	    -0.00684667	     0.00166134	     -0.0104069	     0.00330181	     -0.0126066	      0.0547479	      0.0452209	      0.0103998
	              0	       0.225936	     0.00303179	     0.00412694	     0.00167952	     0.00550444	   -0.000392923	     -0.0445231	    -0.00201868	      0.0279141	     -0.0165548
	              0	              0	      0.0415602	      -0.039684	     0.00252342	    0.000704991	      0.0013148	     -0.0027387	      0.0658147	      0.0223109	      0.0117772
	              0	              0	              0	      0.0222046	   -0.000656321	      0.0124395	    -0.00203419	     -0.0480418	       0.130028	     -0.0179187	      0.0257266
	              0	              0	              0	              0	      0.0166634	    -0.00197201	    -0.00725492	      0.0125197	      0.0562834	    -0.00668381	     -0.0130094
	              0	              0	              0	              0	              0	      0.0105282	     0.00666999	     -0.0289498	      0.0535748	      0.0133714	      0.0157973
	              0	              0	              0	              0	              0	              0	      0.0139525	    -0.00666449	      -0.119618	      0.0362813	     -0.0254889
	              0	              0	              0	              0	              0	              0	              0	      0.0405324	     -0.0249005	     -0.0469407	     0.00465969
	              0	              0	              0	              0	              0	              0	              0	              0	        0.22319	     0.00195621	     0.00124677
	              0	              0	              0	              0	              0	              0	              0	              0	              0	      0.0402312	     -0.0472337
	              0	              0	              0	              0	              0	              0	              0	              0	              0	              0	      0.0182569
cholIMIS 12
	       0.187006	     -0.0457965	     -0.0151364	     0.00197781	      -0.013175	    -0.00547642	       0.014381	     -0.0428303	      0.0717554	      0.0970341	     -0.0315453
	              0	       0.254951	     -0.0058727	     0.00994838	    0.000438841	    0.000454707	    -0.00461856	     -0.0314044	      0.0790037	    -0.00110492	     0.00696536
	              0	              0	      0.0486039	     -0.0392179	      0.0110236	     0.00387796	    -0.00599507	     0.00138216	      0.0481728	      0.0174121	     0.00259643
	              0	              0	              0	      0.0243408	   -7.61714e-05	     0.00928412	    0.000933441	     -0.0462897	       0.114323	     0.00658934	     0.00151736
	              0	              0	              0	              0	       0.022985	    -0.00294812	     -0.0112278	      0.0193645	     -0.0254325	     -0.0168976	    -0.00816428
	              0	              0	              0	              0	              0	       0.011363	     0.00752719	     -0.0274659	      0.0481332	      0.0378527	      -0.016379
	              0	              0	              0	              0	              0	              0	      0.0107999	    -0.00207224	     -0.0542764	      0.0146891	    -0.00835212
	              0	              0	              0	              0	              0	              0	              0	      0.0396133	     -0.0818596	     -0.0637461	      0.0282307
	              0	              0	              0	              0	              0	              0	              0	              0	        0.26976	     0.00673199	    -0.00114889
	              0	              0	              0	              0	              0	              0	              0	              0	              0	      0.0654627	     -0.0752043
	              0	              0	              0	              0	              0	              0	              0	              0	              0	              0	      0.0291049
cholIMIS 13
	       0.107186	       0.027878	    -0.00604149	    -0.00196882	    -0.00904897	    -0.00570172	     0.00421563	    -0.00489613	      0.0888289	     0.00565808	      0.0117021
	              0	       0.319293	    -0.00229861	     0.00286821	     0.00680058	   -0.000675333	    -0.00969317	     -0.0139165	     -0.0799447	    -0.00416758	     -0.0166204
	              0	              0	      0.0400298	     -0.0411819	     0.00201797	    -0.00136778	    0.000872854	      0.0105988	      0.0166969	     0.00880751	      0.0112568
	              0	              0	              0	      0.0210728	    -0.00185866	     0.00665458	   -0.000899829	    -0.00900247	       0.016309	     -0.0468425	      0.0185731
	              0	              0	              0	              0	       0.024098	    -0.00264942	     -0.0122792	    -0.00466546	     0.00192844	      0.0213914	     -0.0249662
	              0	              0	              0	              0	              0	     0.00929149	     0.00808923	    -0.00958051	      0.0366228	    -0.00352886	      0.0155805
	              0	              0	              0	              0	              0	              0	      0.0108409	      0.0026359	     -0.0730975	     0.00224861	    -0.00572842
	              0	              0	              0	              0	              0	              0	              0	      0.0581708	      0.0372943	     -0.0771124	      0.0059442
	              0	              0	              0	              0	              0	              0	              0	              0	       0.253481	     0.00436148	     -0.0013948
	              0	              0	              0	              0	              0	              0	              0	              0	              0	      0.0459348	     -0.0526618
	              0	              0	              0	              0	              0	              0	              0	              0	              0	              0	      0.0196185
cholIMIS 14
	       0.116537	       0.114905	    -0.00829062	     0.00590372	    -0.00589738	    -0.00382664	   -2.87015e-05	     -0.0110311	     -0.0508587	    -0.00498895	      0.0112889
	              0	       0.376379	    -0.00236221	    -0.00251645	    -0.00391713	      -0.008501	    -0.00872347	     -0.0167136	      -0.170428	     0.00634544	    -0.00416986
	              0	              0	      0.0350113	     -0.0294197	    -0.00144348	     0.00345425	   -0.000339294	      0.0201539	      0.0735632	     -0.0298002	      0.0182404
	              0	              0	              0	      0.0227824	     0.00764889	     0.00758053	    -0.00784569	     -0.0115209	      0.0545707	     -0.0401352	      0.0057113
	              0	              0	              0	              0	      0.0234782	   -0.000593185	    -0.00950064	      0.0106981	      0.0595149	      0.0047415	     -0.0286537
	              0	              0	              0	              0	              0	      0.0130105	      0.0113366	     0.00532412	       0.129466	     -0.0203129	      0.0036112
	              0	              0	              0	              0	              0	              0	      0.0112474	     -0.0139376	      -0.132294	      0.0273234	     -0.0105599
	              0	              0	              0	              0	              0	              0	              0	      0.0705586	     -0.0176015	     -0.0885066	     0.00185507
	              0	              0	              0	              0	              0	              0	              0	              0	       0.363933	     0.00653324	     -0.0100903
	              0	              0	              0	              0	              0	              0	              0	              0	              0	      0.0449041	     -0.0513568
	              0	              0	              0	              0	              0	              0	              0	              0	              0	              0	      0.0183434
cholIMIS 15
	       0.185143	       0.159906	     -0.0135718	     0.00420956	    -0.00700619	    -0.00894352	    -0.00508626	      0.0238243	       0.183063	     -0.0578223	      0.0362915
	              0	         0.3746	    -0.00359534	    -0.00247889	    -0.00268809	     -0.0101603	     -0.0137871	     0.00557103	      -0.122116	     -0.0264194	      0.0083952
	              0	              0	      0.0373756	     -0.0358159	     0.00121621	     0.00138384	    -0.00471885	      0.0111468	     -0.0569344	     -0.0178851	       0.025198
	              0	              0	              0	       0.022541	     0.00498319	     0.00651261	    -0.00444177	     -0.0206449	     0.00536488	    -0.00125627	     -0.0181086
	              0	              0	              0	              0	         0.0223	    -0.00067711	     -0.0107029	       0.016764	       0.104114	     -0.0128206	     -0.0187085
	              0	              0	              0	              0	              0	      0.0116985	      0.0144269	    -0.00635571	      0.0504912	      0.0144956	     -0.0235864
	              0	              0	              0	              0	              0	              0	      0.0130164	    -0.00699049	      0.0164174	       0.037033	     -0.0228677
	              0	              0	              0	              0	              0	              0	              0	      0.0796785	      0.0763206	     -0.0802138	      -0.015787
	              0	              0	              0	              0	              0	              0	              0	              0	       0.429769	     0.00711927	    -0.00696021
	              0	              0	              0	              0	              0	              0	              0	              0	              0	      0.0541295	     -0.0615196
	              0	              0	              0	              0	              0	              0	              0	              0	              0	              0	      0.0253344
cholIMIS 16
	       0.271692	     -0.0784847	    -0.00795513	     0.00250632	     0.00140609	   -0.000504708	     0.00585495	      0.0290598	      0.0820059	     -0.0819783	      0.0679183
	              0	       0.396741	      -0.004526	     0.00192576	    -0.00547479	    -0.00992816	     -0.0122945	     -0.0261174	      -0.041019	   -0.000655787	      0.0102866
	              0	              0	      0.0312621	     -0.0279172	     0.00215521	   -0.000530851	    -0.00520337	     0.00166181	     -0.0693042	     -0.0135425	      0.0292024
	              0	              0	              0	      0.0211322	     0.00118109	     0.00635117	    -0.00236276	      -0.036366	      0.0520736	     -0.0171437	      0.0275545
	              0	              0	              0	              0	      0.0184233	    -0.00109747	    -0.00655304	      0.0156665	      0.0367182	      -0.018396	    -0.00797761
	              0	              0	              0	              0	              0	      0.0106902	      0.0106367	     0.00819525	      0.0846349	    -0.00673592	     -0.0142229
	              0	              0	              0	              0	              0	              0	      0.0108068	     -0.0252203	      0.0122214	      0.0145805	      0.0259309
	              0	              0	              0	              0	              0	              0	              0	      0.0665868	      0.0241258	     -0.0463304	     -0.0344636
	              0	              0	              0	              0	              0	              0	              0	              0	       0.319353	     0.00544644	   -0.000723647
	              0	              0	              0	              0	              0	              0	              0	              0	              0	      0.0903039	      -0.106824
	              0	              0	              0	              0	              0	              0	              0	              0	              0	              0	      0.0229337
cholIMIS 17
	        0.16501	      0.0116829	    -4.1406e-05	     0.00584986	   -1.68169e-05	     0.00180978	      0.0038709	    -0.00103748	     -0.0308561	    -0.00283154	     -0.0216474
	              0	       0.357155	    -0.00511973	    -0.00572835	   -0.000722085	     -0.0101374	    -0.00652862	      -0.043289	     -0.0713038	      0.0591891	     -0.0177334
	              0	              0	      0.0323951	     -0.0193717	     0.00872408	     0.00551356	    0.000172058	    0.000821751	     -0.0639351	    -0.00475374	     -0.0129951
	              0	              0	              0	      0.0310411	     0.00505583	     0.00944234	    0.000520583	     -0.0327524	        0.13135	   -0.000425349	      -0.037742
	              0	              0	              0	              0	      0.0200198	    0.000746488	     0.00112151	    -0.00245152	      0.0138192	      0.0108613	     -0.0218658
	              0	              0	              0	              0	              0	     0.00981619	      0.0118235	    -0.00503812	      0.0107742	     0.00928469	     -0.0120523
	              0	              0	              0	              0	              0	              0	      0.0125925	     -0.0221026	    -0.00472929	       0.046326	     -0.0282383
	              0	              0	              0	              0	              0	              0	              0	      0.0614718	     -0.0106515	      -0.065012	     -0.0100369
	              0	              0	              0	              0	              0	              0	              0	              0	       0.404177	      -0.010347	       0.017105
	              0	              0	              0	              0	              0	              0	              0	              0	              0	      0.0589402	     -0.0718579
	              0	              0	              0	              0	              0	              0	              0	              0	              0	              0	      0.0178471
