Adult male completeness (starting age 15-19)
0.5529	0.5853	0.6226	0.6584	0.6963	0.7379	0.7752	0.8128	0.8128	0.8128	0.8128	0.8128	0.8128	0.8128	0.8128	0.8128	0.8128	0.8128	0.8128	0.8128	0.8128	0.8128
0.5847	0.6163	0.6526	0.6869	0.7230	0.7622	0.7970	0.8317	0.8317	0.8317	0.8317	0.8317	0.8317	0.8317	0.8317	0.8317	0.8317	0.8317	0.8317	0.8317	0.8317	0.8317
0.6292	0.6595	0.6937	0.7256	0.7588	0.7944	0.8256	0.8563	0.8563	0.8563	0.8563	0.8563	0.8563	0.8563	0.8563	0.8563	0.8563	0.8563	0.8563	0.8563	0.8563	0.8563
0.6791	0.7072	0.7385	0.7674	0.7969	0.8281	0.8551	0.8814	0.8814	0.8814	0.8814	0.8814	0.8814	0.8814	0.8814	0.8814	0.8814	0.8814	0.8814	0.8814	0.8814	0.8814
0.7261	0.7515	0.7795	0.8051	0.8309	0.8578	0.8808	0.9029	0.9029	0.9029	0.9029	0.9029	0.9029	0.9029	0.9029	0.9029	0.9029	0.9029	0.9029	0.9029	0.9029	0.9029
0.7658	0.7887	0.8136	0.8360	0.8584	0.8816	0.9012	0.9199	0.9199	0.9199	0.9199	0.9199	0.9199	0.9199	0.9199	0.9199	0.9199	0.9199	0.9199	0.9199	0.9199	0.9199
0.7978	0.8183	0.8404	0.8601	0.8797	0.8998	0.9167	0.9327	0.9327	0.9327	0.9327	0.9327	0.9327	0.9327	0.9327	0.9327	0.9327	0.9327	0.9327	0.9327	0.9327	0.9327
0.8229	0.8414	0.8611	0.8787	0.8960	0.9136	0.9284	0.9422	0.9422	0.9422	0.9422	0.9422	0.9422	0.9422	0.9422	0.9422	0.9422	0.9422	0.9422	0.9422	0.9422	0.9422
0.8427	0.8594	0.8772	0.8930	0.9085	0.9242	0.9373	0.9495	0.9495	0.9495	0.9495	0.9495	0.9495	0.9495	0.9495	0.9495	0.9495	0.9495	0.9495	0.9495	0.9495	0.9495
0.8583	0.8736	0.8899	0.9042	0.9182	0.9324	0.9441	0.9551	0.9551	0.9551	0.9551	0.9551	0.9551	0.9551	0.9551	0.9551	0.9551	0.9551	0.9551	0.9551	0.9551	0.9551
0.8709	0.8850	0.9000	0.9131	0.9259	0.9388	0.9495	0.9595	0.9595	0.9595	0.9595	0.9595	0.9595	0.9595	0.9595	0.9595	0.9595	0.9595	0.9595	0.9595	0.9595	0.9595
0.8811	0.8943	0.9082	0.9203	0.9322	0.9441	0.9539	0.9630	0.9630	0.9630	0.9630	0.9630	0.9630	0.9630	0.9630	0.9630	0.9630	0.9630	0.9630	0.9630	0.9630	0.9630
0.8897	0.9020	0.9150	0.9263	0.9373	0.9483	0.9574	0.9659	0.9659	0.9659	0.9659	0.9659	0.9659	0.9659	0.9659	0.9659	0.9659	0.9659	0.9659	0.9659	0.9659	0.9659
0.8969	0.9085	0.9207	0.9313	0.9416	0.9519	0.9604	0.9683	0.9683	0.9683	0.9683	0.9683	0.9683	0.9683	0.9683	0.9683	0.9683	0.9683	0.9683	0.9683	0.9683	0.9683
0.9031	0.9140	0.9256	0.9356	0.9453	0.9550	0.9629	0.9703	0.9703	0.9703	0.9703	0.9703	0.9703	0.9703	0.9703	0.9703	0.9703	0.9703	0.9703	0.9703	0.9703	0.9703
0.9090	0.9193	0.9302	0.9396	0.9487	0.9579	0.9653	0.9723	0.9723	0.9723	0.9723	0.9723	0.9723	0.9723	0.9723	0.9723	0.9723	0.9723	0.9723	0.9723	0.9723	0.9723
Adult female completeness (starting age 15-19)
0.6562	0.6854	0.7181	0.7484	0.7797	0.8129	0.8419	0.8701	0.8701	0.8701	0.8701	0.8701	0.8701	0.8701	0.8701	0.8701	0.8701	0.8701	0.8701	0.8701	0.8701	0.8701
0.7104	0.7368	0.7660	0.7927	0.8197	0.8481	0.8725	0.8960	0.8960	0.8960	0.8960	0.8960	0.8960	0.8960	0.8960	0.8960	0.8960	0.8960	0.8960	0.8960	0.8960	0.8960
0.7499	0.7738	0.8000	0.8237	0.8475	0.8722	0.8932	0.9132	0.9132	0.9132	0.9132	0.9132	0.9132	0.9132	0.9132	0.9132	0.9132	0.9132	0.9132	0.9132	0.9132	0.9132
0.7799	0.8018	0.8254	0.8467	0.8679	0.8897	0.9081	0.9256	0.9256	0.9256	0.9256	0.9256	0.9256	0.9256	0.9256	0.9256	0.9256	0.9256	0.9256	0.9256	0.9256	0.9256
0.8036	0.8236	0.8452	0.8644	0.8835	0.9030	0.9194	0.9349	0.9349	0.9349	0.9349	0.9349	0.9349	0.9349	0.9349	0.9349	0.9349	0.9349	0.9349	0.9349	0.9349	0.9349
0.8227	0.8411	0.8609	0.8785	0.8958	0.9135	0.9283	0.9421	0.9421	0.9421	0.9421	0.9421	0.9421	0.9421	0.9421	0.9421	0.9421	0.9421	0.9421	0.9421	0.9421	0.9421
0.8384	0.8555	0.8738	0.8899	0.9058	0.9219	0.9354	0.9479	0.9479	0.9479	0.9479	0.9479	0.9479	0.9479	0.9479	0.9479	0.9479	0.9479	0.9479	0.9479	0.9479	0.9479
0.8516	0.8675	0.8845	0.8994	0.9141	0.9289	0.9412	0.9527	0.9527	0.9527	0.9527	0.9527	0.9527	0.9527	0.9527	0.9527	0.9527	0.9527	0.9527	0.9527	0.9527	0.9527
0.8628	0.8777	0.8935	0.9074	0.9210	0.9347	0.9461	0.9567	0.9567	0.9567	0.9567	0.9567	0.9567	0.9567	0.9567	0.9567	0.9567	0.9567	0.9567	0.9567	0.9567	0.9567
0.8724	0.8864	0.9012	0.9142	0.9269	0.9396	0.9502	0.9600	0.9600	0.9600	0.9600	0.9600	0.9600	0.9600	0.9600	0.9600	0.9600	0.9600	0.9600	0.9600	0.9600	0.9600
0.8808	0.8940	0.9079	0.9201	0.9320	0.9439	0.9537	0.9629	0.9629	0.9629	0.9629	0.9629	0.9629	0.9629	0.9629	0.9629	0.9629	0.9629	0.9629	0.9629	0.9629	0.9629
0.8882	0.9006	0.9138	0.9252	0.9364	0.9476	0.9568	0.9654	0.9654	0.9654	0.9654	0.9654	0.9654	0.9654	0.9654	0.9654	0.9654	0.9654	0.9654	0.9654	0.9654	0.9654
0.8947	0.9065	0.9189	0.9298	0.9403	0.9508	0.9595	0.9675	0.9675	0.9675	0.9675	0.9675	0.9675	0.9675	0.9675	0.9675	0.9675	0.9675	0.9675	0.9675	0.9675	0.9675
0.9005	0.9117	0.9235	0.9338	0.9437	0.9537	0.9619	0.9695	0.9695	0.9695	0.9695	0.9695	0.9695	0.9695	0.9695	0.9695	0.9695	0.9695	0.9695	0.9695	0.9695	0.9695
0.9057	0.9163	0.9276	0.9373	0.9468	0.9562	0.9640	0.9712	0.9712	0.9712	0.9712	0.9712	0.9712	0.9712	0.9712	0.9712	0.9712	0.9712	0.9712	0.9712	0.9712	0.9712
0.9108	0.9209	0.9316	0.9409	0.9498	0.9587	0.9661	0.9728	0.9728	0.9728	0.9728	0.9728	0.9728	0.9728	0.9728	0.9728	0.9728	0.9728	0.9728	0.9728	0.9728	0.9728
Completeness in boys (0, 1-4, 5-9, 10-14)
0.5333	0.6145	0.6318	0.6268	0.6292	0.6734	0.7175	0.7617	0.8058	0.8500	0.8500	0.8500	0.8500	0.8500	0.8500	0.8200	0.7550	0.7550	0.7550	0.7550	0.7550	0.7550
0.3795	0.4729	0.4634	0.4732	0.4670	0.4968	0.5335	0.5800	0.6011	0.6378	0.6300	0.6358	0.6304	0.6461	0.6461	0.6403	0.6360	0.6323	0.6286	0.6335	0.6335	0.6335
0.5438	0.6120	0.6138	0.6197	0.6391	0.6595	0.6796	0.6995	0.7177	0.7358	0.7514	0.7668	0.7810	0.7953	0.8082	0.8202	0.8316	0.8424	0.8525	0.8623	0.8623	0.8623
0.7170	0.7553	0.7678	0.7011	0.7309	0.7571	0.7809	0.8024	0.8230	0.8409	0.8590	0.8748	0.8891	0.9008	0.9103	0.9206	0.9298	0.9395	0.9468	0.9529	0.9529	0.9529
Completeness in girls (0, 1-4, 5-9, 10-14)
0.5333	0.6145	0.6318	0.6268	0.6292	0.6734	0.7175	0.7617	0.8058	0.8500	0.8500	0.8500	0.8500	0.8500	0.8500	0.8200	0.7550	0.7550	0.7550	0.7550	0.7550	0.7550
0.3795	0.4729	0.4634	0.4732	0.4670	0.4968	0.5335	0.5800	0.6011	0.6378	0.6300	0.6358	0.6304	0.6461	0.6461	0.6403	0.6360	0.6323	0.6286	0.6335	0.6335	0.6335
0.5438	0.6120	0.6138	0.6197	0.6391	0.6595	0.6796	0.6995	0.7177	0.7358	0.7514	0.7668	0.7810	0.7953	0.8082	0.8202	0.8316	0.8424	0.8525	0.8623	0.8623	0.8623
0.7170	0.7553	0.7678	0.7011	0.7309	0.7571	0.7809	0.8024	0.8230	0.8409	0.8590	0.8748	0.8891	0.9008	0.9103	0.9206	0.9298	0.9395	0.9468	0.9529	0.9529	0.9529









