Male migration
654.2905	664.4701	642.9524	627.7922	480.8720	190.1664	-124.3257	-386.0998	-677.5993	-769.1348	-3851.0829	-18.4245	-18.4245	-18.4245	-18.4245	-18.4245	-2603.5847	-2603.5847	-2603.5847	-2603.5847	-2603.5847	-8707.3736	-5333.8051	-5333.8051	-5333.8051	-5333.8051	-259.6179	-259.6179	-259.6179	-259.6179	-259.6179	-259.6179	-259.6179	-259.6179	-259.6179	-259.6179	-259.6179	-259.6179
-0.3967	652.6743	662.8540	641.3362	626.1761	479.2558	72.5132	-188.9536	-450.7277	-742.2272	-833.7628	615.2641	-37.5161	-37.5161	-37.5161	-37.5161	-2148.9899	-2148.9899	-2148.9899	-2148.9899	-2148.9899	-6029.2487	-2446.7597	-2446.7597	-2446.7597	-2446.7597	9.4458	9.4458	9.4458	9.4458	9.4458	9.4458	9.4458	9.4458	9.4458	9.4458	9.4458	9.4458
-2.4938	-2.4965	650.5745	660.7541	639.2363	624.0762	328.9467	38.2411	-223.2258	-484.9999	-776.4993	168.3704	596.0584	-56.9870	-56.9870	-56.9870	-1654.6144	-1654.6144	-1654.6144	-1654.6144	-1654.6144	-3261.9234	480.0664	480.0664	480.0664	480.0664	256.6083	256.6083	256.6083	256.6083	256.6083	256.6083	256.6083	256.6083	256.6083	256.6083	256.6083	256.6083
-4.8882	-4.8882	-4.8910	648.1800	658.3597	636.8419	465.0308	318.1106	27.4050	-234.0618	-495.8360	397.2256	148.8765	576.5645	-76.8373	-76.8373	-1264.4784	-1264.4784	-1264.4784	-1264.4784	-1264.4784	-2896.0302	967.1627	967.1627	967.1627	967.1627	483.6521	483.6521	483.6521	483.6521	483.6521	483.6521	483.6521	483.6521	483.6521	483.6521	483.6521	483.6521
-7.3880	-7.3880	-7.3880	-7.3908	645.6802	655.8599	485.8712	470.7110	323.7908	33.0852	-228.3816	498.2580	377.4435	129.0945	556.7825	-97.0669	-1081.9006	-1081.9006	-1081.9006	-1081.9006	-1081.9006	-2706.5108	1250.7093	1250.7093	1250.7093	1250.7093	692.2149	692.2149	692.2149	692.2149	692.2149	692.2149	692.2149	692.2149	692.2149	692.2149	692.2149	692.2149
-9.7946	-9.7946	-9.7946	-9.7946	-9.7974	643.2737	522.3620	500.8443	485.6841	338.7639	48.0583	557.2629	479.2836	358.4691	110.1201	537.8081	-1058.3395	-1058.3395	-1058.3395	-1058.3395	-1058.3395	-2662.6561	1373.2039	1373.2039	1373.2039	1373.2039	883.8010	883.8010	883.8010	883.8010	883.8010	883.8010	883.8010	883.8010	883.8010	883.8010	883.8010	883.8010
-11.9187	-11.9187	-11.9187	-11.9187	-11.9187	-11.9215	529.5286	539.7082	518.1904	503.0303	356.1100	541.9840	541.1739	463.1946	342.3801	94.0311	-1144.9110	-1144.9110	-1144.9110	-1144.9110	-1144.9110	-2732.7478	1377.4866	1377.4866	1377.4866	1377.4866	-1335.8916	-1335.8916	-1335.8916	-1335.8916	-1335.8916	-1335.8916	-1335.8916	-1335.8916	-1335.8916	-1335.8916	-1335.8916	-1335.8916
-13.5993	-13.5993	-13.5993	-13.5993	-13.5993	-13.5993	-109.8320	543.2390	553.4186	531.9008	516.7407	373.0489	528.2110	527.4009	449.4215	328.6071	-1288.9257	-1288.9257	-1288.9257	-1288.9257	-1288.9257	-2879.5842	1309.8818	1309.8818	1309.8818	1309.8818	-1295.7713	-1295.7713	-1295.7713	-1295.7713	-1295.7713	-1295.7713	-1295.7713	-1295.7713	-1295.7713	-1295.7713	-1295.7713	-1295.7713
-14.7225	-14.7225	-14.7225	-14.7225	-14.7225	-14.7225	-104.2453	-104.2481	548.8229	559.0026	537.4848	309.4847	366.6154	521.7775	520.9674	442.9881	-1438.7567	-1438.7567	-1438.7567	-1438.7567	-1438.7567	-3063.3737	1215.9725	1215.9725	1215.9725	1215.9725	-895.2551	-895.2551	-895.2551	-895.2551	-895.2551	-895.2551	-895.2551	-895.2551	-895.2551	-895.2551	-895.2551	-895.2551
-15.3149	-15.3149	-15.3149	-15.3149	-15.3149	-15.3149	-106.7239	-106.7239	-106.7267	546.3443	556.5240	385.7789	314.8449	371.9756	527.1377	526.3276	-1545.9647	-1545.9647	-1545.9647	-1545.9647	-1545.9647	-3236.5531	1139.1173	1139.1173	1139.1173	1139.1173	-532.0567	-532.0567	-532.0567	-532.0567	-532.0567	-532.0567	-532.0567	-532.0567	-532.0567	-532.0567	-532.0567	-532.0567
-15.5539	-15.5539	-15.5539	-15.5539	-15.5539	-15.5539	-112.3430	-112.3430	-112.3430	-112.3458	540.7252	402.9184	406.0633	335.1293	392.2600	547.4221	-1570.5091	-1570.5091	-1570.5091	-1570.5091	-1570.5091	-3347.6905	1115.8820	1115.8820	1115.8820	1115.8820	-202.6664	-202.6664	-202.6664	-202.6664	-202.6664	-202.6664	-202.6664	-202.6664	-202.6664	-202.6664	-202.6664	-202.6664
-15.7481	-15.7481	-15.7481	-15.7481	-15.7481	-15.7481	-111.9297	-111.9297	-111.9297	-111.9297	-111.9297	573.2989	438.4962	441.6411	370.7071	427.8378	-1509.2007	-1509.2007	-1509.2007	-1509.2007	-1509.2007	-3368.0600	1150.7975	1150.7975	1150.7975	1150.7975	96.0927	96.0927	96.0927	96.0927	96.0927	96.0927	96.0927	96.0927	96.0927	96.0927	96.0927	96.0927
-16.2626	-16.2626	-16.2626	-16.2626	-16.2626	-16.2626	-94.4891	-94.4891	-94.4891	-94.4891	-94.4891	-34.6547	619.5866	484.7839	487.9289	416.9948	-1401.2216	-1401.2216	-1401.2216	-1401.2216	-1401.2216	-3302.1706	1211.1613	1211.1613	1211.1613	1211.1613	367.0962	367.0962	367.0962	367.0962	367.0962	367.0962	367.0962	367.0962	367.0962	367.0962	367.0962	367.0962
-17.3028	-17.3028	-17.3028	-17.3028	-17.3028	-17.3028	-54.1883	-54.1883	-54.1883	-54.1883	-54.1883	8.5370	8.5370	662.7783	527.9757	531.1206	-1330.4568	-1330.4568	-1330.4568	-1330.4568	-1330.4568	-3206.0669	1224.0636	1224.0636	1224.0636	1224.0636	612.9477	612.9477	612.9477	612.9477	612.9477	612.9477	612.9477	612.9477	612.9477	612.9477	612.9477	612.9477
-18.6042	-18.6042	-18.6042	-18.6042	-18.6042	-18.6042	-0.3762	-0.3762	-0.3762	-0.3762	-0.3762	29.3475	29.3475	29.3475	683.5889	548.7862	-1414.5942	-1414.5942	-1414.5942	-1414.5942	-1414.5942	-3200.9874	1084.7188	1084.7188	1084.7188	1084.7188	836.0039	836.0039	836.0039	836.0039	836.0039	836.0039	836.0039	836.0039	836.0039	836.0039	836.0039	836.0039
-20.0314	-20.0314	-20.0314	-20.0314	-20.0314	-20.0314	62.1788	62.1788	62.1788	62.1788	62.1788	-35.1599	-35.1599	-35.1599	-35.1599	619.0814	-1694.4475	-1694.4475	-1694.4475	-1694.4475	-1694.4475	-3357.2085	759.7559	759.7559	759.7559	759.7559	1038.3991	1038.3991	1038.3991	1038.3991	1038.3991	1038.3991	1038.3991	1038.3991	1038.3991	1038.3991	1038.3991	1038.3991
-21.2609	-20.9484	-20.9484	-20.9484	-20.9484	-20.9484	111.7937	111.7937	111.7937	111.7937	111.7937	-218.7950	-218.7950	-218.7950	-218.7950	-218.7950	-2134.6411	-2134.6411	-2134.6411	-2134.6411	-2134.6411	-3667.7631	275.9377	275.9377	275.9377	275.9377	393.3339	393.3339	393.3339	393.3339	393.3339	393.3339	393.3339	393.3339	393.3339	393.3339	393.3339	393.3339
-21.1623	-21.0373	-20.7248	-20.7248	-20.7248	-20.7248	126.5333	126.5333	126.5333	126.5333	126.5333	-526.2401	-526.2401	-526.2401	-526.2401	-526.2401	-2729.0935	-2729.0935	-2729.0935	-2729.0935	-2729.0935	-4108.4237	-353.7947	-353.7947	-353.7947	-353.7947	-1166.6809	-1166.6809	-1166.6809	-1166.6809	-1166.6809	-1166.6809	-1166.6809	-1166.6809	-1166.6809	-1166.6809	-1166.6809	-1166.6809
-19.2355	-19.4230	-19.2980	-18.9855	-18.9855	-18.9855	93.2088	93.2088	93.2088	93.2088	93.2088	-944.4168	-944.4168	-944.4168	-944.4168	-944.4168	-3346.1867	-3346.1867	-3346.1867	-3346.1867	-3346.1867	-4583.1693	-1027.7472	-1027.7472	-1027.7472	-1027.7472	-1025.9289	-1025.9289	-1025.9289	-1025.9289	-1025.9289	-1025.9289	-1025.9289	-1025.9289	-1025.9289	-1025.9289	-1025.9289	-1025.9289
-16.1509	-16.4009	-16.5884	-16.4634	-16.1509	-16.1509	25.1072	25.1072	25.1072	25.1072	25.1072	-1438.5855	-1438.5855	-1438.5855	-1438.5855	-1438.5855	-3816.4426	-3816.4426	-3816.4426	-3816.4426	-3816.4426	-4967.7933	-1617.6529	-1617.6529	-1617.6529	-1617.6529	-899.1780	-899.1780	-899.1780	-899.1780	-899.1780	-899.1780	-899.1780	-899.1780	-899.1780	-899.1780	-899.1780	-899.1780
-13.0062	-13.0062	-13.2562	-13.4437	-13.3187	-13.0062	-53.4590	-53.4590	-53.4590	-53.4590	-53.4590	-1938.0495	-1938.0495	-1938.0495	-1938.0495	-1938.0495	-4013.8224	-4013.8224	-4013.8224	-4013.8224	-4013.8224	-5148.1723	-2016.8390	-2016.8390	-2016.8390	-2016.8390	-785.1278	-785.1278	-785.1278	-785.1278	-785.1278	-785.1278	-785.1278	-785.1278	-785.1278	-785.1278	-785.1278	-785.1278
-10.1472	-10.1472	-10.1472	-10.3972	-10.5847	-10.4597	-122.4813	-122.4813	-122.4813	-122.4813	-122.4813	-2375.4453	-2375.4453	-2375.4453	-2375.4453	-2375.4453	-3924.3371	-3924.3371	-3924.3371	-3924.3371	-3924.3371	-5094.0825	-2183.0005	-2183.0005	-2183.0005	-2183.0005	-682.6002	-682.6002	-682.6002	-682.6002	-682.6002	-682.6002	-682.6002	-682.6002	-682.6002	-682.6002	-682.6002	-682.6002
-7.5554	-7.5554	-7.5554	-7.5554	-7.8054	-7.9929	-181.5423	-181.2298	-181.2298	-181.2298	-181.2298	-2686.7422	-2686.7422	-2686.7422	-2686.7422	-2686.7422	-3634.4733	-3634.4733	-3634.4733	-3634.4733	-3634.4733	-4888.3162	-2174.4342	-2174.4342	-2174.4342	-2174.4342	-590.5281	-590.5281	-590.5281	-590.5281	-590.5281	-590.5281	-590.5281	-590.5281	-590.5281	-590.5281	-590.5281	-590.5281
-5.4712	-5.4712	-5.4712	-5.4712	-5.4712	-5.7212	-222.1300	-222.0050	-221.6925	-221.6925	-221.6925	-2840.9042	-2840.9042	-2840.9042	-2840.9042	-2840.9042	-3201.2999	-3201.2999	-3201.2999	-3201.2999	-3201.2999	-4543.1851	-1992.2456	-1992.2456	-1992.2456	-1992.2456	-507.9441	-507.9441	-507.9441	-507.9441	-507.9441	-507.9441	-507.9441	-507.9441	-507.9441	-507.9441	-507.9441	-507.9441
-3.8686	-3.8686	-3.8686	-3.8686	-3.8686	-3.8686	-247.0684	-247.2559	-247.1309	-246.8184	-246.8184	-2830.4077	-2830.4077	-2830.4077	-2830.4077	-2830.4077	-2646.1296	-2646.1296	-2646.1296	-2646.1296	-2646.1296	-4029.8364	-1615.7803	-1615.7803	-1615.7803	-1615.7803	-433.9720	-433.9720	-433.9720	-433.9720	-433.9720	-433.9720	-433.9720	-433.9720	-433.9720	-433.9720	-433.9720	-433.9720
-2.2860	-2.2860	-2.2860	-2.2860	-2.2860	-2.2860	-271.6989	-271.9489	-272.1364	-272.0114	-271.6989	-2656.2101	-2656.2101	-2656.2101	-2656.2101	-2656.2101	-2094.5680	-2094.5680	-2094.5680	-2094.5680	-2094.5680	-3421.5224	-1139.2461	-1139.2461	-1139.2461	-1139.2461	-367.8176	-367.8176	-367.8176	-367.8176	-367.8176	-367.8176	-367.8176	-367.8176	-367.8176	-367.8176	-367.8176	-367.8176
-0.8823	-0.8823	-0.8823	-0.8823	-0.8823	-0.8823	-296.1718	-296.1718	-296.4218	-296.6093	-296.4843	-2355.5897	-2355.5897	-2355.5897	-2355.5897	-2355.5897	-1624.0709	-1624.0709	-1624.0709	-1624.0709	-1624.0709	-2811.5596	-665.4470	-665.4470	-665.4470	-665.4470	-308.7609	-308.7609	-308.7609	-308.7609	-308.7609	-308.7609	-308.7609	-308.7609	-308.7609	-308.7609	-308.7609	-308.7609
-0.3470	-0.3470	-0.3470	-0.3470	-0.3470	-0.3470	-304.2354	-304.2354	-304.2354	-304.4854	-304.6729	-2002.4586	-2002.1461	-2002.1461	-2002.1461	-2002.1461	-1185.7567	-1185.7567	-1185.7567	-1185.7567	-1185.7567	-2216.5426	-201.4845	-201.4845	-201.4845	-201.4845	-256.1496	-256.1496	-256.1496	-256.1496	-256.1496	-256.1496	-256.1496	-256.1496	-256.1496	-256.1496	-256.1496	-256.1496
-0.9115	-0.9115	-0.9115	-0.9115	-0.9115	-0.9115	-291.8837	-291.8837	-291.8837	-291.8837	-292.1337	-1629.1502	-1629.0252	-1628.7127	-1628.7127	-1628.7127	-827.7201	-827.7201	-827.7201	-827.7201	-827.7201	-1717.4852	170.2399	170.2399	170.2399	170.2399	-209.3920	-209.3920	-209.3920	-209.3920	-209.3920	-209.3920	-209.3920	-209.3920	-209.3920	-209.3920	-209.3920	-209.3920
-2.3165	-2.3165	-2.3165	-2.3165	-2.3165	-2.3165	-264.6056	-264.6056	-264.6056	-264.6056	-264.6056	-1265.0385	-1265.2260	-1265.1010	-1264.7885	-1264.7885	-613.4277	-613.4277	-613.4277	-613.4277	-613.4277	-1361.5619	400.5369	400.5369	400.5369	400.5369	-167.9519	-167.9519	-167.9519	-167.9519	-167.9519	-167.9519	-167.9519	-167.9519	-167.9519	-167.9519	-167.9519	-167.9519
-3.9520	-3.9520	-3.9520	-3.9520	-3.9520	-3.9520	-229.5094	-229.5094	-229.5094	-229.5094	-229.5094	-941.9688	-942.2188	-942.4063	-942.2813	-941.9688	-513.8865	-513.8865	-513.8865	-513.8865	-513.8865	-1141.0069	508.7676	508.7676	508.7676	508.7676	-131.3431	-131.3431	-131.3431	-131.3431	-131.3431	-131.3431	-131.3431	-131.3431	-131.3431	-131.3431	-131.3431	-131.3431
-5.5475	-5.5475	-5.5475	-5.5475	-5.5475	-5.5475	-196.3107	-196.3107	-196.3107	-196.3107	-196.3107	-672.6042	-672.6042	-672.8542	-673.0417	-672.9167	-478.4321	-478.4321	-478.4321	-478.4321	-478.4321	-991.3025	546.4864	546.4864	546.4864	546.4864	-99.1248	-99.1248	-99.1248	-99.1248	-99.1248	-99.1248	-99.1248	-99.1248	-99.1248	-99.1248	-99.1248	-99.1248
-7.3417	-7.3417	-7.3417	-7.3417	-7.3417	-7.3417	-170.2332	-170.2332	-170.2332	-170.2332	-170.2332	-449.8003	-449.8003	-449.8003	-450.0503	-450.2378	-492.4343	-492.4343	-492.4343	-492.4343	-492.4343	-853.4500	545.7996	545.7996	545.7996	545.7996	-70.8970	-70.8970	-70.8970	-70.8970	-70.8970	-70.8970	-70.8970	-70.8970	-70.8970	-70.8970	-70.8970	-70.8970
-9.2649	-9.2649	-9.2649	-9.2649	-9.2649	-9.2649	-156.3443	-156.3443	-156.3443	-156.3443	-156.3443	-281.6731	-281.6731	-281.6731	-281.6731	-281.9231	-510.1333	-510.1333	-510.1333	-510.1333	-510.1333	-676.9968	546.5356	546.5356	546.5356	546.5356	-46.2971	-46.2971	-46.2971	-46.2971	-46.2971	-46.2971	-46.2971	-46.2971	-46.2971	-46.2971	-46.2971	-46.2971
-11.1801	-11.1801	-11.1801	-11.1801	-11.1801	-11.1801	-151.4563	-151.4563	-151.4563	-151.4563	-151.4563	-168.9815	-168.9815	-168.9815	-168.9815	-168.9815	-517.6895	-517.6895	-517.6895	-517.6895	-517.6895	-489.6774	536.2844	536.2844	536.2844	536.2844	-24.9963	-24.9963	-24.9963	-24.9963	-24.9963	-24.9963	-24.9963	-24.9963	-24.9963	-24.9963	-24.9963	-24.9963
-13.3279	-13.3279	-13.3279	-13.3279	-13.3279	-13.3279	-147.6449	-147.6449	-147.6449	-147.6449	-147.6449	-107.1069	-107.1069	-107.1069	-107.1069	-107.1069	-495.9588	-495.9588	-495.9588	-495.9588	-495.9588	-294.4485	525.2992	525.2992	525.2992	525.2992	-6.6962	-6.6962	-6.6962	-6.6962	-6.6962	-6.6962	-6.6962	-6.6962	-6.6962	-6.6962	-6.6962	-6.6962
-15.2387	-15.2387	-15.2387	-15.2387	-15.2387	-15.2387	-140.6368	-140.6368	-140.6368	-140.6368	-140.6368	-82.6140	-82.6140	-82.6140	-82.6140	-82.6140	-451.0413	-451.0413	-451.0413	-451.0413	-451.0413	-120.0174	516.8343	516.8343	516.8343	516.8343	8.8740	8.8740	8.8740	8.8740	8.8740	8.8740	8.8740	8.8740	8.8740	8.8740	8.8740	8.8740
-16.0717	-16.0717	-16.0717	-16.0717	-16.0717	-16.0717	-133.5164	-133.5164	-133.5164	-133.5164	-133.5164	-73.2508	-73.2508	-73.2508	-73.2508	-73.2508	-398.0080	-398.0080	-398.0080	-398.0080	-398.0080	1.7437	505.4837	505.4837	505.4837	505.4837	21.9598	21.9598	21.9598	21.9598	21.9598	21.9598	21.9598	21.9598	21.9598	21.9598	21.9598	21.9598
-15.4479	-15.4479	-15.4479	-15.4479	-15.4479	-15.4479	-125.5583	-125.5583	-125.5583	-125.5583	-125.5583	-69.9797	-69.9797	-69.9797	-69.9797	-69.9797	-353.7146	-353.7146	-353.7146	-353.7146	-353.7146	55.3443	494.0465	494.0465	494.0465	494.0465	32.7841	32.7841	32.7841	32.7841	32.7841	32.7841	32.7841	32.7841	32.7841	32.7841	32.7841	32.7841
-13.7673	-13.7673	-13.7673	-13.7673	-13.7673	-13.7673	-117.0501	-117.0501	-117.0501	-117.0501	-117.0501	-66.2222	-66.2222	-66.2222	-66.2222	-66.2222	-321.4327	-321.4327	-321.4327	-321.4327	-321.4327	67.8203	493.1785	493.1785	493.1785	493.1785	41.5491	41.5491	41.5491	41.5491	41.5491	41.5491	41.5491	41.5491	41.5491	41.5491	41.5491	41.5491
-11.6526	-11.6526	-11.6526	-11.6526	-11.6526	-11.6526	-109.2692	-109.2692	-109.2692	-109.2692	-109.2692	-58.2194	-58.2194	-58.2194	-58.2194	-58.2194	-316.3414	-316.3414	-316.3414	-316.3414	-316.3414	66.9667	498.0081	498.0081	498.0081	498.0081	48.4382	48.4382	48.4382	48.4382	48.4382	48.4382	48.4382	48.4382	48.4382	48.4382	48.4382	48.4382
-9.7804	-9.7804	-9.7804	-9.7804	-9.7804	-9.7804	-102.3181	-102.3181	-102.3181	-102.3181	-102.3181	-47.0790	-47.0790	-47.0790	-47.0790	-47.0790	-333.4349	-333.4349	-333.4349	-333.4349	-333.4349	70.7924	502.7998	502.7998	502.7998	502.7998	53.6182	53.6182	53.6182	53.6182	53.6182	53.6182	53.6182	53.6182	53.6182	53.6182	53.6182	53.6182
-8.3660	-8.3660	-8.3660	-8.3660	-8.3660	-8.3660	-94.9724	-94.9724	-94.9724	-94.9724	-94.9724	-38.7747	-38.7747	-38.7747	-38.7747	-38.7747	-360.1570	-360.1570	-360.1570	-360.1570	-360.1570	74.7048	506.3790	506.3790	506.3790	506.3790	57.2401	57.2401	57.2401	57.2401	57.2401	57.2401	57.2401	57.2401	57.2401	57.2401	57.2401	57.2401
-7.7182	-7.7182	-7.7182	-7.7182	-7.7182	-7.7182	-86.9601	-86.9601	-86.9601	-86.9601	-86.9601	-32.1348	-32.1348	-32.1348	-32.1348	-32.1348	-378.7271	-378.7271	-378.7271	-378.7271	-378.7271	84.2148	505.9478	505.9478	505.9478	505.9478	59.4413	59.4413	59.4413	59.4413	59.4413	59.4413	59.4413	59.4413	59.4413	59.4413	59.4413	59.4413
-7.6350	-7.6350	-7.6350	-7.6350	-7.6350	-7.6350	-78.6420	-78.6420	-78.6420	-78.6420	-78.6420	-26.2323	-26.2323	-26.2323	-26.2323	-26.2323	-375.6287	-375.6287	-375.6287	-375.6287	-375.6287	98.9748	503.7800	503.7800	503.7800	503.7800	60.3464	60.3464	60.3464	60.3464	60.3464	60.3464	60.3464	60.3464	60.3464	60.3464	60.3464	60.3464
-7.6646	-7.6646	-7.6646	-7.6646	-7.6646	-7.6646	-70.1998	-70.1998	-70.1998	-70.1998	-70.1998	-20.3983	-20.3983	-20.3983	-20.3983	-20.3983	-342.7957	-342.7957	-342.7957	-342.7957	-342.7957	102.7486	497.7570	497.7570	497.7570	497.7570	60.0684	60.0684	60.0684	60.0684	60.0684	60.0684	60.0684	60.0684	60.0684	60.0684	60.0684	60.0684
-7.5042	-7.5042	-7.5042	-7.5042	-7.5042	-7.5042	-62.5001	-62.5001	-62.5001	-62.5001	-62.5001	-14.5764	-14.5764	-14.5764	-14.5764	-14.5764	-287.4573	-287.4573	-287.4573	-287.4573	-287.4573	97.5387	489.8769	489.8769	489.8769	489.8769	58.7102	58.7102	58.7102	58.7102	58.7102	58.7102	58.7102	58.7102	58.7102	58.7102	58.7102	58.7102
-7.2619	-7.2619	-7.2619	-7.2619	-7.2619	-7.2619	-56.4081	-56.4081	-56.4081	-56.4081	-56.4081	-9.3227	-9.3227	-9.3227	-9.3227	-9.3227	-216.9305	-216.9305	-216.9305	-216.9305	-216.9305	107.7539	489.3830	489.3830	489.3830	489.3830	56.3651	56.3651	56.3651	56.3651	56.3651	56.3651	56.3651	56.3651	56.3651	56.3651	56.3651	56.3651
-6.8610	-6.8610	-6.8610	-6.8610	-6.8610	-6.8610	-52.4379	-52.4379	-52.4379	-52.4379	-52.4379	-4.3903	-4.3903	-4.3903	-4.3903	-4.3903	-148.5221	-148.5221	-148.5221	-148.5221	-148.5221	134.7562	493.7088	493.7088	493.7088	493.7088	53.1178	53.1178	53.1178	53.1178	53.1178	53.1178	53.1178	53.1178	53.1178	53.1178	53.1178	53.1178
-6.3671	-6.3671	-6.3671	-6.3671	-6.3671	-6.3671	-50.0203	-50.0203	-50.0203	-50.0203	-50.0203	0.3715	0.3715	0.3715	0.3715	0.3715	-96.1232	-96.1232	-96.1232	-96.1232	-96.1232	161.6323	490.3474	490.3474	490.3474	490.3474	49.0452	49.0452	49.0452	49.0452	49.0452	49.0452	49.0452	49.0452	49.0452	49.0452	49.0452	49.0452
-5.8520	-5.8520	-5.8520	-5.8520	-5.8520	-5.8520	-48.4608	-48.4608	-48.4608	-48.4608	-48.4608	4.9569	4.9569	4.9569	4.9569	4.9569	-70.0735	-70.0735	-70.0735	-70.0735	-70.0735	179.2975	474.7919	474.7919	474.7919	474.7919	44.2173	44.2173	44.2173	44.2173	44.2173	44.2173	44.2173	44.2173	44.2173	44.2173	44.2173	44.2173
-5.4591	-5.4591	-5.4591	-5.4591	-5.4591	-5.4591	-46.6621	-46.6621	-46.6621	-46.6621	-46.6621	9.2467	9.2467	9.2467	9.2467	9.2467	-67.1857	-67.1857	-67.1857	-67.1857	-67.1857	178.2554	446.6342	446.6342	446.6342	446.6342	38.6975	38.6975	38.6975	38.6975	38.6975	38.6975	38.6975	38.6975	38.6975	38.6975	38.6975	38.6975
-5.2833	-5.2833	-5.2833	-5.2833	-5.2833	-5.2833	-43.9780	-43.9780	-43.9780	-43.9780	-43.9780	13.0084	13.0084	13.0084	13.0084	13.0084	-87.2404	-87.2404	-87.2404	-87.2404	-87.2404	144.1032	397.9123	397.9123	397.9123	397.9123	32.5437	32.5437	32.5437	32.5437	32.5437	32.5437	32.5437	32.5437	32.5437	32.5437	32.5437	32.5437
-5.3957	-5.3957	-5.3957	-5.3957	-5.3957	-5.3957	-39.8503	-39.8503	-39.8503	-39.8503	-39.8503	16.2670	16.2670	16.2670	16.2670	16.2670	-111.7019	-111.7019	-111.7019	-111.7019	-111.7019	85.0776	341.6857	341.6857	341.6857	341.6857	25.8080	25.8080	25.8080	25.8080	25.8080	25.8080	25.8080	25.8080	25.8080	25.8080	25.8080	25.8080
-5.7093	-5.7093	-5.7093	-5.7093	-5.7093	-5.7093	-34.7719	-34.7719	-34.7719	-34.7719	-34.7719	19.0806	19.0806	19.0806	19.0806	19.0806	-116.9095	-116.9095	-116.9095	-116.9095	-116.9095	31.6498	303.6883	303.6883	303.6883	303.6883	18.5383	18.5383	18.5383	18.5383	18.5383	18.5383	18.5383	18.5383	18.5383	18.5383	18.5383	18.5383
-6.1273	-6.1273	-6.1273	-6.1273	-6.1273	-6.1273	-29.4750	-29.4750	-29.4750	-29.4750	-29.4750	21.6403	21.6403	21.6403	21.6403	21.6403	-82.2681	-82.2681	-82.2681	-82.2681	-82.2681	12.2130	303.2136	303.2136	303.2136	303.2136	10.7778	10.7778	10.7778	10.7778	10.7778	10.7778	10.7778	10.7778	10.7778	10.7778	10.7778	10.7778
-6.4793	-6.4793	-6.4793	-6.4793	-6.4793	-6.4793	-24.8741	-24.8741	-24.8741	-24.8741	-24.8741	24.0754	24.0754	24.0754	24.0754	24.0754	-16.6960	-16.6960	-16.6960	-16.6960	-16.6960	26.0972	332.7233	332.7233	332.7233	332.7233	2.5658	2.5658	2.5658	2.5658	2.5658	2.5658	2.5658	2.5658	2.5658	2.5658	2.5658	2.5658
-6.6527	-6.6527	-6.6527	-6.6527	-6.6527	-6.6527	-21.3241	-21.3241	-21.3241	-21.3241	-21.3241	26.4540	26.4540	26.4540	26.4540	26.4540	61.8447	61.8447	61.8447	61.8447	61.8447	58.1455	377.5488	377.5488	377.5488	377.5488	0.0000	0.0000	0.0000	0.0000	0.0000	0.0000	0.0000	0.0000	0.0000	0.0000	0.0000	0.0000
-6.5572	-6.5572	-6.5572	-6.5572	-6.5572	-6.5572	-19.2337	-19.2337	-19.2337	-19.2337	-19.2337	28.7653	28.7653	28.7653	28.7653	28.7653	127.0609	127.0609	127.0609	127.0609	127.0609	86.0993	412.8388	412.8388	412.8388	412.8388	0.0000	0.0000	0.0000	0.0000	0.0000	0.0000	0.0000	0.0000	0.0000	0.0000	0.0000	0.0000
-6.2704	-6.2704	-6.2704	-6.2704	-6.2704	-6.2704	-18.2084	-18.2084	-18.2084	-18.2084	-18.2084	30.9317	30.9317	30.9317	30.9317	30.9317	160.9648	160.9648	160.9648	160.9648	160.9648	89.9739	419.2685	419.2685	419.2685	419.2685	0.0000	0.0000	0.0000	0.0000	0.0000	0.0000	0.0000	0.0000	0.0000	0.0000	0.0000	0.0000
-5.8982	-5.8982	-5.8982	-5.8982	-5.8982	-5.8982	-17.6807	-17.6807	-17.6807	-17.6807	-17.6807	32.6752	32.6752	32.6752	32.6752	32.6752	144.1402	144.1402	144.1402	144.1402	144.1402	46.3704	377.7659	377.7659	377.7659	377.7659	0.0000	0.0000	0.0000	0.0000	0.0000	0.0000	0.0000	0.0000	0.0000	0.0000	0.0000	0.0000
-5.5937	-5.5937	-5.5937	-5.5937	-5.5937	-5.5937	-16.9267	-16.9267	-16.9267	-16.9267	-16.9267	33.7774	33.7774	33.7774	33.7774	33.7774	91.3522	91.3522	91.3522	91.3522	91.3522	-28.9234	303.8053	303.8053	303.8053	303.8053	0.0000	0.0000	0.0000	0.0000	0.0000	0.0000	0.0000	0.0000	0.0000	0.0000	0.0000	0.0000
-5.4313	-5.4313	-5.4313	-5.4313	-5.4313	-5.4313	-15.6398	-15.6398	-15.6398	-15.6398	-15.6398	34.0790	34.0790	34.0790	34.0790	34.0790	34.1380	34.1380	34.1380	34.1380	34.1380	-102.7759	225.4375	225.4375	225.4375	225.4375	0.0000	0.0000	0.0000	0.0000	0.0000	0.0000	0.0000	0.0000	0.0000	0.0000	0.0000	0.0000
-5.4816	-5.4816	-5.4816	-5.4816	-5.4816	-5.4816	-13.4837	-13.4837	-13.4837	-13.4837	-13.4837	33.5681	33.5681	33.5681	33.5681	33.5681	-5.2277	-5.2277	-5.2277	-5.2277	-5.2277	-147.2854	169.1195	169.1195	169.1195	169.1195	0.0000	0.0000	0.0000	0.0000	0.0000	0.0000	0.0000	0.0000	0.0000	0.0000	0.0000	0.0000
-5.6680	-5.6680	-5.6680	-5.6680	-5.6680	-5.6680	-10.7540	-10.7540	-10.7540	-10.7540	-10.7540	32.3331	32.3331	32.3331	32.3331	32.3331	-30.1082	-30.1082	-30.1082	-30.1082	-30.1082	-158.8826	139.9128	139.9128	139.9128	139.9128	0.0000	0.0000	0.0000	0.0000	0.0000	0.0000	0.0000	0.0000	0.0000	0.0000	0.0000	0.0000
-5.9044	-5.9044	-5.9044	-5.9044	-5.9044	-5.9044	-7.9587	-7.9587	-7.9587	-7.9587	-7.9587	30.5987	30.5987	30.5987	30.5987	30.5987	-35.3685	-35.3685	-35.3685	-35.3685	-35.3685	-135.7391	146.3255	146.3255	146.3255	146.3255	0.0000	0.0000	0.0000	0.0000	0.0000	0.0000	0.0000	0.0000	0.0000	0.0000	0.0000	0.0000
-6.0361	-6.0361	-6.0361	-6.0361	-6.0361	-6.0361	-5.5926	-5.5926	-5.5926	-5.5926	-5.5926	28.6248	28.6248	28.6248	28.6248	28.6248	-32.1152	-32.1152	-32.1152	-32.1152	-32.1152	-92.9438	172.4235	172.4235	172.4235	172.4235	0.0000	0.0000	0.0000	0.0000	0.0000	0.0000	0.0000	0.0000	0.0000	0.0000	0.0000	0.0000
-5.9620	-5.9620	-5.9620	-5.9620	-5.9620	-5.9620	-3.7429	-3.7429	-3.7429	-3.7429	-3.7429	26.7063	26.7063	26.7063	26.7063	26.7063	-36.5044	-36.5044	-36.5044	-36.5044	-36.5044	-46.0552	195.5533	195.5533	195.5533	195.5533	0.0000	0.0000	0.0000	0.0000	0.0000	0.0000	0.0000	0.0000	0.0000	0.0000	0.0000	0.0000
-5.6020	-5.6020	-5.6020	-5.6020	-5.6020	-5.6020	-2.6106	-2.6106	-2.6106	-2.6106	-2.6106	24.9705	24.9705	24.9705	24.9705	24.9705	-58.7743	-58.7743	-58.7743	-58.7743	-58.7743	-11.9892	197.2103	197.2103	197.2103	197.2103	0.0000	0.0000	0.0000	0.0000	0.0000	0.0000	0.0000	0.0000	0.0000	0.0000	0.0000	0.0000
-5.0333	-5.0333	-5.0333	-5.0333	-5.0333	-5.0333	-2.0426	-2.0426	-2.0426	-2.0426	-2.0426	23.4643	23.4643	23.4643	23.4643	23.4643	-91.5535	-91.5535	-91.5535	-91.5535	-91.5535	7.9849	180.6615	180.6615	180.6615	180.6615	0.0000	0.0000	0.0000	0.0000	0.0000	0.0000	0.0000	0.0000	0.0000	0.0000	0.0000	0.0000
-4.4037	-4.4037	-4.4037	-4.4037	-4.4037	-4.4037	-1.6467	-1.6467	-1.6467	-1.6467	-1.6467	22.1071	22.1071	22.1071	22.1071	22.1071	-129.4932	-129.4932	-129.4932	-129.4932	-129.4932	18.8807	146.9637	146.9637	146.9637	146.9637	0.0000	0.0000	0.0000	0.0000	0.0000	0.0000	0.0000	0.0000	0.0000	0.0000	0.0000	0.0000
-3.8266	-3.8266	-3.8266	-3.8266	-3.8266	-3.8266	-1.2507	-1.2507	-1.2507	-1.2507	-1.2507	20.7533	20.7533	20.7533	20.7533	20.7533	-163.6734	-163.6734	-163.6734	-163.6734	-163.6734	17.2712	107.3708	107.3708	107.3708	107.3708	0.0000	0.0000	0.0000	0.0000	0.0000	0.0000	0.0000	0.0000	0.0000	0.0000	0.0000	0.0000
-3.2960	-3.2960	-3.2960	-3.2960	-3.2960	-3.2960	-1.0345	-1.0345	-1.0345	-1.0345	-1.0345	19.1919	19.1919	19.1919	19.1919	19.1919	-193.0781	-193.0781	-193.0781	-193.0781	-193.0781	-8.1883	72.2117	72.2117	72.2117	72.2117	0.0000	0.0000	0.0000	0.0000	0.0000	0.0000	0.0000	0.0000	0.0000	0.0000	0.0000	0.0000
-2.8548	-2.8548	-2.8548	-2.8548	-2.8548	-2.8548	-0.9730	-0.9730	-0.9730	-0.9730	-0.9730	17.3973	17.3973	17.3973	17.3973	17.3973	-208.6464	-208.6464	-208.6464	-208.6464	-208.6464	-57.9720	51.2817	51.2817	51.2817	51.2817	0.0000	0.0000	0.0000	0.0000	0.0000	0.0000	0.0000	0.0000	0.0000	0.0000	0.0000	0.0000
-2.4897	-2.4897	-2.4897	-2.4897	-2.4897	-2.4897	-1.0189	-1.0189	-1.0189	-1.0189	-1.0189	15.3880	15.3880	15.3880	15.3880	15.3880	-204.5227	-204.5227	-204.5227	-204.5227	-204.5227	-121.9727	41.9702	41.9702	41.9702	41.9702	0.0000	0.0000	0.0000	0.0000	0.0000	0.0000	0.0000	0.0000	0.0000	0.0000	0.0000	0.0000
-2.1240	-2.1240	-2.1240	-2.1240	-2.1240	-2.1240	-1.2295	-1.2295	-1.2295	-1.2295	-1.2295	13.1898	13.1898	13.1898	13.1898	13.1898	-182.6468	-182.6468	-182.6468	-182.6468	-182.6468	-191.0687	40.6946	40.6946	40.6946	40.6946	0.0000	0.0000	0.0000	0.0000	0.0000	0.0000	0.0000	0.0000	0.0000	0.0000	0.0000	0.0000
-1.7613	-1.7613	-1.7613	-1.7613	-1.7613	-1.7613	-1.4636	-1.4636	-1.4636	-1.4636	-1.4636	10.8894	10.8894	10.8894	10.8894	10.8894	-150.9968	-150.9968	-150.9968	-150.9968	-150.9968	-243.8008	42.9043	42.9043	42.9043	42.9043	0.0000	0.0000	0.0000	0.0000	0.0000	0.0000	0.0000	0.0000	0.0000	0.0000	0.0000	0.0000
-1.4870	-1.4870	-1.4870	-1.4870	-1.4870	-1.4870	-1.4780	-1.4780	-1.4780	-1.4780	-1.4780	8.6345	8.6345	8.6345	8.6345	8.6345	-111.5282	-111.5282	-111.5282	-111.5282	-111.5282	-261.9764	47.5792	47.5792	47.5792	47.5792	0.0000	0.0000	0.0000	0.0000	0.0000	0.0000	0.0000	0.0000	0.0000	0.0000	0.0000	0.0000
-1.3241	-1.3241	-1.3241	-1.3241	-1.3241	-1.3241	-1.1583	-1.1583	-1.1583	-1.1583	-1.1583	6.5117	6.5117	6.5117	6.5117	6.5117	-75.7171	-75.7171	-75.7171	-75.7171	-75.7171	-234.6014	51.5393	51.5393	51.5393	51.5393	0.0000	0.0000	0.0000	0.0000	0.0000	0.0000	0.0000	0.0000	0.0000	0.0000	0.0000	0.0000
-1.2452	-1.2452	-1.2452	-1.2452	-1.2452	-1.2452	-0.6097	-0.6097	-0.6097	-0.6097	-0.6097	4.5971	4.5971	4.5971	4.5971	4.5971	-53.0603	-53.0603	-53.0603	-53.0603	-53.0603	-174.8893	54.6669	54.6669	54.6669	54.6669	0.0000	0.0000	0.0000	0.0000	0.0000	0.0000	0.0000	0.0000	0.0000	0.0000	0.0000	0.0000
-0.0309	-0.0309	-0.0309	-0.0309	-0.0309	-0.0309	0.6759	0.6759	0.6759	0.6759	0.6759	4.0014	4.0014	4.0014	4.0014	4.0014	-50.1910	-50.1910	-50.1910	-50.1910	-50.1910	-106.5234	55.6457	55.6457	55.6457	55.6457	0.0000	0.0000	0.0000	0.0000	0.0000	0.0000	0.0000	0.0000	0.0000	0.0000	0.0000	0.0000
-0.0435	-0.0435	-0.0435	-0.0435	-0.0435	-0.0435	1.1390	1.1390	1.1390	1.1390	1.1390	3.2507	3.2507	3.2507	3.2507	3.2507	-61.6080	-61.6080	-61.6080	-61.6080	-61.6080	-48.4072	54.6673	54.6673	54.6673	54.6673	0.0000	0.0000	0.0000	0.0000	0.0000	0.0000	0.0000	0.0000	0.0000	0.0000	0.0000	0.0000
-0.0522	-0.0522	-0.0522	-0.0522	-0.0522	-0.0522	1.3940	1.3940	1.3940	1.3940	1.3940	2.5070	2.5070	2.5070	2.5070	2.5070	-77.6937	-77.6937	-77.6937	-77.6937	-77.6937	-11.3045	52.4270	52.4270	52.4270	52.4270	0.0000	0.0000	0.0000	0.0000	0.0000	0.0000	0.0000	0.0000	0.0000	0.0000	0.0000	0.0000
-0.0565	-0.0565	-0.0565	-0.0565	-0.0565	-0.0565	1.4147	1.4147	1.4147	1.4147	1.4147	2.1127	2.1127	2.1127	2.1127	2.1127	-90.2983	-90.2983	-90.2983	-90.2983	-90.2983	2.5539	49.4275	49.4275	49.4275	49.4275	0.0000	0.0000	0.0000	0.0000	0.0000	0.0000	0.0000	0.0000	0.0000	0.0000	0.0000	0.0000
-0.0560	-0.0560	-0.0560	-0.0560	-0.0560	-0.0560	1.2493	1.2493	1.2493	1.2493	1.2493	1.8058	1.8058	1.8058	1.8058	1.8058	-94.6815	-94.6815	-94.6815	-94.6815	-94.6815	-1.3160	45.7371	45.7371	45.7371	45.7371	0.0000	0.0000	0.0000	0.0000	0.0000	0.0000	0.0000	0.0000	0.0000	0.0000	0.0000	0.0000
-0.0510	-0.0510	-0.0510	-0.0510	-0.0510	-0.0510	0.9709	0.9709	0.9709	0.9709	0.9709	1.5792	1.5792	1.5792	1.5792	1.5792	-89.9908	-89.9908	-89.9908	-89.9908	-89.9908	-15.1587	40.9368	40.9368	40.9368	40.9368	0.0000	0.0000	0.0000	0.0000	0.0000	0.0000	0.0000	0.0000	0.0000	0.0000	0.0000	0.0000
-0.0415	-0.0415	-0.0415	-0.0415	-0.0415	-0.0415	0.6674	0.6674	0.6674	0.6674	0.6674	1.4187	1.4187	1.4187	1.4187	1.4187	-79.0173	-79.0173	-79.0173	-79.0173	-79.0173	-30.0386	34.1519	34.1519	34.1519	34.1519	0.0000	0.0000	0.0000	0.0000	0.0000	0.0000	0.0000	0.0000	0.0000	0.0000	0.0000	0.0000
-0.0279	-0.0279	-0.0279	-0.0279	-0.0279	-0.0279	0.4316	0.4316	0.4316	0.4316	0.4316	1.3180	1.3180	1.3180	1.3180	1.3180	-65.7667	-65.7667	-65.7667	-65.7667	-65.7667	-36.6263	24.3555	24.3555	24.3555	24.3555	0.0000	0.0000	0.0000	0.0000	0.0000	0.0000	0.0000	0.0000	0.0000	0.0000	0.0000	0.0000
-0.0103	-0.0103	-0.0103	-0.0103	-0.0103	-0.0103	0.3515	0.3515	0.3515	0.3515	0.3515	1.2771	1.2771	1.2771	1.2771	1.2771	-54.9722	-54.9722	-54.9722	-54.9722	-54.9722	-26.2280	10.4308	10.4308	10.4308	10.4308	0.0000	0.0000	0.0000	0.0000	0.0000	0.0000	0.0000	0.0000	0.0000	0.0000	0.0000	0.0000
0.0111	0.0111	0.0111	0.0111	0.0111	0.0111	0.5150	0.5150	0.5150	0.5150	0.5150	1.2959	1.2959	1.2959	1.2959	1.2959	-51.6098	-51.6098	-51.6098	-51.6098	-51.6098	9.8199	-8.7690	-8.7690	-8.7690	-8.7690	0.0000	0.0000	0.0000	0.0000	0.0000	0.0000	0.0000	0.0000	0.0000	0.0000	0.0000	0.0000
-0.0398	-0.0398	-0.0398	-0.0398	-0.0398	-0.0398	0.9788	0.9788	0.9788	0.9788	0.9788	2.2963	2.2963	2.2963	2.2963	2.2963	-33.9804	-33.9804	-33.9804	-33.9804	-33.9804	-6.3457	-7.9285	-7.9285	-7.9285	-7.9285	0.0000	0.0000	0.0000	0.0000	0.0000	0.0000	0.0000	0.0000	0.0000	0.0000	0.0000	0.0000
Female migration
460.5229	495.5512	516.5701	511.7848	400.0479	133.2412	-130.0871	-381.1584	-427.6689	-233.7201	-2564.7697	5.8305	5.8305	5.8305	5.8305	5.8305	-2954.6792	-2954.6792	-2954.6792	-2954.6792	-2954.6792	-8404.3122	-5501.3850	-5501.3850	-5501.3850	-5501.3850	-99.8300	-99.8300	-99.8300	-99.8300	-99.8300	-99.8300	-99.8300	-99.8300	-99.8300	-99.8300	-99.8300	-99.8300
-8.9559	451.3368	486.3651	507.3840	502.5987	390.3883	87.9933	-179.5802	-430.6515	-477.1619	-283.2132	458.3882	-32.1303	-32.1303	-32.1303	-32.1303	-2249.8336	-2249.8336	-2249.8336	-2249.8336	-2249.8336	-5613.4882	-2443.0433	-2443.0433	-2443.0433	-2443.0433	-46.1742	-46.1742	-46.1742	-46.1742	-46.1742	-46.1742	-46.1742	-46.1742	-46.1742	-46.1742	-46.1742	-46.1742
-14.5626	-14.5642	445.7285	480.7568	501.7757	475.3513	372.2097	63.1256	-204.4478	-455.5191	-502.0296	-44.1009	426.8269	-65.5740	-65.5740	-65.5740	-1517.4124	-1517.4124	-1517.4124	-1517.4124	-1517.4124	-2781.7966	642.8739	642.8739	642.8739	642.8739	3.2762	3.2762	3.2762	3.2762	3.2762	3.2762	3.2762	3.2762	3.2762	3.2762	3.2762	3.2762
-17.3964	-17.3964	-17.3980	442.8947	477.9230	472.5357	477.7928	366.0558	56.9717	-210.6017	-461.6730	160.9477	-71.3899	399.5379	-94.5005	-94.5005	-1144.1512	-1144.1512	-1144.1512	-1144.1512	-1144.1512	-2616.8836	1040.8867	1040.8867	1040.8867	1040.8867	48.8510	48.8510	48.8510	48.8510	48.8510	48.8510	48.8510	48.8510	48.8510	48.8510	48.8510	48.8510
-18.2590	-18.2590	-18.2590	-18.2606	442.0321	457.0991	489.2262	484.4409	372.7040	63.6199	-203.9536	349.5758	137.9311	-94.4065	376.5213	-118.9098	-944.6723	-944.6723	-944.6723	-944.6723	-944.6723	-2609.5778	1252.3328	1252.3328	1252.3328	1252.3328	90.8538	90.8538	90.8538	90.8538	90.8538	90.8538	90.8538	90.8538	90.8538	90.8538	90.8538	90.8538
-17.9898	-17.9898	-17.9898	-17.9898	-17.9914	434.5728	481.4746	502.4935	497.7083	385.9714	76.8872	394.6870	331.2134	119.5686	-112.7690	358.1588	-883.8070	-883.8070	-883.8070	-883.8070	-883.8070	-2712.5236	1316.1674	1316.1674	1316.1674	1316.1674	129.5646	129.5646	129.5646	129.5646	129.5646	129.5646	129.5646	129.5646	129.5646	129.5646	129.5646	129.5646
-17.3921	-17.3921	-17.3921	-17.3921	-17.3921	-12.2883	460.4212	495.4495	516.4684	511.6832	399.9462	380.0575	381.5817	318.1081	106.4633	-125.8742	-926.1299	-926.1299	-926.1299	-926.1299	-926.1299	-2878.6755	1271.6025	1271.6025	1271.6025	1271.6025	165.2413	165.2413	165.2413	165.2413	165.2413	165.2413	165.2413	165.2413	165.2413	165.2413	165.2413	165.2413
-17.1611	-17.1611	-17.1611	-17.1611	-17.1611	-3.0944	9.7129	470.0056	505.0339	526.0528	521.2675	216.9485	371.4073	372.9315	309.4579	97.8132	-1033.6386	-1033.6386	-1033.6386	-1033.6386	-1033.6386	-3059.8627	1160.6741	1160.6741	1160.6741	1160.6741	198.1219	198.1219	198.1219	198.1219	198.1219	198.1219	198.1219	198.1219	198.1219	198.1219	198.1219	198.1219
-17.8121	-17.8121	-17.8121	-17.8121	-17.8121	-1.9422	11.1663	11.1647	471.4574	506.4857	527.5046	204.8834	214.0204	368.4793	370.0035	306.5299	-1168.8541	-1168.8541	-1168.8541	-1168.8541	-1168.8541	-3211.5173	1024.6479	1024.6479	1024.6479	1024.6479	228.4255	228.4255	228.4255	228.4255	228.4255	228.4255	228.4255	228.4255	228.4255	228.4255	228.4255	228.4255
-19.3200	-19.3200	-19.3200	-19.3200	-19.3200	-8.5260	4.8116	4.8116	4.8101	465.1027	500.1310	254.6373	208.1424	217.2795	371.7383	373.2625	-1295.8676	-1295.8676	-1295.8676	-1295.8676	-1295.8676	-3299.8779	902.4782	902.4782	902.4782	902.4782	-780.4038	-780.4038	-780.4038	-780.4038	-780.4038	-780.4038	-780.4038	-780.4038	-780.4038	-780.4038	-780.4038	-780.4038
-21.0836	-21.0836	-21.0836	-21.0836	-21.0836	-18.1634	-4.6841	-4.6841	-4.6841	-4.6857	455.6070	286.3739	263.8457	217.3508	226.4879	380.9467	-1383.6977	-1383.6977	-1383.6977	-1383.6977	-1383.6977	-3306.4084	826.9573	826.9573	826.9573	826.9573	-648.5095	-648.5095	-648.5095	-648.5095	-648.5095	-648.5095	-648.5095	-648.5095	-648.5095	-648.5095	-648.5095	-648.5095
-21.9973	-21.9973	-21.9973	-21.9973	-21.9973	-22.3410	-8.8587	-8.8587	-8.8587	-8.8587	-8.8587	410.9714	299.7284	277.2002	230.7053	239.8423	-1424.8732	-1424.8732	-1424.8732	-1424.8732	-1424.8732	-3247.7169	803.6623	803.6623	803.6623	803.6623	-529.5017	-529.5017	-529.5017	-529.5017	-529.5017	-529.5017	-529.5017	-529.5017	-529.5017	-529.5017	-529.5017	-529.5017
-20.7395	-20.7395	-20.7395	-20.7395	-20.7395	-10.9035	2.3774	2.3774	2.3774	2.3774	2.3774	-107.3172	424.3394	313.0964	290.5682	244.0733	-1439.2940	-1439.2940	-1439.2940	-1439.2940	-1439.2940	-3175.1325	806.8479	806.8479	806.8479	806.8479	-422.1097	-422.1097	-422.1097	-422.1097	-422.1097	-422.1097	-422.1097	-422.1097	-422.1097	-422.1097	-422.1097	-422.1097
-16.6010	-16.6010	-16.6010	-16.6010	-16.6010	21.6526	34.5031	34.5031	34.5031	34.5031	34.5031	-101.7638	-101.7638	429.8927	318.6497	296.1215	-1476.5210	-1476.5210	-1476.5210	-1476.5210	-1476.5210	-3163.4745	777.6496	777.6496	777.6496	777.6496	-325.1886	-325.1886	-325.1886	-325.1886	-325.1886	-325.1886	-325.1886	-325.1886	-325.1886	-325.1886	-325.1886	-325.1886
-10.6731	-10.6731	-10.6731	-10.6731	-10.6731	67.1481	79.4372	79.4372	79.4372	79.4372	79.4372	-113.7623	-113.7623	-113.7623	417.8943	306.6513	-1609.7923	-1609.7923	-1609.7923	-1609.7923	-1609.7923	-3284.4012	632.0442	632.0442	632.0442	632.0442	-237.7074	-237.7074	-237.7074	-237.7074	-237.7074	-237.7074	-237.7074	-237.7074	-237.7074	-237.7074	-237.7074	-237.7074
-3.6335	-3.6335	-3.6335	-3.6335	-3.6335	119.7202	131.2728	131.2728	131.2728	131.2728	131.2728	-177.0848	-177.0848	-177.0848	-177.0848	354.5718	-1867.8921	-1867.8921	-1867.8921	-1867.8921	-1867.8921	-3560.7168	334.6610	334.6610	334.6610	334.6610	-158.7376	-158.7376	-158.7376	-158.7376	-158.7376	-158.7376	-158.7376	-158.7376	-158.7376	-158.7376	-158.7376	-158.7376
2.0642	2.0642	2.0642	2.0642	2.0642	161.4828	172.4023	172.4023	172.4023	172.4023	172.4023	-307.9908	-307.9908	-307.9908	-307.9908	-307.9908	-2221.0925	-2221.0925	-2221.0925	-2221.0925	-2221.0925	-3928.3602	-79.0097	-79.0097	-79.0097	-79.0097	-87.4426	-87.4426	-87.4426	-87.4426	-87.4426	-87.4426	-87.4426	-87.4426	-87.4426	-87.4426	-87.4426	-87.4426
4.0704	4.0704	4.0704	4.0704	4.0704	176.2016	186.9816	186.9816	186.9816	186.9816	186.9816	-505.2267	-505.2267	-505.2267	-505.2267	-505.2267	-2672.1990	-2672.1990	-2672.1990	-2672.1990	-2672.1990	-4353.0832	-594.6900	-594.6900	-594.6900	-594.6900	-23.0687	-23.0687	-23.0687	-23.0687	-23.0687	-23.0687	-23.0687	-23.0687	-23.0687	-23.0687	-23.0687	-23.0687
0.9198	0.9198	0.9198	0.9198	0.9198	153.3775	164.7062	164.7062	164.7062	164.7062	164.7062	-759.0709	-759.0709	-759.0709	-759.0709	-759.0709	-3113.4578	-3113.4578	-3113.4578	-3113.4578	-3113.4578	-4709.0188	-1100.5341	-1100.5341	-1100.5341	-1100.5341	35.0630	35.0630	35.0630	35.0630	35.0630	35.0630	35.0630	35.0630	35.0630	35.0630	35.0630	35.0630
-5.9524	-5.9524	-5.9524	-5.9524	-5.9524	103.0173	115.3703	115.3703	115.3703	115.3703	115.3703	-1048.1634	-1048.1634	-1048.1634	-1048.1634	-1048.1634	-3400.3259	-3400.3259	-3400.3259	-3400.3259	-3400.3259	-4882.1005	-1463.3056	-1463.3056	-1463.3056	-1463.3056	-215.1312	-215.1312	-215.1312	-215.1312	-215.1312	-215.1312	-215.1312	-215.1312	-215.1312	-215.1312	-215.1312	-215.1312
-14.0326	-14.0326	-14.0326	-14.0326	-14.0326	44.8874	58.4737	58.4737	58.4737	58.4737	58.4737	-1328.7391	-1328.7391	-1328.7391	-1328.7391	-1328.7391	-3431.3344	-3431.3344	-3431.3344	-3431.3344	-3431.3344	-4782.8576	-1582.1237	-1582.1237	-1582.1237	-1582.1237	-173.6030	-173.6030	-173.6030	-173.6030	-173.6030	-173.6030	-173.6030	-173.6030	-173.6030	-173.6030	-173.6030	-173.6030
-21.0482	-21.0482	-21.0482	-21.0482	-21.0482	-6.7485	7.8735	7.8735	7.8735	7.8735	7.8735	-1562.0795	-1562.0795	-1562.0795	-1562.0795	-1562.0795	-3234.5856	-3234.5856	-3234.5856	-3234.5856	-3234.5856	-4478.0335	-1479.3498	-1479.3498	-1479.3498	-1479.3498	-135.7889	-135.7889	-135.7889	-135.7889	-135.7889	-135.7889	-135.7889	-135.7889	-135.7889	-135.7889	-135.7889	-135.7889
-26.7047	-26.7047	-26.7047	-26.7047	-26.7047	-53.8235	-38.5935	-38.5935	-38.5935	-38.5935	-38.5935	-1714.5128	-1714.5128	-1714.5128	-1714.5128	-1714.5128	-2918.5025	-2918.5025	-2918.5025	-2918.5025	-2918.5025	-4121.3215	-1266.0828	-1266.0828	-1266.0828	-1266.0828	-102.1911	-102.1911	-102.1911	-102.1911	-102.1911	-102.1911	-102.1911	-102.1911	-102.1911	-102.1911	-102.1911	-102.1911
-30.0632	-30.0632	-30.0632	-30.0632	-30.0632	-91.1845	-75.9791	-75.9791	-75.9791	-75.9791	-75.9791	-1770.2863	-1770.2863	-1770.2863	-1770.2863	-1770.2863	-2566.3921	-2566.3921	-2566.3921	-2566.3921	-2566.3921	-3806.2303	-1009.6863	-1009.6863	-1009.6863	-1009.6863	-72.4075	-72.4075	-72.4075	-72.4075	-72.4075	-72.4075	-72.4075	-72.4075	-72.4075	-72.4075	-72.4075	-72.4075
-31.6256	-31.6256	-31.6256	-31.6256	-31.6256	-119.9086	-105.1812	-105.1812	-105.1812	-105.1812	-105.1812	-1728.0895	-1728.0895	-1728.0895	-1728.0895	-1728.0895	-2192.8707	-2192.8707	-2192.8707	-2192.8707	-2192.8707	-3497.0180	-701.9799	-701.9799	-701.9799	-701.9799	-46.0755	-46.0755	-46.0755	-46.0755	-46.0755	-46.0755	-46.0755	-46.0755	-46.0755	-46.0755	-46.0755	-46.0755
-32.8980	-32.8980	-32.8980	-32.8980	-32.8980	-149.1565	-135.0742	-135.0742	-135.0742	-135.0742	-135.0742	-1593.9240	-1593.9240	-1593.9240	-1593.9240	-1593.9240	-1876.6962	-1876.6962	-1876.6962	-1876.6962	-1876.6962	-3240.9058	-410.2830	-410.2830	-410.2830	-410.2830	-22.8686	-22.8686	-22.8686	-22.8686	-22.8686	-22.8686	-22.8686	-22.8686	-22.8686	-22.8686	-22.8686	-22.8686
-34.4336	-34.4336	-34.4336	-34.4336	-34.4336	-177.3172	-163.7297	-163.7297	-163.7297	-163.7297	-163.7297	-1393.2694	-1393.2694	-1393.2694	-1393.2694	-1393.2694	-1633.0886	-1633.0886	-1633.0886	-1633.0886	-1633.0886	-3000.3652	-161.4640	-161.4640	-161.4640	-161.4640	-2.4924	-2.4924	-2.4924	-2.4924	-2.4924	-2.4924	-2.4924	-2.4924	-2.4924	-2.4924	-2.4924	-2.4924
-35.3175	-35.3175	-35.3175	-35.3175	-35.3175	-192.5505	-179.2143	-179.2143	-179.2143	-179.2143	-179.2143	-1171.0827	-1171.0827	-1171.0827	-1171.0827	-1171.0827	-1390.7318	-1390.7318	-1390.7318	-1390.7318	-1390.7318	-2666.8946	96.7549	96.7549	96.7549	96.7549	15.3184	15.3184	15.3184	15.3184	15.3184	15.3184	15.3184	15.3184	15.3184	15.3184	15.3184	15.3184
-35.5100	-35.5100	-35.5100	-35.5100	-35.5100	-191.2357	-177.7716	-177.7716	-177.7716	-177.7716	-177.7716	-947.6952	-947.6952	-947.6952	-947.6952	-947.6952	-1156.1804	-1156.1804	-1156.1804	-1156.1804	-1156.1804	-2230.6463	338.5792	338.5792	338.5792	338.5792	30.8027	30.8027	30.8027	30.8027	30.8027	30.8027	30.8027	30.8027	30.8027	30.8027	30.8027	30.8027
-35.1235	-35.1235	-35.1235	-35.1235	-35.1235	-177.3388	-163.4883	-163.4883	-163.4883	-163.4883	-163.4883	-739.8172	-739.8172	-739.8172	-739.8172	-739.8172	-992.6376	-992.6376	-992.6376	-992.6376	-992.6376	-1801.3902	496.0702	496.0702	496.0702	496.0702	44.1759	44.1759	44.1759	44.1759	44.1759	44.1759	44.1759	44.1759	44.1759	44.1759	44.1759	44.1759
-34.3412	-34.3412	-34.3412	-34.3412	-34.3412	-158.2754	-144.0050	-144.0050	-144.0050	-144.0050	-144.0050	-563.7319	-563.7319	-563.7319	-563.7319	-563.7319	-906.4970	-906.4970	-906.4970	-906.4970	-906.4970	-1425.1467	554.3852	554.3852	554.3852	554.3852	55.6323	55.6323	55.6323	55.6323	55.6323	55.6323	55.6323	55.6323	55.6323	55.6323	55.6323	55.6323
-33.3082	-33.3082	-33.3082	-33.3082	-33.3082	-139.7117	-125.1759	-125.1759	-125.1759	-125.1759	-125.1759	-423.0607	-423.0607	-423.0607	-423.0607	-423.0607	-867.8268	-867.8268	-867.8268	-867.8268	-867.8268	-1161.6360	548.6838	548.6838	548.6838	548.6838	65.3466	65.3466	65.3466	65.3466	65.3466	65.3466	65.3466	65.3466	65.3466	65.3466	65.3466	65.3466
-32.0512	-32.0512	-32.0512	-32.0512	-32.0512	-121.4884	-106.8455	-106.8455	-106.8455	-106.8455	-106.8455	-308.7631	-308.7631	-308.7631	-308.7631	-308.7631	-847.2203	-847.2203	-847.2203	-847.2203	-847.2203	-1049.5165	523.2814	523.2814	523.2814	523.2814	73.4767	73.4767	73.4767	73.4767	73.4767	73.4767	73.4767	73.4767	73.4767	73.4767	73.4767	73.4767
-30.6473	-30.6473	-30.6473	-30.6473	-30.6473	-105.8771	-91.3568	-91.3568	-91.3568	-91.3568	-91.3568	-223.4811	-223.4811	-223.4811	-223.4811	-223.4811	-808.4061	-808.4061	-808.4061	-808.4061	-808.4061	-1100.3326	520.0508	520.0508	520.0508	520.0508	80.1645	80.1645	80.1645	80.1645	80.1645	80.1645	80.1645	80.1645	80.1645	80.1645	80.1645	80.1645
-29.1250	-29.1250	-29.1250	-29.1250	-29.1250	-92.5462	-78.3381	-78.3381	-78.3381	-78.3381	-78.3381	-166.4429	-166.4429	-166.4429	-166.4429	-166.4429	-744.7031	-744.7031	-744.7031	-744.7031	-744.7031	-1257.7601	537.1833	537.1833	537.1833	537.1833	85.5382	85.5382	85.5382	85.5382	85.5382	85.5382	85.5382	85.5382	85.5382	85.5382	85.5382	85.5382
-27.4556	-27.4556	-27.4556	-27.4556	-27.4556	-77.7085	-63.8399	-63.8399	-63.8399	-63.8399	-63.8399	-134.5401	-134.5401	-134.5401	-134.5401	-134.5401	-643.5836	-643.5836	-643.5836	-643.5836	-643.5836	-1442.2711	587.2011	587.2011	587.2011	587.2011	89.7129	89.7129	89.7129	89.7129	89.7129	89.7129	89.7129	89.7129	89.7129	89.7129	89.7129	89.7129
-25.6836	-25.6836	-25.6836	-25.6836	-25.6836	-62.2161	-48.7055	-48.7055	-48.7055	-48.7055	-48.7055	-120.9311	-120.9311	-120.9311	-120.9311	-120.9311	-529.4156	-529.4156	-529.4156	-529.4156	-529.4156	-1560.8407	647.4467	647.4467	647.4467	647.4467	92.7928	92.7928	92.7928	92.7928	92.7928	92.7928	92.7928	92.7928	92.7928	92.7928	92.7928	92.7928
-23.9272	-23.9272	-23.9272	-23.9272	-23.9272	-51.2760	-38.2936	-38.2936	-38.2936	-38.2936	-38.2936	-115.0412	-115.0412	-115.0412	-115.0412	-115.0412	-440.3715	-440.3715	-440.3715	-440.3715	-440.3715	-1576.5114	681.4495	681.4495	681.4495	681.4495	94.8714	94.8714	94.8714	94.8714	94.8714	94.8714	94.8714	94.8714	94.8714	94.8714	94.8714	94.8714
-22.2477	-22.2477	-22.2477	-22.2477	-22.2477	-46.5685	-34.3148	-34.3148	-34.3148	-34.3148	-34.3148	-111.9507	-111.9507	-111.9507	-111.9507	-111.9507	-399.6561	-399.6561	-399.6561	-399.6561	-399.6561	-1450.2099	668.7135	668.7135	668.7135	668.7135	96.0330	96.0330	96.0330	96.0330	96.0330	96.0330	96.0330	96.0330	96.0330	96.0330	96.0330	96.0330
-20.6585	-20.6585	-20.6585	-20.6585	-20.6585	-46.4597	-35.0703	-35.0703	-35.0703	-35.0703	-35.0703	-108.0795	-108.0795	-108.0795	-108.0795	-108.0795	-391.4711	-391.4711	-391.4711	-391.4711	-391.4711	-1220.1340	627.2467	627.2467	627.2467	627.2467	96.3537	96.3537	96.3537	96.3537	96.3537	96.3537	96.3537	96.3537	96.3537	96.3537	96.3537	96.3537
-19.0580	-19.0580	-19.0580	-19.0580	-19.0580	-48.3790	-37.9296	-37.9296	-37.9296	-37.9296	-37.9296	-101.3374	-101.3374	-101.3374	-101.3374	-101.3374	-403.0311	-403.0311	-403.0311	-403.0311	-403.0311	-959.7711	571.6590	571.6590	571.6590	571.6590	95.9017	95.9017	95.9017	95.9017	95.9017	95.9017	95.9017	95.9017	95.9017	95.9017	95.9017	95.9017
-17.5219	-17.5219	-17.5219	-17.5219	-17.5219	-49.5063	-39.9481	-39.9481	-39.9481	-39.9481	-39.9481	-92.3152	-92.3152	-92.3152	-92.3152	-92.3152	-419.1674	-419.1674	-419.1674	-419.1674	-419.1674	-752.4726	516.8926	516.8926	516.8926	516.8926	94.7388	94.7388	94.7388	94.7388	94.7388	94.7388	94.7388	94.7388	94.7388	94.7388	94.7388	94.7388
-16.2595	-16.2595	-16.2595	-16.2595	-16.2595	-48.9749	-40.1575	-40.1575	-40.1575	-40.1575	-40.1575	-84.2849	-84.2849	-84.2849	-84.2849	-84.2849	-433.0113	-433.0113	-433.0113	-433.0113	-433.0113	-628.0412	464.0625	464.0625	464.0625	464.0625	92.9203	92.9203	92.9203	92.9203	92.9203	92.9203	92.9203	92.9203	92.9203	92.9203	92.9203	92.9203
-15.3539	-15.3539	-15.3539	-15.3539	-15.3539	-45.5319	-37.2305	-37.2305	-37.2305	-37.2305	-37.2305	-76.6455	-76.6455	-76.6455	-76.6455	-76.6455	-437.5840	-437.5840	-437.5840	-437.5840	-437.5840	-620.0256	423.0356	423.0356	423.0356	423.0356	90.4960	90.4960	90.4960	90.4960	90.4960	90.4960	90.4960	90.4960	90.4960	90.4960	90.4960	90.4960
-14.7314	-14.7314	-14.7314	-14.7314	-14.7314	-40.1178	-32.1564	-32.1564	-32.1564	-32.1564	-32.1564	-68.9461	-68.9461	-68.9461	-68.9461	-68.9461	-439.1132	-439.1132	-439.1132	-439.1132	-439.1132	-690.6836	396.8128	396.8128	396.8128	396.8128	87.5108	87.5108	87.5108	87.5108	87.5108	87.5108	87.5108	87.5108	87.5108	87.5108	87.5108	87.5108
-14.2161	-14.2161	-14.2161	-14.2161	-14.2161	-34.2704	-26.6082	-26.6082	-26.6082	-26.6082	-26.6082	-60.6459	-60.6459	-60.6459	-60.6459	-60.6459	-444.5550	-444.5550	-444.5550	-444.5550	-444.5550	-774.2100	381.5629	381.5629	381.5629	381.5629	84.0050	84.0050	84.0050	84.0050	84.0050	84.0050	84.0050	84.0050	84.0050	84.0050	84.0050	84.0050
-13.7227	-13.7227	-13.7227	-13.7227	-13.7227	-29.7327	-22.3811	-22.3811	-22.3811	-22.3811	-22.3811	-51.7032	-51.7032	-51.7032	-51.7032	-51.7032	-454.3576	-454.3576	-454.3576	-454.3576	-454.3576	-822.9762	372.1565	372.1565	372.1565	372.1565	80.0148	80.0148	80.0148	80.0148	80.0148	80.0148	80.0148	80.0148	80.0148	80.0148	80.0148	80.0148
-13.3185	-13.3185	-13.3185	-13.3185	-13.3185	-26.9786	-19.8745	-19.8745	-19.8745	-19.8745	-19.8745	-42.5750	-42.5750	-42.5750	-42.5750	-42.5750	-463.6088	-463.6088	-463.6088	-463.6088	-463.6088	-845.1737	366.9899	366.9899	366.9899	366.9899	75.5726	75.5726	75.5726	75.5726	75.5726	75.5726	75.5726	75.5726	75.5726	75.5726	75.5726	75.5726
-12.9838	-12.9838	-12.9838	-12.9838	-12.9838	-26.7105	-19.7923	-19.7923	-19.7923	-19.7923	-19.7923	-33.3646	-33.3646	-33.3646	-33.3646	-33.3646	-467.4925	-467.4925	-467.4925	-467.4925	-467.4925	-826.0600	363.1145	363.1145	363.1145	363.1145	70.7077	70.7077	70.7077	70.7077	70.7077	70.7077	70.7077	70.7077	70.7077	70.7077	70.7077	70.7077
-12.6964	-12.6964	-12.6964	-12.6964	-12.6964	-28.1375	-21.3605	-21.3605	-21.3605	-21.3605	-21.3605	-24.3027	-24.3027	-24.3027	-24.3027	-24.3027	-460.7517	-460.7517	-460.7517	-460.7517	-460.7517	-774.2452	362.2386	362.2386	362.2386	362.2386	65.4462	65.4462	65.4462	65.4462	65.4462	65.4462	65.4462	65.4462	65.4462	65.4462	65.4462	65.4462
-12.5066	-12.5066	-12.5066	-12.5066	-12.5066	-30.4587	-23.7704	-23.7704	-23.7704	-23.7704	-23.7704	-16.0063	-16.0063	-16.0063	-16.0063	-16.0063	-441.7570	-441.7570	-441.7570	-441.7570	-441.7570	-717.7121	361.9738	361.9738	361.9738	361.9738	59.8114	59.8114	59.8114	59.8114	59.8114	59.8114	59.8114	59.8114	59.8114	59.8114	59.8114	59.8114
-12.3339	-12.3339	-12.3339	-12.3339	-12.3339	-32.0286	-25.4210	-25.4210	-25.4210	-25.4210	-25.4210	-8.9403	-8.9403	-8.9403	-8.9403	-8.9403	-412.6958	-412.6958	-412.6958	-412.6958	-412.6958	-671.4313	361.9696	361.9696	361.9696	361.9696	53.8244	53.8244	53.8244	53.8244	53.8244	53.8244	53.8244	53.8244	53.8244	53.8244	53.8244	53.8244
-12.0229	-12.0229	-12.0229	-12.0229	-12.0229	-31.6548	-25.1854	-25.1854	-25.1854	-25.1854	-25.1854	-3.4171	-3.4171	-3.4171	-3.4171	-3.4171	-380.0909	-380.0909	-380.0909	-380.0909	-380.0909	-620.3942	367.7131	367.7131	367.7131	367.7131	47.5038	47.5038	47.5038	47.5038	47.5038	47.5038	47.5038	47.5038	47.5038	47.5038	47.5038	47.5038
-11.5053	-11.5053	-11.5053	-11.5053	-11.5053	-28.4589	-22.2186	-22.2186	-22.2186	-22.2186	-22.2186	0.5022	0.5022	0.5022	0.5022	0.5022	-344.5154	-344.5154	-344.5154	-344.5154	-344.5154	-570.3306	375.9380	375.9380	375.9380	375.9380	40.8663	40.8663	40.8663	40.8663	40.8663	40.8663	40.8663	40.8663	40.8663	40.8663	40.8663	40.8663
-10.8510	-10.8510	-10.8510	-10.8510	-10.8510	-23.3135	-17.3627	-17.3627	-17.3627	-17.3627	-17.3627	2.9682	2.9682	2.9682	2.9682	2.9682	-300.1330	-300.1330	-300.1330	-300.1330	-300.1330	-527.9385	377.5028	377.5028	377.5028	377.5028	33.9268	33.9268	33.9268	33.9268	33.9268	33.9268	33.9268	33.9268	33.9268	33.9268	33.9268	33.9268
-10.1332	-10.1332	-10.1332	-10.1332	-10.1332	-17.3619	-11.7155	-11.7155	-11.7155	-11.7155	-11.7155	4.5184	4.5184	4.5184	4.5184	4.5184	-251.3736	-251.3736	-251.3736	-251.3736	-251.3736	-507.8602	363.7778	363.7778	363.7778	363.7778	26.6984	26.6984	26.6984	26.6984	26.6984	26.6984	26.6984	26.6984	26.6984	26.6984	26.6984	26.6984
-9.4988	-9.4988	-9.4988	-9.4988	-9.4988	-12.2771	-6.8950	-6.8950	-6.8950	-6.8950	-6.8950	5.7118	5.7118	5.7118	5.7118	5.7118	-199.4735	-199.4735	-199.4735	-199.4735	-199.4735	-491.7763	341.2273	341.2273	341.2273	341.2273	19.1928	19.1928	19.1928	19.1928	19.1928	19.1928	19.1928	19.1928	19.1928	19.1928	19.1928	19.1928
-9.0503	-9.0503	-9.0503	-9.0503	-9.0503	-8.9322	-3.7546	-3.7546	-3.7546	-3.7546	-3.7546	7.1284	7.1284	7.1284	7.1284	7.1284	-134.8070	-134.8070	-134.8070	-134.8070	-134.8070	-446.5698	323.7980	323.7980	323.7980	323.7980	11.4204	11.4204	11.4204	11.4204	11.4204	11.4204	11.4204	11.4204	11.4204	11.4204	11.4204	11.4204
-8.8638	-8.8638	-8.8638	-8.8638	-8.8638	-8.1391	-3.0817	-3.0817	-3.0817	-3.0817	-3.0817	8.9425	8.9425	8.9425	8.9425	8.9425	-65.6228	-65.6228	-65.6228	-65.6228	-65.6228	-355.2073	320.4468	320.4468	320.4468	320.4468	3.3902	3.3902	3.3902	3.3902	3.3902	3.3902	3.3902	3.3902	3.3902	3.3902	3.3902	3.3902
-8.8585	-8.8585	-8.8585	-8.8585	-8.8585	-9.1368	-4.1373	-4.1373	-4.1373	-4.1373	-4.1373	11.1286	11.1286	11.1286	11.1286	11.1286	-11.9534	-11.9534	-11.9534	-11.9534	-11.9534	-233.9353	328.3255	328.3255	328.3255	328.3255	0.0000	0.0000	0.0000	0.0000	0.0000	0.0000	0.0000	0.0000	0.0000	0.0000	0.0000	0.0000
-8.9280	-8.9280	-8.9280	-8.9280	-8.9280	-10.9140	-5.9638	-5.9638	-5.9638	-5.9638	-5.9638	13.2395	13.2395	13.2395	13.2395	13.2395	18.3579	18.3579	18.3579	18.3579	18.3579	-85.1757	350.1687	350.1687	350.1687	350.1687	0.0000	0.0000	0.0000	0.0000	0.0000	0.0000	0.0000	0.0000	0.0000	0.0000	0.0000	0.0000
-8.9202	-8.9202	-8.9202	-8.9202	-8.9202	-11.9959	-7.1104	-7.1104	-7.1104	-7.1104	-7.1104	14.7985	14.7985	14.7985	14.7985	14.7985	21.1783	21.1783	21.1783	21.1783	21.1783	44.9380	372.0584	372.0584	372.0584	372.0584	0.0000	0.0000	0.0000	0.0000	0.0000	0.0000	0.0000	0.0000	0.0000	0.0000	0.0000	0.0000
-8.7560	-8.7560	-8.7560	-8.7560	-8.7560	-11.6338	-6.8055	-6.8055	-6.8055	-6.8055	-6.8055	15.2991	15.2991	15.2991	15.2991	15.2991	-4.9969	-4.9969	-4.9969	-4.9969	-4.9969	100.7232	372.7109	372.7109	372.7109	372.7109	0.0000	0.0000	0.0000	0.0000	0.0000	0.0000	0.0000	0.0000	0.0000	0.0000	0.0000	0.0000
-8.3604	-8.3604	-8.3604	-8.3604	-8.3604	-9.1256	-4.3518	-4.3518	-4.3518	-4.3518	-4.3518	14.6829	14.6829	14.6829	14.6829	14.6829	-54.8994	-54.8994	-54.8994	-54.8994	-54.8994	53.7311	343.6165	343.6165	343.6165	343.6165	0.0000	0.0000	0.0000	0.0000	0.0000	0.0000	0.0000	0.0000	0.0000	0.0000	0.0000	0.0000
-7.7980	-7.7980	-7.7980	-7.7980	-7.7980	-5.1690	-0.4558	-0.4558	-0.4558	-0.4558	-0.4558	13.0745	13.0745	13.0745	13.0745	13.0745	-116.5945	-116.5945	-116.5945	-116.5945	-116.5945	-60.7102	299.3297	299.3297	299.3297	299.3297	0.0000	0.0000	0.0000	0.0000	0.0000	0.0000	0.0000	0.0000	0.0000	0.0000	0.0000	0.0000
-7.1769	-7.1769	-7.1769	-7.1769	-7.1769	-0.6775	3.9874	3.9874	3.9874	3.9874	3.9874	10.8656	10.8656	10.8656	10.8656	10.8656	-171.0745	-171.0745	-171.0745	-171.0745	-171.0745	-195.2290	254.0829	254.0829	254.0829	254.0829	0.0000	0.0000	0.0000	0.0000	0.0000	0.0000	0.0000	0.0000	0.0000	0.0000	0.0000	0.0000
-6.6081	-6.6081	-6.6081	-6.6081	-6.6081	3.0100	7.6064	7.6064	7.6064	7.6064	7.6064	8.5157	8.5157	8.5157	8.5157	8.5157	-206.6897	-206.6897	-206.6897	-206.6897	-206.6897	-302.6445	220.3781	220.3781	220.3781	220.3781	0.0000	0.0000	0.0000	0.0000	0.0000	0.0000	0.0000	0.0000	0.0000	0.0000	0.0000	0.0000
-6.1165	-6.1165	-6.1165	-6.1165	-6.1165	5.1927	9.6406	9.6406	9.6406	9.6406	9.6406	6.5529	6.5529	6.5529	6.5529	6.5529	-231.3844	-231.3844	-231.3844	-231.3844	-231.3844	-371.4800	199.8998	199.8998	199.8998	199.8998	0.0000	0.0000	0.0000	0.0000	0.0000	0.0000	0.0000	0.0000	0.0000	0.0000	0.0000	0.0000
-5.7478	-5.7478	-5.7478	-5.7478	-5.7478	5.2204	9.4135	9.4135	9.4135	9.4135	9.4135	5.1779	5.1779	5.1779	5.1779	5.1779	-238.8565	-238.8565	-238.8565	-238.8565	-238.8565	-382.6042	196.2277	196.2277	196.2277	196.2277	0.0000	0.0000	0.0000	0.0000	0.0000	0.0000	0.0000	0.0000	0.0000	0.0000	0.0000	0.0000
-5.4634	-5.4634	-5.4634	-5.4634	-5.4634	3.7028	7.5639	7.5639	7.5639	7.5639	7.5639	4.4459	4.4459	4.4459	4.4459	4.4459	-221.1989	-221.1989	-221.1989	-221.1989	-221.1989	-351.4024	203.7784	203.7784	203.7784	203.7784	0.0000	0.0000	0.0000	0.0000	0.0000	0.0000	0.0000	0.0000	0.0000	0.0000	0.0000	0.0000
-5.2206	-5.2206	-5.2206	-5.2206	-5.2206	1.6132	5.1149	5.1149	5.1149	5.1149	5.1149	4.2145	4.2145	4.2145	4.2145	4.2145	-185.7433	-185.7433	-185.7433	-185.7433	-185.7433	-314.9005	210.9011	210.9011	210.9011	210.9011	0.0000	0.0000	0.0000	0.0000	0.0000	0.0000	0.0000	0.0000	0.0000	0.0000	0.0000	0.0000
-4.9351	-4.9351	-4.9351	-4.9351	-4.9351	0.0068	3.1670	3.1670	3.1670	3.1670	3.1670	4.2135	4.2135	4.2135	4.2135	4.2135	-144.9413	-144.9413	-144.9413	-144.9413	-144.9413	-292.6238	210.4077	210.4077	210.4077	210.4077	0.0000	0.0000	0.0000	0.0000	0.0000	0.0000	0.0000	0.0000	0.0000	0.0000	0.0000	0.0000
-4.5511	-4.5511	-4.5511	-4.5511	-4.5511	-0.8116	2.0324	2.0324	2.0324	2.0324	2.0324	4.0447	4.0447	4.0447	4.0447	4.0447	-100.3713	-100.3713	-100.3713	-100.3713	-100.3713	-266.1797	209.3657	209.3657	209.3657	209.3657	0.0000	0.0000	0.0000	0.0000	0.0000	0.0000	0.0000	0.0000	0.0000	0.0000	0.0000	0.0000
-4.0272	-4.0272	-4.0272	-4.0272	-4.0272	-0.3815	2.1912	2.1912	2.1912	2.1912	2.1912	3.6218	3.6218	3.6218	3.6218	3.6218	-65.3914	-65.3914	-65.3914	-65.3914	-65.3914	-242.3494	202.5862	202.5862	202.5862	202.5862	0.0000	0.0000	0.0000	0.0000	0.0000	0.0000	0.0000	0.0000	0.0000	0.0000	0.0000	0.0000
-3.4147	-3.4147	-3.4147	-3.4147	-3.4147	0.9368	3.2753	3.2753	3.2753	3.2753	3.2753	2.9325	2.9325	2.9325	2.9325	2.9325	-49.1842	-49.1842	-49.1842	-49.1842	-49.1842	-228.8773	182.7091	182.7091	182.7091	182.7091	0.0000	0.0000	0.0000	0.0000	0.0000	0.0000	0.0000	0.0000	0.0000	0.0000	0.0000	0.0000
-2.7691	-2.7691	-2.7691	-2.7691	-2.7691	2.4163	4.5260	4.5260	4.5260	4.5260	4.5260	2.0649	2.0649	2.0649	2.0649	2.0649	-55.9417	-55.9417	-55.9417	-55.9417	-55.9417	-223.0512	149.2796	149.2796	149.2796	149.2796	0.0000	0.0000	0.0000	0.0000	0.0000	0.0000	0.0000	0.0000	0.0000	0.0000	0.0000	0.0000
-2.1926	-2.1926	-2.1926	-2.1926	-2.1926	3.5085	5.3890	5.3890	5.3890	5.3890	5.3890	1.1665	1.1665	1.1665	1.1665	1.1665	-76.3381	-76.3381	-76.3381	-76.3381	-76.3381	-219.3504	110.2673	110.2673	110.2673	110.2673	0.0000	0.0000	0.0000	0.0000	0.0000	0.0000	0.0000	0.0000	0.0000	0.0000	0.0000	0.0000
-1.7561	-1.7561	-1.7561	-1.7561	-1.7561	4.2882	5.9664	5.9664	5.9664	5.9664	5.9664	0.4444	0.4444	0.4444	0.4444	0.4444	-97.6882	-97.6882	-97.6882	-97.6882	-97.6882	-221.0733	68.8637	68.8637	68.8637	68.8637	0.0000	0.0000	0.0000	0.0000	0.0000	0.0000	0.0000	0.0000	0.0000	0.0000	0.0000	0.0000
-1.5147	-1.5147	-1.5147	-1.5147	-1.5147	4.5748	6.0828	6.0828	6.0828	6.0828	6.0828	-0.0475	-0.0475	-0.0475	-0.0475	-0.0475	-109.3164	-109.3164	-109.3164	-109.3164	-109.3164	-218.0587	37.7743	37.7743	37.7743	37.7743	0.0000	0.0000	0.0000	0.0000	0.0000	0.0000	0.0000	0.0000	0.0000	0.0000	0.0000	0.0000
-1.4198	-1.4198	-1.4198	-1.4198	-1.4198	4.4804	5.8443	5.8443	5.8443	5.8443	5.8443	-0.2966	-0.2966	-0.2966	-0.2966	-0.2966	-112.9376	-112.9376	-112.9376	-112.9376	-112.9376	-197.4430	27.2621	27.2621	27.2621	27.2621	0.0000	0.0000	0.0000	0.0000	0.0000	0.0000	0.0000	0.0000	0.0000	0.0000	0.0000	0.0000
0.7983	0.7983	0.7983	0.7983	0.7983	6.4029	6.4029	6.4029	6.4029	6.4029	6.4029	0.8918	0.8918	0.8918	0.8918	0.8918	-107.5630	-107.5630	-107.5630	-107.5630	-107.5630	-150.4406	41.7624	41.7624	41.7624	41.7624	0.0000	0.0000	0.0000	0.0000	0.0000	0.0000	0.0000	0.0000	0.0000	0.0000	0.0000	0.0000
0.6270	0.6270	0.6270	0.6270	0.6270	5.9350	5.9350	5.9350	5.9350	5.9350	5.9350	1.9100	1.9100	1.9100	1.9100	1.9100	-97.0413	-97.0413	-97.0413	-97.0413	-97.0413	-82.7534	71.8405	71.8405	71.8405	71.8405	0.0000	0.0000	0.0000	0.0000	0.0000	0.0000	0.0000	0.0000	0.0000	0.0000	0.0000	0.0000
0.5591	0.5591	0.5591	0.5591	0.5591	5.6219	5.6219	5.6219	5.6219	5.6219	5.6219	2.7633	2.7633	2.7633	2.7633	2.7633	-86.1817	-86.1817	-86.1817	-86.1817	-86.1817	-5.5553	104.0304	104.0304	104.0304	104.0304	0.0000	0.0000	0.0000	0.0000	0.0000	0.0000	0.0000	0.0000	0.0000	0.0000	0.0000	0.0000
0.5308	0.5308	0.5308	0.5308	0.5308	5.3916	5.3916	5.3916	5.3916	5.3916	5.3916	3.4857	3.4857	3.4857	3.4857	3.4857	-78.2558	-78.2558	-78.2558	-78.2558	-78.2558	70.9543	127.4873	127.4873	127.4873	127.4873	0.0000	0.0000	0.0000	0.0000	0.0000	0.0000	0.0000	0.0000	0.0000	0.0000	0.0000	0.0000
0.5046	0.5046	0.5046	0.5046	0.5046	5.1414	5.1414	5.1414	5.1414	5.1414	5.1414	3.8273	3.8273	3.8273	3.8273	3.8273	-74.2266	-74.2266	-74.2266	-74.2266	-74.2266	139.8708	136.2043	136.2043	136.2043	136.2043	0.0000	0.0000	0.0000	0.0000	0.0000	0.0000	0.0000	0.0000	0.0000	0.0000	0.0000	0.0000
0.4701	0.4701	0.4701	0.4701	0.4701	4.7768	4.7768	4.7768	4.7768	4.7768	4.7768	3.7422	3.7422	3.7422	3.7422	3.7422	-73.1127	-73.1127	-73.1127	-73.1127	-73.1127	198.6091	129.0092	129.0092	129.0092	129.0092	0.0000	0.0000	0.0000	0.0000	0.0000	0.0000	0.0000	0.0000	0.0000	0.0000	0.0000	0.0000
0.4154	0.4154	0.4154	0.4154	0.4154	4.1907	4.1907	4.1907	4.1907	4.1907	4.1907	3.1860	3.1860	3.1860	3.1860	3.1860	-72.2071	-72.2071	-72.2071	-72.2071	-72.2071	248.7114	109.1653	109.1653	109.1653	109.1653	0.0000	0.0000	0.0000	0.0000	0.0000	0.0000	0.0000	0.0000	0.0000	0.0000	0.0000	0.0000
0.3282	0.3282	0.3282	0.3282	0.3282	3.2714	3.2714	3.2714	3.2714	3.2714	3.2714	2.1410	2.1410	2.1410	2.1410	2.1410	-68.2272	-68.2272	-68.2272	-68.2272	-68.2272	293.0952	81.4144	81.4144	81.4144	81.4144	0.0000	0.0000	0.0000	0.0000	0.0000	0.0000	0.0000	0.0000	0.0000	0.0000	0.0000	0.0000
0.1965	0.1965	0.1965	0.1965	0.1965	1.9118	1.9118	1.9118	1.9118	1.9118	1.9118	0.6072	0.6072	0.6072	0.6072	0.6072	-57.6369	-57.6369	-57.6369	-57.6369	-57.6369	335.5769	51.2940	51.2940	51.2940	51.2940	0.0000	0.0000	0.0000	0.0000	0.0000	0.0000	0.0000	0.0000	0.0000	0.0000	0.0000	0.0000
0.0086	0.0086	0.0086	0.0086	0.0086	0.0046	0.0046	0.0046	0.0046	0.0046	0.0046	-1.4154	-1.4154	-1.4154	-1.4154	-1.4154	-36.7966	-36.7966	-36.7966	-36.7966	-36.7966	380.2568	24.6258	24.6258	24.6258	24.6258	0.0000	0.0000	0.0000	0.0000	0.0000	0.0000	0.0000	0.0000	0.0000	0.0000	0.0000	0.0000
0.4730	0.4730	0.4730	0.4730	0.4730	4.7185	4.7185	4.7185	4.7185	4.7185	4.7185	2.7537	2.7537	2.7537	2.7537	2.7537	-36.2862	-36.2862	-36.2862	-36.2862	-36.2862	-25.2964	-27.1688	-27.1688	-27.1688	-27.1688	0.0000	0.0000	0.0000	0.0000	0.0000	0.0000	0.0000	0.0000	0.0000	0.0000	0.0000	0.0000
RR HIV after migration (cf before): 1995, 2000, 2010
1.012487	1.001269	1.002920
1.012867	1.001307	1.002697
1.012527	1.001273	1.002313
1.012102	1.001229	1.001896
1.011108	1.001129	1.001755
1.011149	1.001446	1.001389
1.009749	1.001239	1.001144
1.008816	1.001358	1.001163
1.008119	1.001124	1.001139
1.006877	1.001151	1.001265
1.007382	1.001128	1.001261
1.006103	1.000941	1.001144
1.007258	1.001166	1.001231
1.007686	1.001768	1.001159
1.007565	1.001643	1.001425
1.007885	1.001617	1.001155
1.008462	1.001869	1.001541
1.010133	1.002197	1.002343
1.011774	1.003099	1.003922
1.016401	1.003556	1.005550
1.020984	1.004303	1.006616
1.022729	1.005413	1.006713
1.027652	1.005196	1.006713
1.030217	1.006138	1.007167
1.030198	1.005803	1.007688
1.032042	1.005747	1.007750
1.032211	1.005855	1.008483
1.028624	1.005958	1.007985
1.031901	1.006455	1.007288
1.027746	1.005466	1.006639
1.026793	1.005296	1.006700
1.025738	1.005264	1.006955
1.024091	1.004952	1.006248
1.026257	1.004455	1.006564
1.023969	1.004716	1.005479
1.024198	1.004309	1.004991
1.021145	1.004169	1.004643
1.020165	1.004172	1.004936
1.018779	1.003470	1.004853
1.017488	1.003049	1.004233
1.019382	1.003146	1.003934
1.014178	1.003194	1.003623
1.016351	1.002503	1.003400
1.014607	1.003457	1.003511
1.013116	1.002752	1.003227
1.019309	1.002972	1.002695
1.014291	1.003094	1.002887
1.017450	1.002572	1.003038
1.013815	1.002602	1.002231
1.013471	1.002441	1.002346
1.015282	1.001864	1.002229
1.010137	1.002563	1.001570
1.010896	1.001685	1.001863
1.014263	1.002013	1.002049
1.011031	1.001585	1.002013
1.014639	1.001838	1.001985
1.010261	1.002348	1.001819
1.007477	1.001569	1.001594
1.013282	1.001915	1.002069
1.003782	1.001756	1.001314
1.008695	1.001880	1.002043
1.007212	1.001406	1.001288
1.010296	1.001716	1.001178
1.008688	1.000982	1.000840
1.008334	1.001255	1.000757
1.006267	1.001132	1.000959
1.006769	1.001743	1.001328
1.004384	1.001308	1.001365
1.007886	1.000683	1.001142
1.007349	1.000756	1.000606
1.006139	1.001253	1.000698
1.008161	1.001299	1.000603
1.007605	1.000635	1.000570
1.011205	1.000746	1.000607
1.007030	1.001350	1.001115
1.006952	1.000543	1.000758
1.006208	1.000928	1.001007
1.007020	1.000785	1.000956
1.011579	1.002399	1.000272
1.003344	1.001425	1.001187
1.005710	1.002159	1.000898
1.012531	1.000669	1.000612
1.003048	1.000983	1.000607
1.007137	1.000888	1.001343
1.006173	1.000364	1.000549
1.005996	1.000415	1.000645
1.007501	1.001414	1.001067
1.011554	1.000296	1.001382
1.004396	1.001501	1.000971
1.000000	1.000568	1.001069
1.010730	1.001221	1.001817


