Male deaths
4490.84	5136.36	5499.02	5522.07	5770.44	6089.87	6653.51	6886.65	7458.95	7697.68	7476.55	7012.15	6434.33	5680.66	4717.43	4804.47	5108.31	4812.12	4357.01	3723.54	3381.57	3499.30
1135.83	1357.10	1376.25	1368.52	1543.46	1537.64	1745.27	2129.04	2111.27	1768.51	1718.02	1630.78	1433.84	1314.47	1076.39	1335.64	981.31	874.44	765.47	662.96	535.36	588.02
444.04	477.59	545.42	575.35	607.52	735.89	824.65	1030.96	1076.75	788.52	850.89	747.41	674.87	781.06	717.45	923.05	485.21	460.81	379.92	383.76	346.19	337.43
359.43	440.49	426.87	461.48	463.50	514.45	589.67	566.50	619.85	687.13	668.64	666.09	721.08	770.50	641.46	768.54	511.83	419.64	392.49	418.84	416.01	437.66
877.66	954.49	1070.80	1025.78	1080.42	1078.08	1172.32	1139.79	1133.00	1129.14	1148.04	1193.80	1159.32	1099.01	984.33	973.25	972.00	927.22	920.97	957.23	875.58	909.86
2126.25	2255.97	2158.56	2354.62	2268.83	2474.07	2661.10	2735.32	2756.50	2866.21	2749.51	2774.97	2533.67	2317.62	2069.13	1963.74	2017.99	1879.06	1845.96	1871.13	1757.06	1757.75
2875.31	3646.60	3750.89	4321.39	4909.65	5416.35	5695.04	5773.52	5605.77	5544.52	5079.63	5236.45	4911.31	4488.96	3973.57	3869.62	3426.97	3189.64	3011.95	3011.25	2672.21	2692.64
2962.45	3841.28	4288.57	4983.60	5825.95	6672.83	7619.77	7882.17	8259.13	8147.10	7893.60	7401.32	6946.83	5958.56	4866.45	4481.95	4206.53	3906.72	3758.58	3856.79	3470.78	3521.15
2808.15	3670.81	4059.23	4709.33	5428.14	6145.62	6724.00	6992.58	7527.63	7442.13	7389.03	7289.43	7119.29	6035.81	5276.60	4778.77	4207.68	3831.77	3602.88	3557.75	3198.87	3321.84
2766.22	3293.23	3585.77	3946.31	4503.70	4999.07	5749.67	6112.85	6515.36	6635.37	6103.98	5907.92	5680.92	5006.50	4469.49	4054.39	3752.68	3600.67	3424.20	3521.61	3159.34	3086.35
2981.52	3370.32	3402.09	3667.11	4010.92	4249.80	4903.18	4991.27	5329.72	5255.49	5273.68	5173.12	5001.76	4700.15	4244.93	3762.87	3373.39	3229.55	3134.31	3079.54	2817.30	2947.37
2516.33	2970.89	3148.06	3532.40	4011.91	4227.42	4690.06	4665.30	4686.79	4817.07	4693.09	4613.45	4522.45	4104.82	3900.63	3731.33	3487.20	3479.97	3414.37	3452.29	2986.29	3028.87
2823.32	3070.01	2950.66	2912.84	3096.86	3349.09	3635.17	3904.14	4294.91	4472.00	4539.01	4518.36	4506.21	4134.97	3962.54	3767.15	3500.66	3491.31	3406.47	3551.00	3151.42	3374.45
2229.72	2559.92	2518.87	2804.88	3049.11	3298.25	3569.33	3343.92	3444.96	3452.16	3470.23	3624.95	3936.46	3955.50	4049.36	3982.42	3931.13	3940.26	3820.35	3859.03	3462.94	3668.75
2492.04	2632.42	2452.80	2369.97	2435.49	2580.39	2843.37	2938.20	3219.26	3368.56	3440.06	3454.86	3487.78	3293.85	3112.33	3141.55	3162.06	3404.87	3707.31	3915.44	3639.55	3740.58
2229.65	2413.09	2450.51	2586.65	2814.95	2745.02	2817.10	2529.34	2346.32	2403.23	2328.58	2465.16	2764.99	2697.61	2929.15	3006.13	2882.39	2796.96	2770.90	3008.50	2719.85	2887.61
1941.70	1967.33	1921.43	1931.84	1984.45	2038.06	2291.92	2197.44	2203.81	2302.41	2244.85	2142.73	2181.48	1885.11	1858.72	1976.40	1978.69	2110.65	2149.68	2515.09	2272.84	2449.72
1132.65	1318.29	1279.07	1461.37	1512.79	1604.34	1596.45	1486.72	1431.65	1528.14	1515.98	1483.66	1656.19	1621.57	1623.37	1679.54	1622.89	1551.39	1443.38	1529.01	1392.80	1523.10
583.83	594.49	681.60	728.42	763.22	722.15	951.09	837.10	909.00	984.93	1023.03	939.95	1014.01	884.17	1024.84	983.11	914.05	1060.15	1095.92	1095.34	965.33	1019.37
271.55	387.47	336.63	400.73	453.52	511.97	476.81	536.53	484.64	490.74	539.52	658.36	904.47	575.87	664.84	640.03	597.55	618.66	627.71	749.37	646.46	698.67
Female deaths
3976.85	4492.70	4766.60	4935.84	5371.79	5411.71	5808.18	5939.68	6656.60	6555.11	6159.00	6008.21	5339.53	4987.66	4202.80	4058.75	4276.75	4212.07	3837.87	3043.40	2830.62	2773.64
1057.29	1353.16	1286.21	1294.06	1359.35	1422.18	1563.75	1948.83	1943.65	1624.61	1578.36	1436.82	1277.37	1179.18	1002.47	1191.32	849.06	694.03	668.02	579.84	500.11	491.84
334.35	405.70	417.64	502.58	525.82	594.77	665.27	878.60	925.15	717.31	736.15	660.07	597.93	710.32	642.37	809.17	440.49	312.47	291.76	277.33	215.27	244.61
326.31	358.78	356.11	378.71	424.26	415.21	479.16	518.24	544.21	565.80	566.29	607.04	706.21	707.84	617.88	712.43	415.96	378.57	331.29	349.53	309.81	345.71
655.46	786.48	939.22	906.43	1058.46	1165.15	1225.85	1255.96	1187.73	1206.67	1131.07	1150.93	1076.04	1148.92	970.94	968.80	821.26	822.65	722.13	748.09	681.29	679.95
1595.85	2115.34	2375.16	2947.29	3264.24	3540.05	3938.66	4232.27	4281.93	4241.17	3988.44	3746.19	3372.10	2899.33	2377.26	2095.00	1778.25	1485.54	1357.16	1341.06	1104.38	1086.51
2199.73	2946.36	3763.98	4784.48	5841.26	7231.99	7684.52	7933.95	7879.36	7196.99	6937.25	6534.24	5828.21	5310.88	4164.53	3651.70	3015.90	2492.61	2301.39	2131.09	1749.18	1673.43
1813.97	2676.01	3361.24	4542.45	5319.29	6696.11	8141.83	8627.15	8963.08	8452.82	7922.62	7239.38	6290.88	5274.00	4187.54	3765.37	3152.97	2863.90	2576.75	2490.72	2259.00	2088.32
1619.23	2121.13	2650.04	3440.68	4181.01	5190.13	6019.53	6497.88	7010.33	6549.35	6170.20	6091.95	5448.22	4750.39	3948.88	3369.96	2784.98	2469.96	2285.57	2282.15	2015.68	2062.11
1312.10	1687.18	1981.52	2511.28	2983.63	3784.90	4500.66	4984.20	5228.84	5218.62	5053.63	4604.55	4336.76	3775.20	3146.19	2855.30	2567.97	2311.92	2189.49	2148.90	1990.03	1883.87
1344.94	1632.68	1789.92	2091.35	2281.62	2862.81	3206.35	3584.44	3902.59	4044.50	3855.92	3830.72	3670.93	3353.05	2940.92	2699.56	2497.00	2246.49	2202.37	2154.13	1942.83	1997.58
1254.14	1442.85	1665.57	2053.79	2294.73	2580.66	2898.85	3078.26	3309.01	3138.38	3249.83	3180.51	3214.77	2910.94	2774.86	2606.60	2476.77	2385.25	2414.54	2494.54	2109.63	2108.38
1753.36	1879.53	1836.51	1876.45	1966.81	2125.32	2341.49	2547.57	3000.98	3092.58	3178.15	3221.38	3185.86	2811.76	2683.00	2608.00	2431.28	2538.19	2515.53	2599.44	2515.58	2741.15
2072.09	2162.93	2275.02	2446.74	2749.46	2831.44	2999.64	2803.30	2864.02	2836.60	2854.97	2834.32	3084.53	3106.00	3105.93	3159.89	3007.51	3034.74	2898.55	2983.37	2828.53	2973.77
2670.55	3021.61	2869.85	2870.50	2980.74	3060.86	3181.49	3079.27	3398.55	3419.26	3428.33	3399.84	3316.57	3019.41	2931.38	2899.90	2847.96	3036.04	3231.57	3467.05	3161.94	3439.49
2163.79	2635.41	2906.52	3351.92	3737.72	3793.72	3984.26	3524.25	3393.06	3498.90	3494.58	3390.41	3505.24	3526.31	3586.57	3511.60	3480.54	3428.16	3154.55	3269.86	2984.25	3271.18
2423.97	2441.69	2399.76	2527.88	2589.33	2982.08	3393.50	3255.22	3716.01	3981.43	3925.97	3826.58	4093.30	3421.05	3466.85	3428.97	3303.84	3413.75	3603.05	3757.09	3567.45	3743.33
1566.03	2033.20	2098.18	2450.29	2783.30	2924.35	2847.85	2407.90	2372.71	2423.80	2744.27	2889.97	3305.07	3490.82	3644.48	3689.97	3648.46	3498.95	3273.46	3295.23	3008.75	3285.27
1091.41	1241.52	1289.67	1464.63	1425.09	1525.11	1892.11	1724.01	1911.55	2162.58	2321.30	2000.44	2189.35	2006.07	2234.49	2226.29	2395.50	2660.00	2936.30	3123.78	2760.44	2930.46
827.09	951.60	892.18	1202.98	1191.27	1299.10	1419.58	1220.70	1341.38	1460.48	1390.78	1635.52	2000.89	1774.10	1937.64	1962.45	1869.05	2042.84	2038.82	2330.91	2168.48	2371.92
SElogNonHIVmort
0.1479
AdjustedCompleteness
0.9501	0.9925	0.9373	0.9435	0.9448	0.9336	0.9554	0.8702	0.8725	0.8959	0.8748	0.8670	0.9230	0.8522	0.8625	0.8626	0.8371	0.8506	0.8493	0.8979	0.8055	0.8446
0.9874	1.0626	1.0273	1.0671	1.0660	1.0479	1.0469	0.9199	0.9717	0.9947	0.9701	0.9259	0.9677	0.8901	0.8903	0.8668	0.8329	0.8353	0.8165	0.8392	0.7564	0.7957

