Male migration
-3.7488	-100.0077	-202.1354	-279.3393	-343.0563	-435.4775	-193.9669	-337.0114	-448.0767	-416.3768	-139.1773	-319.4357	-319.4357	-319.4357	-319.4357	-319.4357	-1467.7664	-1467.7664	-1467.7664	-1467.7664	-1467.7664	-87.8027	-87.8027	-87.8027	-87.8027	-87.8027	5.7755	5.7755	5.7755	5.7755	5.7755	5.7755	5.7755	5.7755	5.7755	5.7755	5.7755	5.7755
63.1916	29.2758	-66.9831	-169.1108	-246.3147	-310.0316	-161.0689	-107.0243	-250.0688	-361.1341	-329.4342	-658.4988	-279.1679	-279.1679	-279.1679	-279.1679	-116.2426	-116.2426	-116.2426	-116.2426	-116.2426	100.5673	100.5673	100.5673	100.5673	100.5673	5.6892	5.6892	5.6892	5.6892	5.6892	5.6892	5.6892	5.6892	5.6892	5.6892	5.6892	5.6892
89.7800	89.7064	55.7906	-40.4683	-142.5960	-219.8000	-5.6703	-98.0915	-44.0469	-187.0914	-298.1567	-472.9584	-606.6761	-243.9803	-243.9803	-243.9803	1274.2052	1274.2052	1274.2052	1274.2052	1274.2052	327.8611	327.8611	327.8611	327.8611	327.8611	5.6040	5.6040	5.6040	5.6040	5.6040	5.6040	5.6040	5.6040	5.6040	5.6040	5.6040	5.6040
110.6693	110.6693	110.5956	76.6798	-19.5791	-121.7068	100.0391	36.3221	-56.0991	-2.0545	-145.0990	-293.4237	-429.1616	-562.8793	-213.8729	-213.8729	904.0763	904.0763	904.0763	904.0763	904.0763	-24.5039	-24.5039	-24.5039	-24.5039	-24.5039	5.5200	5.5200	5.5200	5.5200	5.5200	5.5200	5.5200	5.5200	5.5200	5.5200	5.5200	5.5200
126.8173	126.8173	126.8173	126.7437	92.8279	-3.4310	201.2307	124.0268	60.3098	-32.1114	21.9332	-192.9610	-257.6530	-393.3909	-527.1086	-188.8458	668.0390	668.0390	668.0390	668.0390	668.0390	-237.3899	-237.3899	-237.3899	-237.3899	-237.3899	5.4371	5.4371	5.4371	5.4371	5.4371	5.4371	5.4371	5.4371	5.4371	5.4371	5.4371	5.4371
139.1382	139.1382	139.1382	139.1382	139.0646	105.1488	312.3185	210.1908	132.9869	69.2699	-23.1513	-133.2522	-165.3939	-230.0859	-365.8238	-499.5415	536.8816	536.8816	536.8816	536.8816	536.8816	-343.5139	-343.5139	-343.5139	-343.5139	-343.5139	5.3553	5.3553	5.3553	5.3553	5.3553	5.3553	5.3553	5.3553	5.3553	5.3553	5.3553	5.3553
148.5163	148.5163	148.5163	148.5163	148.5163	148.4426	405.4902	309.2313	207.1036	129.8997	66.1827	19.1911	-114.0547	-146.1964	-210.8885	-346.6263	481.9902	481.9902	481.9902	481.9902	481.9902	-374.9955	-374.9955	-374.9955	-374.9955	-374.9955	5.2746	5.2746	5.2746	5.2746	5.2746	5.2746	5.2746	5.2746	5.2746	5.2746	5.2746	5.2746
155.7470	155.7470	155.7470	155.7470	155.7470	155.7470	427.2610	393.3452	297.0862	194.9586	117.7546	37.0186	30.9648	-102.2811	-134.4228	-199.1148	476.0580	476.0580	476.0580	476.0580	476.0580	-362.9603	-362.9603	-362.9603	-362.9603	-362.9603	5.1950	5.1950	5.1950	5.1950	5.1950	5.1950	5.1950	5.1950	5.1950	5.1950	5.1950	5.1950
161.4781	161.4781	161.4781	161.4781	161.4781	161.4781	409.1367	409.0631	375.1473	278.8884	176.7607	116.7365	41.2371	35.1832	-98.0626	-130.2043	495.2500	495.2500	495.2500	495.2500	495.2500	-334.7491	-334.7491	-334.7491	-334.7491	-334.7491	5.1164	5.1164	5.1164	5.1164	5.1164	5.1164	5.1164	5.1164	5.1164	5.1164	5.1164	5.1164
165.9130	165.9130	165.9130	165.9130	165.9130	165.9130	387.9374	387.9374	387.8637	353.9479	257.6890	196.5561	114.2143	38.7149	32.6610	-100.5848	526.1452	526.1452	526.1452	526.1452	526.1452	-306.3477	-306.3477	-306.3477	-306.3477	-306.3477	5.0389	5.0389	5.0389	5.0389	5.0389	5.0389	5.0389	5.0389	5.0389	5.0389	5.0389	5.0389
168.7818	168.7818	168.7818	168.7818	168.7818	168.7818	366.8373	366.8373	366.8373	366.7636	332.8478	235.0044	188.6636	106.3218	30.8224	24.7685	567.3033	567.3033	567.3033	567.3033	567.3033	-280.1938	-280.1938	-280.1938	-280.1938	-280.1938	4.9624	4.9624	4.9624	4.9624	4.9624	4.9624	4.9624	4.9624	4.9624	4.9624	4.9624	4.9624
169.4001	169.4001	169.4001	169.4001	169.4001	169.4001	348.9806	348.9806	348.9806	348.9806	348.9806	271.3193	224.4129	178.0721	95.7303	20.2309	632.9160	632.9160	632.9160	632.9160	632.9160	-238.3903	-238.3903	-238.3903	-238.3903	-238.3903	4.8894	4.8894	4.8894	4.8894	4.8894	4.8894	4.8894	4.8894	4.8894	4.8894	4.8894	4.8894
166.9060	166.9060	166.9060	166.9060	166.9060	166.9060	337.5299	337.5299	337.5299	337.5299	337.5299	217.7193	262.3563	215.4499	169.1091	86.7673	748.5124	748.5124	748.5124	748.5124	748.5124	-146.6868	-146.6868	-146.6868	-146.6868	-146.6868	-154.9974	-154.9974	-154.9974	-154.9974	-154.9974	-154.9974	-154.9974	-154.9974	-154.9974	-154.9974	-154.9974	-154.9974
160.9405	160.9405	160.9405	160.9405	160.9405	160.9405	335.5954	335.5954	335.5954	335.5954	335.5954	216.8895	216.8895	261.5265	214.6202	168.2793	936.2502	936.2502	936.2502	936.2502	936.2502	30.1857	30.1857	30.1857	30.1857	30.1857	-25.9162	-25.9162	-25.9162	-25.9162	-25.9162	-25.9162	-25.9162	-25.9162	-25.9162	-25.9162	-25.9162	-25.9162
152.6249	152.6249	152.6249	152.6249	152.6249	152.6249	346.1324	346.1324	346.1324	346.1324	346.1324	231.5857	231.5857	231.5857	276.2227	229.3163	1191.3264	1191.3264	1191.3264	1191.3264	1191.3264	302.4160	302.4160	302.4160	302.4160	302.4160	645.2309	645.2309	645.2309	645.2309	645.2309	645.2309	645.2309	645.2309	645.2309	645.2309	645.2309	645.2309
142.2481	142.2481	142.2481	142.2481	142.2481	142.2481	344.8539	344.8539	344.8539	344.8539	344.8539	287.6529	287.6529	287.6529	287.6529	332.2899	1488.9537	1488.9537	1488.9537	1488.9537	1488.9537	654.8789	654.8789	654.8789	654.8789	654.8789	1743.5236	1743.5236	1743.5236	1743.5236	1743.5236	1743.5236	1743.5236	1743.5236	1743.5236	1743.5236	1743.5236	1743.5236
132.4336	132.4336	132.4336	132.4336	132.4336	132.4336	355.8148	355.8148	355.8148	355.8148	355.8148	396.5659	396.5659	396.5659	396.5659	396.5659	1783.7415	1783.7415	1783.7415	1783.7415	1783.7415	1036.1702	1036.1702	1036.1702	1036.1702	1036.1702	2628.2922	2628.2922	2628.2922	2628.2922	2628.2922	2628.2922	2628.2922	2628.2922	2628.2922	2628.2922	2628.2922	2628.2922
126.2296	126.2296	126.2296	126.2296	126.2296	126.2296	431.3675	431.3675	431.3675	431.3675	431.3675	555.4295	555.4295	555.4295	555.4295	555.4295	2089.1509	2089.1509	2089.1509	2089.1509	2089.1509	1421.3826	1421.3826	1421.3826	1421.3826	1421.3826	3039.4146	3039.4146	3039.4146	3039.4146	3039.4146	3039.4146	3039.4146	3039.4146	3039.4146	3039.4146	3039.4146	3039.4146
125.3742	125.3742	125.3742	125.3742	125.3742	125.3742	591.6108	591.6108	591.6108	591.6108	591.6108	755.6695	755.6695	755.6695	755.6695	755.6695	2330.0126	2330.0126	2330.0126	2330.0126	2330.0126	1745.4408	1745.4408	1745.4408	1745.4408	1745.4408	3081.4317	3081.4317	3081.4317	3081.4317	3081.4317	3081.4317	3081.4317	3081.4317	3081.4317	3081.4317	3081.4317	3081.4317
128.3107	128.3107	128.3107	128.3107	128.3107	128.3107	806.3768	806.3768	806.3768	806.3768	806.3768	979.8402	979.8402	979.8402	979.8402	979.8402	2412.7614	2412.7614	2412.7614	2412.7614	2412.7614	1963.0714	1963.0714	1963.0714	1963.0714	1963.0714	2922.0781	2922.0781	2922.0781	2922.0781	2922.0781	2922.0781	2922.0781	2922.0781	2922.0781	2922.0781	2922.0781	2922.0781
133.3814	133.3814	133.3814	133.3814	133.3814	133.3814	1048.0438	1048.0438	1048.0438	1048.0438	1048.0438	1190.7277	1190.7277	1190.7277	1190.7277	1190.7277	2310.8371	2310.8371	2310.8371	2310.8371	2310.8371	2061.0849	2061.0849	2061.0849	2061.0849	2061.0849	2677.2849	2677.2849	2677.2849	2677.2849	2677.2849	2677.2849	2677.2849	2677.2849	2677.2849	2677.2849	2677.2849	2677.2849
137.2039	137.2039	137.2039	137.2039	137.2039	137.2039	1255.4211	1255.4211	1255.4211	1255.4211	1255.4211	1357.3104	1357.3104	1357.3104	1357.3104	1357.3104	2074.2992	2074.2992	2074.2992	2074.2992	2074.2992	2061.5743	2061.5743	2061.5743	2061.5743	2061.5743	2409.2252	2409.2252	2409.2252	2409.2252	2409.2252	2409.2252	2409.2252	2409.2252	2409.2252	2409.2252	2409.2252	2409.2252
137.4769	137.4769	137.4769	137.4769	137.4769	137.4769	1379.5721	1379.5721	1379.5721	1379.5721	1379.5721	1454.7589	1454.7589	1454.7589	1454.7589	1454.7589	1756.1678	1756.1678	1756.1678	1756.1678	1756.1678	2006.5455	2006.5455	2006.5455	2006.5455	2006.5455	2147.0225	2147.0225	2147.0225	2147.0225	2147.0225	2147.0225	2147.0225	2147.0225	2147.0225	2147.0225	2147.0225	2147.0225
132.4996	132.4996	132.4996	132.4996	132.4996	132.4996	1385.5613	1385.5613	1385.5613	1385.5613	1385.5613	1472.5079	1472.5079	1472.5079	1472.5079	1472.5079	1439.9688	1439.9688	1439.9688	1439.9688	1439.9688	1914.4887	1914.4887	1914.4887	1914.4887	1914.4887	1902.7241	1902.7241	1902.7241	1902.7241	1902.7241	1902.7241	1902.7241	1902.7241	1902.7241	1902.7241	1902.7241	1902.7241
124.2897	124.2897	124.2897	124.2897	124.2897	124.2897	1302.7424	1302.7424	1302.7424	1302.7424	1302.7424	1412.3038	1412.3038	1412.3038	1412.3038	1412.3038	1169.6398	1169.6398	1169.6398	1169.6398	1169.6398	1758.9742	1758.9742	1758.9742	1758.9742	1758.9742	1680.2716	1680.2716	1680.2716	1680.2716	1680.2716	1680.2716	1680.2716	1680.2716	1680.2716	1680.2716	1680.2716	1680.2716
114.4008	114.4008	114.4008	114.4008	114.4008	114.4008	1191.7571	1191.7571	1191.7571	1191.7571	1191.7571	1285.4583	1285.4583	1285.4583	1285.4583	1285.4583	1002.7974	1002.7974	1002.7974	1002.7974	1002.7974	1556.3757	1556.3757	1556.3757	1556.3757	1556.3757	1479.9811	1479.9811	1479.9811	1479.9811	1479.9811	1479.9811	1479.9811	1479.9811	1479.9811	1479.9811	1479.9811	1479.9811
107.3603	107.3603	107.3603	107.3603	107.3603	107.3603	1094.7689	1094.7689	1094.7689	1094.7689	1094.7689	1116.3915	1116.3915	1116.3915	1116.3915	1116.3915	923.1101	923.1101	923.1101	923.1101	923.1101	1329.5041	1329.5041	1329.5041	1329.5041	1329.5041	1300.6581	1300.6581	1300.6581	1300.6581	1300.6581	1300.6581	1300.6581	1300.6581	1300.6581	1300.6581	1300.6581	1300.6581
107.0753	107.0753	107.0753	107.0753	107.0753	107.0753	1002.4459	1002.4459	1002.4459	1002.4459	1002.4459	942.6322	942.6322	942.6322	942.6322	942.6322	862.8893	862.8893	862.8893	862.8893	862.8893	1084.9392	1084.9392	1084.9392	1084.9392	1084.9392	1140.5636	1140.5636	1140.5636	1140.5636	1140.5636	1140.5636	1140.5636	1140.5636	1140.5636	1140.5636	1140.5636	1140.5636
116.0902	116.0902	116.0902	116.0902	116.0902	116.0902	928.4898	928.4898	928.4898	928.4898	928.4898	780.4917	780.4917	780.4917	780.4917	780.4917	789.0190	789.0190	789.0190	789.0190	789.0190	847.8327	847.8327	847.8327	847.8327	847.8327	997.8415	997.8415	997.8415	997.8415	997.8415	997.8415	997.8415	997.8415	997.8415	997.8415	997.8415	997.8415
131.6821	131.6821	131.6821	131.6821	131.6821	131.6821	868.3485	868.3485	868.3485	868.3485	868.3485	641.2524	641.2524	641.2524	641.2524	641.2524	725.1552	725.1552	725.1552	725.1552	725.1552	639.8641	639.8641	639.8641	639.8641	639.8641	870.6995	870.6995	870.6995	870.6995	870.6995	870.6995	870.6995	870.6995	870.6995	870.6995	870.6995	870.6995
149.3440	149.3440	149.3440	149.3440	149.3440	149.3440	802.5894	802.5894	802.5894	802.5894	802.5894	532.6605	532.6605	532.6605	532.6605	532.6605	650.1149	650.1149	650.1149	650.1149	650.1149	461.9383	461.9383	461.9383	461.9383	461.9383	757.4787	757.4787	757.4787	757.4787	757.4787	757.4787	757.4787	757.4787	757.4787	757.4787	757.4787	757.4787
164.6975	164.6975	164.6975	164.6975	164.6975	164.6975	727.6871	727.6871	727.6871	727.6871	727.6871	451.8678	451.8678	451.8678	451.8678	451.8678	571.3315	571.3315	571.3315	571.3315	571.3315	313.3520	313.3520	313.3520	313.3520	313.3520	656.6734	656.6734	656.6734	656.6734	656.6734	656.6734	656.6734	656.6734	656.6734	656.6734	656.6734	656.6734
176.7754	176.7754	176.7754	176.7754	176.7754	176.7754	660.9566	660.9566	660.9566	660.9566	660.9566	385.4319	385.4319	385.4319	385.4319	385.4319	524.3172	524.3172	524.3172	524.3172	524.3172	192.4880	192.4880	192.4880	192.4880	192.4880	566.9305	566.9305	566.9305	566.9305	566.9305	566.9305	566.9305	566.9305	566.9305	566.9305	566.9305	566.9305
183.6468	183.6468	183.6468	183.6468	183.6468	183.6468	606.0654	606.0654	606.0654	606.0654	606.0654	332.8636	332.8636	332.8636	332.8636	332.8636	513.4829	513.4829	513.4829	513.4829	513.4829	100.7072	100.7072	100.7072	100.7072	100.7072	487.0393	487.0393	487.0393	487.0393	487.0393	487.0393	487.0393	487.0393	487.0393	487.0393	487.0393	487.0393
186.3189	186.3189	186.3189	186.3189	186.3189	186.3189	560.7591	560.7591	560.7591	560.7591	560.7591	292.8170	292.8170	292.8170	292.8170	292.8170	510.9693	510.9693	510.9693	510.9693	510.9693	46.1226	46.1226	46.1226	46.1226	46.1226	415.9198	415.9198	415.9198	415.9198	415.9198	415.9198	415.9198	415.9198	415.9198	415.9198	415.9198	415.9198
188.2793	188.2793	188.2793	188.2793	188.2793	188.2793	518.8191	518.8191	518.8191	518.8191	518.8191	264.0690	264.0690	264.0690	264.0690	264.0690	501.7239	501.7239	501.7239	501.7239	501.7239	21.8967	21.8967	21.8967	21.8967	21.8967	352.6091	352.6091	352.6091	352.6091	352.6091	352.6091	352.6091	352.6091	352.6091	352.6091	352.6091	352.6091
190.3037	190.3037	190.3037	190.3037	190.3037	190.3037	477.6528	477.6528	477.6528	477.6528	477.6528	244.4470	244.4470	244.4470	244.4470	244.4470	475.2560	475.2560	475.2560	475.2560	475.2560	7.8853	7.8853	7.8853	7.8853	7.8853	296.2497	296.2497	296.2497	296.2497	296.2497	296.2497	296.2497	296.2497	296.2497	296.2497	296.2497	296.2497
189.7248	189.7248	189.7248	189.7248	189.7248	189.7248	440.5334	440.5334	440.5334	440.5334	440.5334	230.8293	230.8293	230.8293	230.8293	230.8293	428.1341	428.1341	428.1341	428.1341	428.1341	-14.3658	-14.3658	-14.3658	-14.3658	-14.3658	246.0781	246.0781	246.0781	246.0781	246.0781	246.0781	246.0781	246.0781	246.0781	246.0781	246.0781	246.0781
186.1731	186.1731	186.1731	186.1731	186.1731	186.1731	407.3296	407.3296	407.3296	407.3296	407.3296	220.8148	220.8148	220.8148	220.8148	220.8148	363.6819	363.6819	363.6819	363.6819	363.6819	-57.3346	-57.3346	-57.3346	-57.3346	-57.3346	201.4146	201.4146	201.4146	201.4146	201.4146	201.4146	201.4146	201.4146	201.4146	201.4146	201.4146	201.4146
180.3902	180.3902	180.3902	180.3902	180.3902	180.3902	377.5877	377.5877	377.5877	377.5877	377.5877	212.3320	212.3320	212.3320	212.3320	212.3320	297.0845	297.0845	297.0845	297.0845	297.0845	-110.7758	-110.7758	-110.7758	-110.7758	-110.7758	161.6540	161.6540	161.6540	161.6540	161.6540	161.6540	161.6540	161.6540	161.6540	161.6540	161.6540	161.6540
173.3324	173.3324	173.3324	173.3324	173.3324	173.3324	351.1680	351.1680	351.1680	351.1680	351.1680	203.3229	203.3229	203.3229	203.3229	203.3229	246.9986	246.9986	246.9986	246.9986	246.9986	-163.4304	-163.4304	-163.4304	-163.4304	-163.4304	126.2577	126.2577	126.2577	126.2577	126.2577	126.2577	126.2577	126.2577	126.2577	126.2577	126.2577	126.2577
166.2162	166.2162	166.2162	166.2162	166.2162	166.2162	327.1857	327.1857	327.1857	327.1857	327.1857	193.1275	193.1275	193.1275	193.1275	193.1275	223.3490	223.3490	223.3490	223.3490	223.3490	-201.5372	-201.5372	-201.5372	-201.5372	-201.5372	94.7462	94.7462	94.7462	94.7462	94.7462	94.7462	94.7462	94.7462	94.7462	94.7462	94.7462	94.7462
159.7054	159.7054	159.7054	159.7054	159.7054	159.7054	304.5264	304.5264	304.5264	304.5264	304.5264	182.4842	182.4842	182.4842	182.4842	182.4842	215.8472	215.8472	215.8472	215.8472	215.8472	-218.8748	-218.8748	-218.8748	-218.8748	-218.8748	66.6927	66.6927	66.6927	66.6927	66.6927	66.6927	66.6927	66.6927	66.6927	66.6927	66.6927	66.6927
154.4761	154.4761	154.4761	154.4761	154.4761	154.4761	282.5181	282.5181	282.5181	282.5181	282.5181	170.8753	170.8753	170.8753	170.8753	170.8753	227.7964	227.7964	227.7964	227.7964	227.7964	-211.6685	-211.6685	-211.6685	-211.6685	-211.6685	41.7173	41.7173	41.7173	41.7173	41.7173	41.7173	41.7173	41.7173	41.7173	41.7173	41.7173	41.7173
150.2859	150.2859	150.2859	150.2859	150.2859	150.2859	261.4528	261.4528	261.4528	261.4528	261.4528	158.2303	158.2303	158.2303	158.2303	158.2303	264.0445	264.0445	264.0445	264.0445	264.0445	-191.0696	-191.0696	-191.0696	-191.0696	-191.0696	19.4819	19.4819	19.4819	19.4819	19.4819	19.4819	19.4819	19.4819	19.4819	19.4819	19.4819	19.4819
146.3404	146.3404	146.3404	146.3404	146.3404	146.3404	242.3728	242.3728	242.3728	242.3728	242.3728	144.9586	144.9586	144.9586	144.9586	144.9586	317.7045	317.7045	317.7045	317.7045	317.7045	-167.4001	-167.4001	-167.4001	-167.4001	-167.4001	-0.3146	-0.3146	-0.3146	-0.3146	-0.3146	-0.3146	-0.3146	-0.3146	-0.3146	-0.3146	-0.3146	-0.3146
142.2954	142.2954	142.2954	142.2954	142.2954	142.2954	225.5439	225.5439	225.5439	225.5439	225.5439	131.9103	131.9103	131.9103	131.9103	131.9103	370.5496	370.5496	370.5496	370.5496	370.5496	-152.1691	-152.1691	-152.1691	-152.1691	-152.1691	-17.9401	-17.9401	-17.9401	-17.9401	-17.9401	-17.9401	-17.9401	-17.9401	-17.9401	-17.9401	-17.9401	-17.9401
138.6515	138.6515	138.6515	138.6515	138.6515	138.6515	210.1684	210.1684	210.1684	210.1684	210.1684	120.3762	120.3762	120.3762	120.3762	120.3762	420.2883	420.2883	420.2883	420.2883	420.2883	-148.8466	-148.8466	-148.8466	-148.8466	-148.8466	-33.6331	-33.6331	-33.6331	-33.6331	-33.6331	-33.6331	-33.6331	-33.6331	-33.6331	-33.6331	-33.6331	-33.6331
135.4557	135.4557	135.4557	135.4557	135.4557	135.4557	196.1271	196.1271	196.1271	196.1271	196.1271	110.7761	110.7761	110.7761	110.7761	110.7761	443.3311	443.3311	443.3311	443.3311	443.3311	-162.2975	-162.2975	-162.2975	-162.2975	-162.2975	-47.6058	-47.6058	-47.6058	-47.6058	-47.6058	-47.6058	-47.6058	-47.6058	-47.6058	-47.6058	-47.6058	-47.6058
132.8218	132.8218	132.8218	132.8218	132.8218	132.8218	183.5467	183.5467	183.5467	183.5467	183.5467	103.3270	103.3270	103.3270	103.3270	103.3270	419.8458	419.8458	419.8458	419.8458	419.8458	-188.4488	-188.4488	-188.4488	-188.4488	-188.4488	-60.0473	-60.0473	-60.0473	-60.0473	-60.0473	-60.0473	-60.0473	-60.0473	-60.0473	-60.0473	-60.0473	-60.0473
130.1864	130.1864	130.1864	130.1864	130.1864	130.1864	171.6203	171.6203	171.6203	171.6203	171.6203	98.3275	98.3275	98.3275	98.3275	98.3275	345.5086	345.5086	345.5086	345.5086	345.5086	-219.2961	-219.2961	-219.2961	-219.2961	-219.2961	-71.1256	-71.1256	-71.1256	-71.1256	-71.1256	-71.1256	-71.1256	-71.1256	-71.1256	-71.1256	-71.1256	-71.1256
128.2288	128.2288	128.2288	128.2288	128.2288	128.2288	161.3433	161.3433	161.3433	161.3433	161.3433	95.5930	95.5930	95.5930	95.5930	95.5930	247.6416	247.6416	247.6416	247.6416	247.6416	-241.8434	-241.8434	-241.8434	-241.8434	-241.8434	-80.9906	-80.9906	-80.9906	-80.9906	-80.9906	-80.9906	-80.9906	-80.9906	-80.9906	-80.9906	-80.9906	-80.9906
128.3110	128.3110	128.3110	128.3110	128.3110	128.3110	154.6074	154.6074	154.6074	154.6074	154.6074	94.4554	94.4554	94.4554	94.4554	94.4554	148.1787	148.1787	148.1787	148.1787	148.1787	-252.8306	-252.8306	-252.8306	-252.8306	-252.8306	-89.7756	-89.7756	-89.7756	-89.7756	-89.7756	-89.7756	-89.7756	-89.7756	-89.7756	-89.7756	-89.7756	-89.7756
130.9775	130.9775	130.9775	130.9775	130.9775	130.9775	152.1429	152.1429	152.1429	152.1429	152.1429	94.5946	94.5946	94.5946	94.5946	94.5946	83.6647	83.6647	83.6647	83.6647	83.6647	-242.0587	-242.0587	-242.0587	-242.0587	-242.0587	-97.5990	-97.5990	-97.5990	-97.5990	-97.5990	-97.5990	-97.5990	-97.5990	-97.5990	-97.5990	-97.5990	-97.5990
135.4395	135.4395	135.4395	135.4395	135.4395	135.4395	152.6588	152.6588	152.6588	152.6588	152.6588	95.6242	95.6242	95.6242	95.6242	95.6242	70.3050	70.3050	70.3050	70.3050	70.3050	-207.2619	-207.2619	-207.2619	-207.2619	-207.2619	-104.5666	-104.5666	-104.5666	-104.5666	-104.5666	-104.5666	-104.5666	-104.5666	-104.5666	-104.5666	-104.5666	-104.5666
140.2921	140.2921	140.2921	140.2921	140.2921	140.2921	154.9604	154.9604	154.9604	154.9604	154.9604	97.2011	97.2011	97.2011	97.2011	97.2011	115.9749	115.9749	115.9749	115.9749	115.9749	-153.8328	-153.8328	-153.8328	-153.8328	-153.8328	-110.7723	-110.7723	-110.7723	-110.7723	-110.7723	-110.7723	-110.7723	-110.7723	-110.7723	-110.7723	-110.7723	-110.7723
144.4548	144.4548	144.4548	144.4548	144.4548	144.4548	156.5136	156.5136	156.5136	156.5136	156.5136	99.0032	99.0032	99.0032	99.0032	99.0032	193.9682	193.9682	193.9682	193.9682	193.9682	-98.2043	-98.2043	-98.2043	-98.2043	-98.2043	-116.2998	-116.2998	-116.2998	-116.2998	-116.2998	-116.2998	-116.2998	-116.2998	-116.2998	-116.2998	-116.2998	-116.2998
147.8807	147.8807	147.8807	147.8807	147.8807	147.8807	155.2830	155.2830	155.2830	155.2830	155.2830	100.7294	100.7294	100.7294	100.7294	100.7294	272.6740	272.6740	272.6740	272.6740	272.6740	-47.8123	-47.8123	-47.8123	-47.8123	-47.8123	-121.2235	-121.2235	-121.2235	-121.2235	-121.2235	-121.2235	-121.2235	-121.2235	-121.2235	-121.2235	-121.2235	-121.2235
150.0844	150.0844	150.0844	150.0844	150.0844	150.0844	149.7894	149.7894	149.7894	149.7894	149.7894	102.0171	102.0171	102.0171	102.0171	102.0171	321.5024	321.5024	321.5024	321.5024	321.5024	-20.1854	-20.1854	-20.1854	-20.1854	-20.1854	-125.6097	-125.6097	-125.6097	-125.6097	-125.6097	-125.6097	-125.6097	-125.6097	-125.6097	-125.6097	-125.6097	-125.6097
151.0211	151.0211	151.0211	151.0211	151.0211	151.0211	141.1284	141.1284	141.1284	141.1284	141.1284	102.5811	102.5811	102.5811	102.5811	102.5811	340.7387	340.7387	340.7387	340.7387	340.7387	-23.3691	-23.3691	-23.3691	-23.3691	-23.3691	-129.5175	-129.5175	-129.5175	-129.5175	-129.5175	-129.5175	-129.5175	-129.5175	-129.5175	-129.5175	-129.5175	-129.5175
151.7073	151.7073	151.7073	151.7073	151.7073	151.7073	131.7241	131.7241	131.7241	131.7241	131.7241	102.1729	102.1729	102.1729	102.1729	102.1729	327.7250	327.7250	327.7250	327.7250	327.7250	-57.0197	-57.0197	-57.0197	-57.0197	-57.0197	-132.9994	-132.9994	-132.9994	-132.9994	-132.9994	-132.9994	-132.9994	-132.9994	-132.9994	-132.9994	-132.9994	-132.9994
151.5268	151.5268	151.5268	151.5268	151.5268	151.5268	123.1264	123.1264	123.1264	123.1264	123.1264	100.7661	100.7661	100.7661	100.7661	100.7661	296.9873	296.9873	296.9873	296.9873	296.9873	-105.7641	-105.7641	-105.7641	-105.7641	-105.7641	-136.1020	-136.1020	-136.1020	-136.1020	-136.1020	-136.1020	-136.1020	-136.1020	-136.1020	-136.1020	-136.1020	-136.1020
148.6317	148.6317	148.6317	148.6317	148.6317	148.6317	114.7448	114.7448	114.7448	114.7448	114.7448	98.5567	98.5567	98.5567	98.5567	98.5567	268.9285	268.9285	268.9285	268.9285	268.9285	-154.6532	-154.6532	-154.6532	-154.6532	-154.6532	-138.8671	-138.8671	-138.8671	-138.8671	-138.8671	-138.8671	-138.8671	-138.8671	-138.8671	-138.8671	-138.8671	-138.8671
142.3365	142.3365	142.3365	142.3365	142.3365	142.3365	107.0006	107.0006	107.0006	107.0006	107.0006	95.5065	95.5065	95.5065	95.5065	95.5065	253.9849	253.9849	253.9849	253.9849	253.9849	-188.7482	-188.7482	-188.7482	-188.7482	-188.7482	-141.3317	-141.3317	-141.3317	-141.3317	-141.3317	-141.3317	-141.3317	-141.3317	-141.3317	-141.3317	-141.3317	-141.3317
133.3994	133.3994	133.3994	133.3994	133.3994	133.3994	99.7236	99.7236	99.7236	99.7236	99.7236	91.6230	91.6230	91.6230	91.6230	91.6230	239.1816	239.1816	239.1816	239.1816	239.1816	-209.3484	-209.3484	-209.3484	-209.3484	-209.3484	-143.5286	-143.5286	-143.5286	-143.5286	-143.5286	-143.5286	-143.5286	-143.5286	-143.5286	-143.5286	-143.5286	-143.5286
123.5119	123.5119	123.5119	123.5119	123.5119	123.5119	92.5163	92.5163	92.5163	92.5163	92.5163	86.7557	86.7557	86.7557	86.7557	86.7557	219.8721	219.8721	219.8721	219.8721	219.8721	-216.4218	-216.4218	-216.4218	-216.4218	-216.4218	-145.4874	-145.4874	-145.4874	-145.4874	-145.4874	-145.4874	-145.4874	-145.4874	-145.4874	-145.4874	-145.4874	-145.4874
113.5412	113.5412	113.5412	113.5412	113.5412	113.5412	85.0434	85.0434	85.0434	85.0434	85.0434	80.9364	80.9364	80.9364	80.9364	80.9364	194.3663	194.3663	194.3663	194.3663	194.3663	-216.0946	-216.0946	-216.0946	-216.0946	-216.0946	-147.2341	-147.2341	-147.2341	-147.2341	-147.2341	-147.2341	-147.2341	-147.2341	-147.2341	-147.2341	-147.2341	-147.2341
102.9598	102.9598	102.9598	102.9598	102.9598	102.9598	77.3806	77.3806	77.3806	77.3806	77.3806	74.3793	74.3793	74.3793	74.3793	74.3793	161.7222	161.7222	161.7222	161.7222	161.7222	-217.3255	-217.3255	-217.3255	-217.3255	-217.3255	-148.7920	-148.7920	-148.7920	-148.7920	-148.7920	-148.7920	-148.7920	-148.7920	-148.7920	-148.7920	-148.7920	-148.7920
92.0298	92.0298	92.0298	92.0298	92.0298	92.0298	69.4637	69.4637	69.4637	69.4637	69.4637	67.2948	67.2948	67.2948	67.2948	67.2948	126.6251	126.6251	126.6251	126.6251	126.6251	-222.3460	-222.3460	-222.3460	-222.3460	-222.3460	-150.1818	-150.1818	-150.1818	-150.1818	-150.1818	-150.1818	-150.1818	-150.1818	-150.1818	-150.1818	-150.1818	-150.1818
81.0289	81.0289	81.0289	81.0289	81.0289	81.0289	61.5084	61.5084	61.5084	61.5084	61.5084	59.9487	59.9487	59.9487	59.9487	59.9487	99.0062	99.0062	99.0062	99.0062	99.0062	-221.7273	-221.7273	-221.7273	-221.7273	-221.7273	-151.4219	-151.4219	-151.4219	-151.4219	-151.4219	-151.4219	-151.4219	-151.4219	-151.4219	-151.4219	-151.4219	-151.4219
69.5855	69.5855	69.5855	69.5855	69.5855	69.5855	53.5591	53.5591	53.5591	53.5591	53.5591	52.6012	52.6012	52.6012	52.6012	52.6012	85.2598	85.2598	85.2598	85.2598	85.2598	-211.8300	-211.8300	-211.8300	-211.8300	-211.8300	-152.5286	-152.5286	-152.5286	-152.5286	-152.5286	-152.5286	-152.5286	-152.5286	-152.5286	-152.5286	-152.5286	-152.5286
58.4915	58.4915	58.4915	58.4915	58.4915	58.4915	46.1268	46.1268	46.1268	46.1268	46.1268	45.4984	45.4984	45.4984	45.4984	45.4984	82.9210	82.9210	82.9210	82.9210	82.9210	-193.7034	-193.7034	-193.7034	-193.7034	-193.7034	-153.5167	-153.5167	-153.5167	-153.5167	-153.5167	-153.5167	-153.5167	-153.5167	-153.5167	-153.5167	-153.5167	-153.5167
49.2076	49.2076	49.2076	49.2076	49.2076	49.2076	39.8171	39.8171	39.8171	39.8171	39.8171	38.8721	38.8721	38.8721	38.8721	38.8721	86.6732	86.6732	86.6732	86.6732	86.6732	-169.5197	-169.5197	-169.5197	-169.5197	-169.5197	-154.3991	-154.3991	-154.3991	-154.3991	-154.3991	-154.3991	-154.3991	-154.3991	-154.3991	-154.3991	-154.3991	-154.3991
42.4216	42.4216	42.4216	42.4216	42.4216	42.4216	34.9713	34.9713	34.9713	34.9713	34.9713	32.9726	32.9726	32.9726	32.9726	32.9726	88.8978	88.8978	88.8978	88.8978	88.8978	-144.4169	-144.4169	-144.4169	-144.4169	-144.4169	-155.1874	-155.1874	-155.1874	-155.1874	-155.1874	-155.1874	-155.1874	-155.1874	-155.1874	-155.1874	-155.1874	-155.1874
37.5998	37.5998	37.5998	37.5998	37.5998	37.5998	31.2815	31.2815	31.2815	31.2815	31.2815	27.9864	27.9864	27.9864	27.9864	27.9864	84.6206	84.6206	84.6206	84.6206	84.6206	-123.9170	-123.9170	-123.9170	-123.9170	-123.9170	-155.8919	-155.8919	-155.8919	-155.8919	-155.8919	-155.8919	-155.8919	-155.8919	-155.8919	-155.8919	-155.8919	-155.8919
33.5918	33.5918	33.5918	33.5918	33.5918	33.5918	28.1945	28.1945	28.1945	28.1945	28.1945	24.2756	24.2756	24.2756	24.2756	24.2756	67.9692	67.9692	67.9692	67.9692	67.9692	-113.3023	-113.3023	-113.3023	-113.3023	-113.3023	-156.5217	-156.5217	-156.5217	-156.5217	-156.5217	-156.5217	-156.5217	-156.5217	-156.5217	-156.5217	-156.5217	-156.5217
29.6384	29.6384	29.6384	29.6384	29.6384	29.6384	25.2176	25.2176	25.2176	25.2176	25.2176	21.8979	21.8979	21.8979	21.8979	21.8979	42.7660	42.7660	42.7660	42.7660	42.7660	-109.9025	-109.9025	-109.9025	-109.9025	-109.9025	-157.0850	-157.0850	-157.0850	-157.0850	-157.0850	-157.0850	-157.0850	-157.0850	-157.0850	-157.0850	-157.0850	-157.0850
25.9824	25.9824	25.9824	25.9824	25.9824	25.9824	22.3045	22.3045	22.3045	22.3045	22.3045	20.6066	20.6066	20.6066	20.6066	20.6066	16.9308	16.9308	16.9308	16.9308	16.9308	-107.1082	-107.1082	-107.1082	-107.1082	-107.1082	-157.5891	-157.5891	-157.5891	-157.5891	-157.5891	-157.5891	-157.5891	-157.5891	-157.5891	-157.5891	-157.5891	-157.5891
22.4018	22.4018	22.4018	22.4018	22.4018	22.4018	19.2603	19.2603	19.2603	19.2603	19.2603	20.2502	20.2502	20.2502	20.2502	20.2502	-2.5058	-2.5058	-2.5058	-2.5058	-2.5058	-99.9236	-99.9236	-99.9236	-99.9236	-99.9236	-158.0404	-158.0404	-158.0404	-158.0404	-158.0404	-158.0404	-158.0404	-158.0404	-158.0404	-158.0404	-158.0404	-158.0404
18.9793	18.9793	18.9793	18.9793	18.9793	18.9793	16.2065	16.2065	16.2065	16.2065	16.2065	20.5718	20.5718	20.5718	20.5718	20.5718	-14.3925	-14.3925	-14.3925	-14.3925	-14.3925	-88.5517	-88.5517	-88.5517	-88.5517	-88.5517	-158.4447	-158.4447	-158.4447	-158.4447	-158.4447	-158.4447	-158.4447	-158.4447	-158.4447	-158.4447	-158.4447	-158.4447
15.9014	15.9014	15.9014	15.9014	15.9014	15.9014	13.3718	13.3718	13.3718	13.3718	13.3718	21.2203	21.2203	21.2203	21.2203	21.2203	-16.8984	-16.8984	-16.8984	-16.8984	-16.8984	-72.3233	-72.3233	-72.3233	-72.3233	-72.3233	-158.8071	-158.8071	-158.8071	-158.8071	-158.8071	-158.8071	-158.8071	-158.8071	-158.8071	-158.8071	-158.8071	-158.8071
13.3175	13.3175	13.3175	13.3175	13.3175	13.3175	10.9472	10.9472	10.9472	10.9472	10.9472	21.8536	21.8536	21.8536	21.8536	21.8536	-13.1888	-13.1888	-13.1888	-13.1888	-13.1888	-53.7949	-53.7949	-53.7949	-53.7949	-53.7949	-159.1323	-159.1323	-159.1323	-159.1323	-159.1323	-159.1323	-159.1323	-159.1323	-159.1323	-159.1323	-159.1323	-159.1323
11.2923	11.2923	11.2923	11.2923	11.2923	11.2923	9.0350	9.0350	9.0350	9.0350	9.0350	22.1814	22.1814	22.1814	22.1814	22.1814	-7.8724	-7.8724	-7.8724	-7.8724	-7.8724	-36.3643	-36.3643	-36.3643	-36.3643	-36.3643	-159.4241	-159.4241	-159.4241	-159.4241	-159.4241	-159.4241	-159.4241	-159.4241	-159.4241	-159.4241	-159.4241	-159.4241
9.7928	9.7928	9.7928	9.7928	9.7928	9.7928	7.6365	7.6365	7.6365	7.6365	7.6365	21.9293	21.9293	21.9293	21.9293	21.9293	-4.6021	-4.6021	-4.6021	-4.6021	-4.6021	-22.6859	-22.6859	-22.6859	-22.6859	-22.6859	-159.6864	-159.6864	-159.6864	-159.6864	-159.6864	-159.6864	-159.6864	-159.6864	-159.6864	-159.6864	-159.6864	-159.6864
8.6944	8.6944	8.6944	8.6944	8.6944	8.6944	6.6581	6.6581	6.6581	6.6581	6.6581	20.9169	20.9169	20.9169	20.9169	20.9169	-5.2757	-5.2757	-5.2757	-5.2757	-5.2757	-14.1553	-14.1553	-14.1553	-14.1553	-14.1553	-159.9222	-159.9222	-159.9222	-159.9222	-159.9222	-159.9222	-159.9222	-159.9222	-159.9222	-159.9222	-159.9222	-159.9222
7.9100	7.9100	7.9100	7.9100	7.9100	7.9100	5.9745	5.9745	5.9745	5.9745	5.9745	19.0505	19.0505	19.0505	19.0505	19.0505	-10.0453	-10.0453	-10.0453	-10.0453	-10.0453	-10.9881	-10.9881	-10.9881	-10.9881	-10.9881	-160.1345	-160.1345	-160.1345	-160.1345	-160.1345	-160.1345	-160.1345	-160.1345	-160.1345	-160.1345	-160.1345	-160.1345
7.1269	7.1269	7.1269	7.1269	7.1269	7.1269	5.4416	5.4416	5.4416	5.4416	5.4416	16.2691	16.2691	16.2691	16.2691	16.2691	-17.4615	-17.4615	-17.4615	-17.4615	-17.4615	-12.3301	-12.3301	-12.3301	-12.3301	-12.3301	-160.3257	-160.3257	-160.3257	-160.3257	-160.3257	-160.3257	-160.3257	-160.3257	-160.3257	-160.3257	-160.3257	-160.3257
6.2393	6.2393	6.2393	6.2393	6.2393	6.2393	4.9088	4.9088	4.9088	4.9088	4.9088	12.5517	12.5517	12.5517	12.5517	12.5517	-25.5410	-25.5410	-25.5410	-25.5410	-25.5410	-16.9705	-16.9705	-16.9705	-16.9705	-16.9705	-160.4983	-160.4983	-160.4983	-160.4983	-160.4983	-160.4983	-160.4983	-160.4983	-160.4983	-160.4983	-160.4983	-160.4983
5.0718	5.0718	5.0718	5.0718	5.0718	5.0718	4.2322	4.2322	4.2322	4.2322	4.2322	7.8981	7.8981	7.8981	7.8981	7.8981	-32.0149	-32.0149	-32.0149	-32.0149	-32.0149	-23.5183	-23.5183	-23.5183	-23.5183	-23.5183	-160.6541	-160.6541	-160.6541	-160.6541	-160.6541	-160.6541	-160.6541	-160.6541	-160.6541	-160.6541	-160.6541	-160.6541
3.4491	3.4491	3.4491	3.4491	3.4491	3.4491	3.2673	3.2673	3.2673	3.2673	3.2673	2.3084	2.3084	2.3084	2.3084	2.3084	-34.5113	-34.5113	-34.5113	-34.5113	-34.5113	-30.5158	-30.5158	-30.5158	-30.5158	-30.5158	-160.7950	-160.7950	-160.7950	-160.7950	-160.7950	-160.7950	-160.7950	-160.7950	-160.7950	-160.7950	-160.7950	-160.7950
9.9323	9.9323	9.9323	9.9323	9.9323	9.9323	7.9414	7.9414	7.9414	7.9414	7.9414	19.3593	19.3593	19.3593	19.3593	19.3593	5.8381	5.8381	5.8381	5.8381	5.8381	10.5979	0.0270	0.0270	0.0270	0.0270	0.0000	0.0000	0.0000	0.0000	0.0000	0.0000	0.0000	0.0000	0.0000	0.0000	0.0000	0.0000
Female migration
15.4417	-80.6381	-211.5927	-298.3058	-377.0317	-439.8709	-224.3540	-353.1389	-481.9024	-595.8774	-745.6287	-321.1351	-321.1351	-321.1351	-321.1351	-321.1351	-1091.3873	-1091.3873	-1091.3873	-1091.3873	-1091.3873	38.1382	38.1382	38.1382	38.1382	38.1382	7.1404	7.1404	7.1404	7.1404	7.1404	7.1404	7.1404	7.1404	7.1404	7.1404	7.1404	7.1404
135.9603	82.9662	-13.1136	-144.0683	-230.7813	-309.5072	-160.6181	-176.1376	-304.9225	-433.6860	-547.6610	-637.1373	-278.6143	-278.6143	-278.6143	-278.6143	-45.0779	-45.0779	-45.0779	-45.0779	-45.0779	112.1905	112.1905	112.1905	112.1905	112.1905	7.0349	7.0349	7.0349	7.0349	7.0349	7.0349	7.0349	7.0349	7.0349	7.0349	7.0349	7.0349
187.2247	186.9379	133.9438	37.8640	-93.0907	-179.8038	-57.3537	-120.1929	-135.7123	-264.4972	-393.2608	-478.7679	-580.4978	-241.5283	-241.5283	-241.5283	1022.5500	1022.5500	1022.5500	1022.5500	1022.5500	207.5613	207.5613	207.5613	207.5613	207.5613	6.9308	6.9308	6.9308	6.9308	6.9308	6.9308	6.9308	6.9308	6.9308	6.9308	6.9308	6.9308
224.2805	224.2805	223.9937	170.9995	74.9197	-56.0349	53.5364	-25.1895	-88.0287	-103.5481	-232.3330	-323.5154	-431.0656	-532.7956	-209.8769	-209.8769	827.3379	827.3379	827.3379	827.3379	827.3379	-44.4598	-44.4598	-44.4598	-44.4598	-44.4598	6.8281	6.8281	6.8281	6.8281	6.8281	6.8281	6.8281	6.8281	6.8281	6.8281	6.8281	6.8281
250.0394	250.0394	250.0394	249.7526	196.7585	100.6787	163.6827	76.9696	-1.7563	-64.5955	-80.1149	-206.4690	-284.7505	-392.3006	-494.0306	-183.6601	659.4834	659.4834	659.4834	659.4834	659.4834	-211.1112	-211.1112	-211.1112	-211.1112	-211.1112	6.7268	6.7268	6.7268	6.7268	6.7268	6.7268	6.7268	6.7268	6.7268	6.7268	6.7268	6.7268
267.2109	267.2109	267.2109	267.2109	266.9241	213.9300	308.7272	177.7726	91.0595	12.3336	-50.5056	-115.5493	-176.7105	-254.9920	-362.5422	-464.2722	526.3616	526.3616	526.3616	526.3616	526.3616	-303.5943	-303.5943	-303.5943	-303.5943	-303.5943	6.6269	6.6269	6.6269	6.6269	6.6269	6.6269	6.6269	6.6269	6.6269	6.6269	6.6269	6.6269
278.4200	278.4200	278.4200	278.4200	278.4200	278.1332	409.0835	313.0037	182.0491	95.3360	16.6101	-22.8833	-94.7079	-155.8691	-234.1506	-341.7008	435.4790	435.4790	435.4790	435.4790	435.4790	-332.9787	-332.9787	-332.9787	-332.9787	-332.9787	6.5284	6.5284	6.5284	6.5284	6.5284	6.5284	6.5284	6.5284	6.5284	6.5284	6.5284	6.5284
286.0388	286.0388	286.0388	286.0388	286.0388	286.0388	456.4984	403.5042	307.4244	176.4698	89.7567	38.5673	-9.8175	-81.6421	-142.8033	-221.0848	395.7158	395.7158	395.7158	395.7158	395.7158	-310.0183	-310.0183	-310.0183	-310.0183	-310.0183	6.4312	6.4312	6.4312	6.4312	6.4312	6.4312	6.4312	6.4312	6.4312	6.4312	6.4312	6.4312
292.0182	292.0182	292.0182	292.0182	292.0182	292.0182	442.0195	441.7327	388.7386	292.6588	161.7041	114.3227	44.4239	-3.9609	-75.7855	-136.9467	415.6295	415.6295	415.6295	415.6295	415.6295	-244.7317	-244.7317	-244.7317	-244.7317	-244.7317	6.3353	6.3353	6.3353	6.3353	6.3353	6.3353	6.3353	6.3353	6.3353	6.3353	6.3353	6.3353
297.0445	297.0445	297.0445	297.0445	297.0445	297.0445	420.8740	420.8740	420.5872	367.5930	271.5132	217.8047	114.6778	44.7790	-3.6057	-75.4303	502.8092	502.8092	502.8092	502.8092	502.8092	-144.9328	-144.9328	-144.9328	-144.9328	-144.9328	6.2407	6.2407	6.2407	6.2407	6.2407	6.2407	6.2407	6.2407	6.2407	6.2407	6.2407	6.2407
300.4555	300.4555	300.4555	300.4555	300.4555	300.4555	398.4339	398.4339	398.4339	398.1471	345.1530	254.4807	214.8921	111.7653	41.8665	-6.5182	662.0474	662.0474	662.0474	662.0474	662.0474	-15.9425	-15.9425	-15.9425	-15.9425	-15.9425	6.1473	6.1473	6.1473	6.1473	6.1473	6.1473	6.1473	6.1473	6.1473	6.1473	6.1473	6.1473
300.4092	300.4092	300.4092	300.4092	300.4092	300.4092	381.7791	381.7791	381.7791	381.7791	381.7791	337.2561	251.8144	212.2258	109.0989	39.2001	885.2800	885.2800	885.2800	885.2800	885.2800	139.9289	139.9289	139.9289	139.9289	139.9289	6.0553	6.0553	6.0553	6.0553	6.0553	6.0553	6.0553	6.0553	6.0553	6.0553	6.0553	6.0553
294.5575	294.5575	294.5575	294.5575	294.5575	294.5575	378.8438	378.8438	378.8438	378.8438	378.8438	244.2404	339.7685	254.3268	214.7382	111.6114	1149.5556	1149.5556	1149.5556	1149.5556	1149.5556	322.4093	322.4093	322.4093	322.4093	322.4093	5.9644	5.9644	5.9644	5.9644	5.9644	5.9644	5.9644	5.9644	5.9644	5.9644	5.9644	5.9644
281.9855	281.9855	281.9855	281.9855	281.9855	281.9855	395.1409	395.1409	395.1409	395.1409	395.1409	258.3324	258.3324	353.8605	268.4188	228.8302	1415.9731	1415.9731	1415.9731	1415.9731	1415.9731	530.0863	530.0863	530.0863	530.0863	530.0863	-186.1764	-186.1764	-186.1764	-186.1764	-186.1764	-186.1764	-186.1764	-186.1764	-186.1764	-186.1764	-186.1764	-186.1764
265.9925	265.9925	265.9925	265.9925	265.9925	265.9925	429.0608	429.0608	429.0608	429.0608	429.0608	290.7513	290.7513	290.7513	386.2794	300.8377	1633.1841	1633.1841	1633.1841	1633.1841	1633.1841	755.4473	755.4473	755.4473	755.4473	755.4473	-172.3625	-172.3625	-172.3625	-172.3625	-172.3625	-172.3625	-172.3625	-172.3625	-172.3625	-172.3625	-172.3625	-172.3625
244.3553	244.3553	244.3553	244.3553	244.3553	244.3553	455.7793	455.7793	455.7793	455.7793	455.7793	367.5580	367.5580	367.5580	367.5580	463.0861	1763.8819	1763.8819	1763.8819	1763.8819	1763.8819	987.0384	987.0384	987.0384	987.0384	987.0384	2008.1256	2008.1256	2008.1256	2008.1256	2008.1256	2008.1256	2008.1256	2008.1256	2008.1256	2008.1256	2008.1256	2008.1256
227.1035	227.1035	227.1035	227.1035	227.1035	227.1035	487.6278	487.6278	487.6278	487.6278	487.6278	499.2158	499.2158	499.2158	499.2158	499.2158	1820.5969	1820.5969	1820.5969	1820.5969	1820.5969	1210.3510	1210.3510	1210.3510	1210.3510	1210.3510	3340.3460	3340.3460	3340.3460	3340.3460	3340.3460	3340.3460	3340.3460	3340.3460	3340.3460	3340.3460	3340.3460	3340.3460
228.7451	228.7451	228.7451	228.7451	228.7451	228.7451	563.1223	563.1223	563.1223	563.1223	563.1223	680.5908	680.5908	680.5908	680.5908	680.5908	1848.5297	1848.5297	1848.5297	1848.5297	1848.5297	1419.1235	1419.1235	1419.1235	1419.1235	1419.1235	3244.2962	3244.2962	3244.2962	3244.2962	3244.2962	3244.2962	3244.2962	3244.2962	3244.2962	3244.2962	3244.2962	3244.2962
256.3218	256.3218	256.3218	256.3218	256.3218	256.3218	694.8216	694.8216	694.8216	694.8216	694.8216	901.0999	901.0999	901.0999	901.0999	901.0999	1869.7205	1869.7205	1869.7205	1869.7205	1869.7205	1596.7935	1596.7935	1596.7935	1596.7935	1596.7935	2972.4439	2972.4439	2972.4439	2972.4439	2972.4439	2972.4439	2972.4439	2972.4439	2972.4439	2972.4439	2972.4439	2972.4439
301.6538	301.6538	301.6538	301.6538	301.6538	301.6538	860.7355	860.7355	860.7355	860.7355	860.7355	1141.1481	1141.1481	1141.1481	1141.1481	1141.1481	1865.5899	1865.5899	1865.5899	1865.5899	1865.5899	1727.1788	1727.1788	1727.1788	1727.1788	1727.1788	2704.6847	2704.6847	2704.6847	2704.6847	2704.6847	2704.6847	2704.6847	2704.6847	2704.6847	2704.6847	2704.6847	2704.6847
354.4408	354.4408	354.4408	354.4408	354.4408	354.4408	1046.5200	1046.5200	1046.5200	1046.5200	1046.5200	1358.5030	1358.5030	1358.5030	1358.5030	1358.5030	1854.0904	1854.0904	1854.0904	1854.0904	1854.0904	1813.2404	1813.2404	1813.2404	1813.2404	1813.2404	2457.8678	2457.8678	2457.8678	2457.8678	2457.8678	2457.8678	2457.8678	2457.8678	2457.8678	2457.8678	2457.8678	2457.8678
399.3574	399.3574	399.3574	399.3574	399.3574	399.3574	1204.2760	1204.2760	1204.2760	1204.2760	1204.2760	1519.7698	1519.7698	1519.7698	1519.7698	1519.7698	1823.7434	1823.7434	1823.7434	1823.7434	1823.7434	1845.9661	1845.9661	1845.9661	1845.9661	1845.9661	2231.9338	2231.9338	2231.9338	2231.9338	2231.9338	2231.9338	2231.9338	2231.9338	2231.9338	2231.9338	2231.9338	2231.9338
427.7878	427.7878	427.7878	427.7878	427.7878	427.7878	1288.4117	1288.4117	1288.4117	1288.4117	1288.4117	1600.3916	1600.3916	1600.3916	1600.3916	1600.3916	1755.9918	1755.9918	1755.9918	1755.9918	1755.9918	1846.8473	1846.8473	1846.8473	1846.8473	1846.8473	2025.2724	2025.2724	2025.2724	2025.2724	2025.2724	2025.2724	2025.2724	2025.2724	2025.2724	2025.2724	2025.2724	2025.2724
431.9287	431.9287	431.9287	431.9287	431.9287	431.9287	1269.9473	1269.9473	1269.9473	1269.9473	1269.9473	1590.5932	1590.5932	1590.5932	1590.5932	1590.5932	1629.8542	1629.8542	1629.8542	1629.8542	1629.8542	1778.2252	1778.2252	1778.2252	1778.2252	1778.2252	1836.2548	1836.2548	1836.2548	1836.2548	1836.2548	1836.2548	1836.2548	1836.2548	1836.2548	1836.2548	1836.2548	1836.2548
418.0908	418.0908	418.0908	418.0908	418.0908	418.0908	1175.0096	1175.0096	1175.0096	1175.0096	1175.0096	1494.5212	1494.5212	1494.5212	1494.5212	1494.5212	1440.0224	1440.0224	1440.0224	1440.0224	1440.0224	1573.9672	1573.9672	1573.9672	1573.9672	1573.9672	1663.3759	1663.3759	1663.3759	1663.3759	1663.3759	1663.3759	1663.3759	1663.3759	1663.3759	1663.3759	1663.3759	1663.3759
399.3512	399.3512	399.3512	399.3512	399.3512	399.3512	1054.6081	1054.6081	1054.6081	1054.6081	1054.6081	1327.8686	1327.8686	1327.8686	1327.8686	1327.8686	1194.1028	1194.1028	1194.1028	1194.1028	1194.1028	1221.5825	1221.5825	1221.5825	1221.5825	1221.5825	1505.2575	1505.2575	1505.2575	1505.2575	1505.2575	1505.2575	1505.2575	1505.2575	1505.2575	1505.2575	1505.2575	1505.2575
384.9118	384.9118	384.9118	384.9118	384.9118	384.9118	947.3560	947.3560	947.3560	947.3560	947.3560	1119.7439	1119.7439	1119.7439	1119.7439	1119.7439	932.5242	932.5242	932.5242	932.5242	932.5242	790.3086	790.3086	790.3086	790.3086	790.3086	1360.6390	1360.6390	1360.6390	1360.6390	1360.6390	1360.6390	1360.6390	1360.6390	1360.6390	1360.6390	1360.6390	1360.6390
372.7751	372.7751	372.7751	372.7751	372.7751	372.7751	849.7345	849.7345	849.7345	849.7345	849.7345	912.6717	912.6717	912.6717	912.6717	912.6717	684.1477	684.1477	684.1477	684.1477	684.1477	336.8936	336.8936	336.8936	336.8936	336.8936	1228.3674	1228.3674	1228.3674	1228.3674	1228.3674	1228.3674	1228.3674	1228.3674	1228.3674	1228.3674	1228.3674	1228.3674
365.8796	365.8796	365.8796	365.8796	365.8796	365.8796	775.6732	775.6732	775.6732	775.6732	775.6732	725.7049	725.7049	725.7049	725.7049	725.7049	493.6985	493.6985	493.6985	493.6985	493.6985	-36.1550	-36.1550	-36.1550	-36.1550	-36.1550	1107.3883	1107.3883	1107.3883	1107.3883	1107.3883	1107.3883	1107.3883	1107.3883	1107.3883	1107.3883	1107.3883	1107.3883
362.9679	362.9679	362.9679	362.9679	362.9679	362.9679	719.8691	719.8691	719.8691	719.8691	719.8691	571.4278	571.4278	571.4278	571.4278	571.4278	378.8611	378.8611	378.8611	378.8611	378.8611	-266.9058	-266.9058	-266.9058	-266.9058	-266.9058	996.7371	996.7371	996.7371	996.7371	996.7371	996.7371	996.7371	996.7371	996.7371	996.7371	996.7371	996.7371
358.5508	358.5508	358.5508	358.5508	358.5508	358.5508	660.9708	660.9708	660.9708	660.9708	660.9708	458.3927	458.3927	458.3927	458.3927	458.3927	332.3106	332.3106	332.3106	332.3106	332.3106	-330.2156	-330.2156	-330.2156	-330.2156	-330.2156	895.5320	895.5320	895.5320	895.5320	895.5320	895.5320	895.5320	895.5320	895.5320	895.5320	895.5320	895.5320
352.2380	352.2380	352.2380	352.2380	352.2380	352.2380	595.0449	595.0449	595.0449	595.0449	595.0449	381.9678	381.9678	381.9678	381.9678	381.9678	329.1455	329.1455	329.1455	329.1455	329.1455	-278.1867	-278.1867	-278.1867	-278.1867	-278.1867	802.9661	802.9661	802.9661	802.9661	802.9661	802.9661	802.9661	802.9661	802.9661	802.9661	802.9661	802.9661
349.2706	349.2706	349.2706	349.2706	349.2706	349.2706	540.4992	540.4992	540.4992	540.4992	540.4992	324.3376	324.3376	324.3376	324.3376	324.3376	348.7298	348.7298	348.7298	348.7298	348.7298	-182.3808	-182.3808	-182.3808	-182.3808	-182.3808	718.3016	718.3016	718.3016	718.3016	718.3016	718.3016	718.3016	718.3016	718.3016	718.3016	718.3016	718.3016
350.7914	350.7914	350.7914	350.7914	350.7914	350.7914	500.9243	500.9243	500.9243	500.9243	500.9243	283.4379	283.4379	283.4379	283.4379	283.4379	372.1320	372.1320	372.1320	372.1320	372.1320	-104.9530	-104.9530	-104.9530	-104.9530	-104.9530	640.8638	640.8638	640.8638	640.8638	640.8638	640.8638	640.8638	640.8638	640.8638	640.8638	640.8638	640.8638
355.0797	355.0797	355.0797	355.0797	355.0797	355.0797	472.9859	472.9859	472.9859	472.9859	472.9859	256.3486	256.3486	256.3486	256.3486	256.3486	408.2954	408.2954	408.2954	408.2954	408.2954	-37.9011	-37.9011	-37.9011	-37.9011	-37.9011	570.0354	570.0354	570.0354	570.0354	570.0354	570.0354	570.0354	570.0354	570.0354	570.0354	570.0354	570.0354
360.7659	360.7659	360.7659	360.7659	360.7659	360.7659	450.2194	450.2194	450.2194	450.2194	450.2194	240.0887	240.0887	240.0887	240.0887	240.0887	455.8697	455.8697	455.8697	455.8697	455.8697	1.4042	1.4042	1.4042	1.4042	1.4042	505.2520	505.2520	505.2520	505.2520	505.2520	505.2520	505.2520	505.2520	505.2520	505.2520	505.2520	505.2520
364.2019	364.2019	364.2019	364.2019	364.2019	364.2019	427.7245	427.7245	427.7245	427.7245	427.7245	231.5106	231.5106	231.5106	231.5106	231.5106	504.7112	504.7112	504.7112	504.7112	504.7112	13.5837	13.5837	13.5837	13.5837	13.5837	445.9974	445.9974	445.9974	445.9974	445.9974	445.9974	445.9974	445.9974	445.9974	445.9974	445.9974	445.9974
362.2233	362.2233	362.2233	362.2233	362.2233	362.2233	405.8994	405.8994	405.8994	405.8994	405.8994	227.3004	227.3004	227.3004	227.3004	227.3004	545.6137	545.6137	545.6137	545.6137	545.6137	14.7463	14.7463	14.7463	14.7463	14.7463	391.7994	391.7994	391.7994	391.7994	391.7994	391.7994	391.7994	391.7994	391.7994	391.7994	391.7994	391.7994
352.7080	352.7080	352.7080	352.7080	352.7080	352.7080	382.9452	382.9452	382.9452	382.9452	382.9452	224.3530	224.3530	224.3530	224.3530	224.3530	567.1030	567.1030	567.1030	567.1030	567.1030	8.3405	8.3405	8.3405	8.3405	8.3405	342.2261	342.2261	342.2261	342.2261	342.2261	342.2261	342.2261	342.2261	342.2261	342.2261	342.2261	342.2261
337.5781	337.5781	337.5781	337.5781	337.5781	337.5781	359.4724	359.4724	359.4724	359.4724	359.4724	220.3269	220.3269	220.3269	220.3269	220.3269	563.6630	563.6630	563.6630	563.6630	563.6630	-19.2534	-19.2534	-19.2534	-19.2534	-19.2534	296.8827	296.8827	296.8827	296.8827	296.8827	296.8827	296.8827	296.8827	296.8827	296.8827	296.8827	296.8827
321.3648	321.3648	321.3648	321.3648	321.3648	321.3648	338.2580	338.2580	338.2580	338.2580	338.2580	213.2282	213.2282	213.2282	213.2282	213.2282	540.7229	540.7229	540.7229	540.7229	540.7229	-59.3173	-59.3173	-59.3173	-59.3173	-59.3173	255.4080	255.4080	255.4080	255.4080	255.4080	255.4080	255.4080	255.4080	255.4080	255.4080	255.4080	255.4080
306.2974	306.2974	306.2974	306.2974	306.2974	306.2974	319.6196	319.6196	319.6196	319.6196	319.6196	203.0632	203.0632	203.0632	203.0632	203.0632	512.4048	512.4048	512.4048	512.4048	512.4048	-99.2382	-99.2382	-99.2382	-99.2382	-99.2382	217.4715	217.4715	217.4715	217.4715	217.4715	217.4715	217.4715	217.4715	217.4715	217.4715	217.4715	217.4715
290.7013	290.7013	290.7013	290.7013	290.7013	290.7013	300.9134	300.9134	300.9134	300.9134	300.9134	191.8378	191.8378	191.8378	191.8378	191.8378	488.7277	488.7277	488.7277	488.7277	488.7277	-131.9834	-131.9834	-131.9834	-131.9834	-131.9834	182.7711	182.7711	182.7711	182.7711	182.7711	182.7711	182.7711	182.7711	182.7711	182.7711	182.7711	182.7711
275.1103	275.1103	275.1103	275.1103	275.1103	275.1103	281.5373	281.5373	281.5373	281.5373	281.5373	179.4321	179.4321	179.4321	179.4321	179.4321	479.2727	479.2727	479.2727	479.2727	479.2727	-151.1051	-151.1051	-151.1051	-151.1051	-151.1051	151.0305	151.0305	151.0305	151.0305	151.0305	151.0305	151.0305	151.0305	151.0305	151.0305	151.0305	151.0305
260.0970	260.0970	260.0970	260.0970	260.0970	260.0970	262.0462	262.0462	262.0462	262.0462	262.0462	166.0743	166.0743	166.0743	166.0743	166.0743	478.8496	478.8496	478.8496	478.8496	478.8496	-161.9741	-161.9741	-161.9741	-161.9741	-161.9741	121.9970	121.9970	121.9970	121.9970	121.9970	121.9970	121.9970	121.9970	121.9970	121.9970	121.9970	121.9970
244.3421	244.3421	244.3421	244.3421	244.3421	244.3421	243.6012	243.6012	243.6012	243.6012	243.6012	152.3984	152.3984	152.3984	152.3984	152.3984	482.9586	482.9586	482.9586	482.9586	482.9586	-169.9720	-169.9720	-169.9720	-169.9720	-169.9720	95.4393	95.4393	95.4393	95.4393	95.4393	95.4393	95.4393	95.4393	95.4393	95.4393	95.4393	95.4393
229.9118	229.9118	229.9118	229.9118	229.9118	229.9118	226.9539	226.9539	226.9539	226.9539	226.9539	139.2406	139.2406	139.2406	139.2406	139.2406	484.2520	484.2520	484.2520	484.2520	484.2520	-180.3757	-180.3757	-180.3757	-180.3757	-180.3757	71.1461	71.1461	71.1461	71.1461	71.1461	71.1461	71.1461	71.1461	71.1461	71.1461	71.1461	71.1461
220.8226	220.8226	220.8226	220.8226	220.8226	220.8226	211.8841	211.8841	211.8841	211.8841	211.8841	127.6391	127.6391	127.6391	127.6391	127.6391	481.5793	481.5793	481.5793	481.5793	481.5793	-197.3111	-197.3111	-197.3111	-197.3111	-197.3111	48.9240	48.9240	48.9240	48.9240	48.9240	48.9240	48.9240	48.9240	48.9240	48.9240	48.9240	48.9240
218.8406	218.8406	218.8406	218.8406	218.8406	218.8406	198.6378	198.6378	198.6378	198.6378	198.6378	118.0466	118.0466	118.0466	118.0466	118.0466	468.9398	468.9398	468.9398	468.9398	468.9398	-219.0770	-219.0770	-219.0770	-219.0770	-219.0770	28.5962	28.5962	28.5962	28.5962	28.5962	28.5962	28.5962	28.5962	28.5962	28.5962	28.5962	28.5962
222.1828	222.1828	222.1828	222.1828	222.1828	222.1828	187.2125	187.2125	187.2125	187.2125	187.2125	110.6805	110.6805	110.6805	110.6805	110.6805	444.7865	444.7865	444.7865	444.7865	444.7865	-235.1603	-235.1603	-235.1603	-235.1603	-235.1603	10.0010	10.0010	10.0010	10.0010	10.0010	10.0010	10.0010	10.0010	10.0010	10.0010	10.0010	10.0010
227.0644	227.0644	227.0644	227.0644	227.0644	227.0644	176.1163	176.1163	176.1163	176.1163	176.1163	105.7415	105.7415	105.7415	105.7415	105.7415	410.1515	410.1515	410.1515	410.1515	410.1515	-239.0948	-239.0948	-239.0948	-239.0948	-239.0948	-7.0096	-7.0096	-7.0096	-7.0096	-7.0096	-7.0096	-7.0096	-7.0096	-7.0096	-7.0096	-7.0096	-7.0096
231.2090	231.2090	231.2090	231.2090	231.2090	231.2090	166.3619	166.3619	166.3619	166.3619	166.3619	102.9605	102.9605	102.9605	102.9605	102.9605	373.7169	373.7169	373.7169	373.7169	373.7169	-229.6089	-229.6089	-229.6089	-229.6089	-229.6089	-22.5709	-22.5709	-22.5709	-22.5709	-22.5709	-22.5709	-22.5709	-22.5709	-22.5709	-22.5709	-22.5709	-22.5709
235.4676	235.4676	235.4676	235.4676	235.4676	235.4676	160.5806	160.5806	160.5806	160.5806	160.5806	101.5978	101.5978	101.5978	101.5978	101.5978	337.6396	337.6396	337.6396	337.6396	337.6396	-211.0957	-211.0957	-211.0957	-211.0957	-211.0957	-36.8067	-36.8067	-36.8067	-36.8067	-36.8067	-36.8067	-36.8067	-36.8067	-36.8067	-36.8067	-36.8067	-36.8067
239.0942	239.0942	239.0942	239.0942	239.0942	239.0942	159.6923	159.6923	159.6923	159.6923	159.6923	101.3479	101.3479	101.3479	101.3479	101.3479	314.6324	314.6324	314.6324	314.6324	314.6324	-186.3436	-186.3436	-186.3436	-186.3436	-186.3436	-49.8299	-49.8299	-49.8299	-49.8299	-49.8299	-49.8299	-49.8299	-49.8299	-49.8299	-49.8299	-49.8299	-49.8299
241.8419	241.8419	241.8419	241.8419	241.8419	241.8419	162.1524	162.1524	162.1524	162.1524	162.1524	101.8797	101.8797	101.8797	101.8797	101.8797	315.1343	315.1343	315.1343	315.1343	315.1343	-157.5011	-157.5011	-157.5011	-157.5011	-157.5011	-61.7443	-61.7443	-61.7443	-61.7443	-61.7443	-61.7443	-61.7443	-61.7443	-61.7443	-61.7443	-61.7443	-61.7443
245.1894	245.1894	245.1894	245.1894	245.1894	245.1894	166.6214	166.6214	166.6214	166.6214	166.6214	103.1408	103.1408	103.1408	103.1408	103.1408	342.7984	342.7984	342.7984	342.7984	342.7984	-129.6763	-129.6763	-129.6763	-129.6763	-129.6763	-72.6444	-72.6444	-72.6444	-72.6444	-72.6444	-72.6444	-72.6444	-72.6444	-72.6444	-72.6444	-72.6444	-72.6444
247.8361	247.8361	247.8361	247.8361	247.8361	247.8361	169.9715	169.9715	169.9715	169.9715	169.9715	104.9803	104.9803	104.9803	104.9803	104.9803	383.7195	383.7195	383.7195	383.7195	383.7195	-108.7186	-108.7186	-108.7186	-108.7186	-108.7186	-82.6168	-82.6168	-82.6168	-82.6168	-82.6168	-82.6168	-82.6168	-82.6168	-82.6168	-82.6168	-82.6168	-82.6168
246.5440	246.5440	246.5440	246.5440	246.5440	246.5440	169.5925	169.5925	169.5925	169.5925	169.5925	107.1495	107.1495	107.1495	107.1495	107.1495	424.2268	424.2268	424.2268	424.2268	424.2268	-92.4961	-92.4961	-92.4961	-92.4961	-92.4961	-91.7408	-91.7408	-91.7408	-91.7408	-91.7408	-91.7408	-91.7408	-91.7408	-91.7408	-91.7408	-91.7408	-91.7408
240.0114	240.0114	240.0114	240.0114	240.0114	240.0114	163.6557	163.6557	163.6557	163.6557	163.6557	109.2079	109.2079	109.2079	109.2079	109.2079	445.8469	445.8469	445.8469	445.8469	445.8469	-87.7359	-87.7359	-87.7359	-87.7359	-87.7359	-100.0886	-100.0886	-100.0886	-100.0886	-100.0886	-100.0886	-100.0886	-100.0886	-100.0886	-100.0886	-100.0886	-100.0886
229.5401	229.5401	229.5401	229.5401	229.5401	229.5401	153.6327	153.6327	153.6327	153.6327	153.6327	110.6864	110.6864	110.6864	110.6864	110.6864	442.1587	442.1587	442.1587	442.1587	442.1587	-102.1290	-102.1290	-102.1290	-102.1290	-102.1290	-107.7266	-107.7266	-107.7266	-107.7266	-107.7266	-107.7266	-107.7266	-107.7266	-107.7266	-107.7266	-107.7266	-107.7266
217.2708	217.2708	217.2708	217.2708	217.2708	217.2708	142.4934	142.4934	142.4934	142.4934	142.4934	110.7259	110.7259	110.7259	110.7259	110.7259	409.6827	409.6827	409.6827	409.6827	409.6827	-134.9179	-134.9179	-134.9179	-134.9179	-134.9179	-114.7154	-114.7154	-114.7154	-114.7154	-114.7154	-114.7154	-114.7154	-114.7154	-114.7154	-114.7154	-114.7154	-114.7154
205.3577	205.3577	205.3577	205.3577	205.3577	205.3577	132.4511	132.4511	132.4511	132.4511	132.4511	108.8842	108.8842	108.8842	108.8842	108.8842	360.2089	360.2089	360.2089	360.2089	360.2089	-175.6609	-175.6609	-175.6609	-175.6609	-175.6609	-121.1103	-121.1103	-121.1103	-121.1103	-121.1103	-121.1103	-121.1103	-121.1103	-121.1103	-121.1103	-121.1103	-121.1103
194.3138	194.3138	194.3138	194.3138	194.3138	194.3138	123.1872	123.1872	123.1872	123.1872	123.1872	105.1362	105.1362	105.1362	105.1362	105.1362	310.9351	310.9351	310.9351	310.9351	310.9351	-216.1122	-216.1122	-216.1122	-216.1122	-216.1122	-126.9621	-126.9621	-126.9621	-126.9621	-126.9621	-126.9621	-126.9621	-126.9621	-126.9621	-126.9621	-126.9621	-126.9621
185.0769	185.0769	185.0769	185.0769	185.0769	185.0769	115.4376	115.4376	115.4376	115.4376	115.4376	99.4761	99.4761	99.4761	99.4761	99.4761	272.3562	272.3562	272.3562	272.3562	272.3562	-244.4371	-244.4371	-244.4371	-244.4371	-244.4371	-132.3170	-132.3170	-132.3170	-132.3170	-132.3170	-132.3170	-132.3170	-132.3170	-132.3170	-132.3170	-132.3170	-132.3170
177.0519	177.0519	177.0519	177.0519	177.0519	177.0519	108.8016	108.8016	108.8016	108.8016	108.8016	92.1585	92.1585	92.1585	92.1585	92.1585	237.2772	237.2772	237.2772	237.2772	237.2772	-256.9499	-256.9499	-256.9499	-256.9499	-256.9499	-137.2175	-137.2175	-137.2175	-137.2175	-137.2175	-137.2175	-137.2175	-137.2175	-137.2175	-137.2175	-137.2175	-137.2175
169.3796	169.3796	169.3796	169.3796	169.3796	169.3796	102.4307	102.4307	102.4307	102.4307	102.4307	83.6537	83.6537	83.6537	83.6537	83.6537	203.4488	203.4488	203.4488	203.4488	203.4488	-252.8114	-252.8114	-252.8114	-252.8114	-252.8114	-141.7023	-141.7023	-141.7023	-141.7023	-141.7023	-141.7023	-141.7023	-141.7023	-141.7023	-141.7023	-141.7023	-141.7023
160.7844	160.7844	160.7844	160.7844	160.7844	160.7844	95.6154	95.6154	95.6154	95.6154	95.6154	74.6096	74.6096	74.6096	74.6096	74.6096	169.3945	169.3945	169.3945	169.3945	169.3945	-237.8731	-237.8731	-237.8731	-237.8731	-237.8731	-145.8070	-145.8070	-145.8070	-145.8070	-145.8070	-145.8070	-145.8070	-145.8070	-145.8070	-145.8070	-145.8070	-145.8070
150.7189	150.7189	150.7189	150.7189	150.7189	150.7189	88.4473	88.4473	88.4473	88.4473	88.4473	65.8520	65.8520	65.8520	65.8520	65.8520	133.7059	133.7059	133.7059	133.7059	133.7059	-220.2120	-220.2120	-220.2120	-220.2120	-220.2120	-149.5638	-149.5638	-149.5638	-149.5638	-149.5638	-149.5638	-149.5638	-149.5638	-149.5638	-149.5638	-149.5638	-149.5638
138.6576	138.6576	138.6576	138.6576	138.6576	138.6576	80.7361	80.7361	80.7361	80.7361	80.7361	57.8328	57.8328	57.8328	57.8328	57.8328	98.9676	98.9676	98.9676	98.9676	98.9676	-204.1465	-204.1465	-204.1465	-204.1465	-204.1465	-153.0025	-153.0025	-153.0025	-153.0025	-153.0025	-153.0025	-153.0025	-153.0025	-153.0025	-153.0025	-153.0025	-153.0025
125.4031	125.4031	125.4031	125.4031	125.4031	125.4031	72.8094	72.8094	72.8094	72.8094	72.8094	50.8424	50.8424	50.8424	50.8424	50.8424	72.4269	72.4269	72.4269	72.4269	72.4269	-184.7425	-184.7425	-184.7425	-184.7425	-184.7425	-156.1503	-156.1503	-156.1503	-156.1503	-156.1503	-156.1503	-156.1503	-156.1503	-156.1503	-156.1503	-156.1503	-156.1503
111.3170	111.3170	111.3170	111.3170	111.3170	111.3170	64.6570	64.6570	64.6570	64.6570	64.6570	45.1109	45.1109	45.1109	45.1109	45.1109	57.0638	57.0638	57.0638	57.0638	57.0638	-162.4205	-162.4205	-162.4205	-162.4205	-162.4205	-159.0318	-159.0318	-159.0318	-159.0318	-159.0318	-159.0318	-159.0318	-159.0318	-159.0318	-159.0318	-159.0318	-159.0318
98.3120	98.3120	98.3120	98.3120	98.3120	98.3120	57.1691	57.1691	57.1691	57.1691	57.1691	40.5207	40.5207	40.5207	40.5207	40.5207	51.0827	51.0827	51.0827	51.0827	51.0827	-137.7790	-137.7790	-137.7790	-137.7790	-137.7790	-161.6699	-161.6699	-161.6699	-161.6699	-161.6699	-161.6699	-161.6699	-161.6699	-161.6699	-161.6699	-161.6699	-161.6699
88.3647	88.3647	88.3647	88.3647	88.3647	88.3647	51.4330	51.4330	51.4330	51.4330	51.4330	36.6066	36.6066	36.6066	36.6066	36.6066	49.6040	49.6040	49.6040	49.6040	49.6040	-109.4513	-109.4513	-109.4513	-109.4513	-109.4513	-164.0853	-164.0853	-164.0853	-164.0853	-164.0853	-164.0853	-164.0853	-164.0853	-164.0853	-164.0853	-164.0853	-164.0853
82.6389	82.6389	82.6389	82.6389	82.6389	82.6389	48.0219	48.0219	48.0219	48.0219	48.0219	33.2724	33.2724	33.2724	33.2724	33.2724	49.6903	49.6903	49.6903	49.6903	49.6903	-80.4479	-80.4479	-80.4479	-80.4479	-80.4479	-166.2969	-166.2969	-166.2969	-166.2969	-166.2969	-166.2969	-166.2969	-166.2969	-166.2969	-166.2969	-166.2969	-166.2969
79.9080	79.9080	79.9080	79.9080	79.9080	79.9080	46.2688	46.2688	46.2688	46.2688	46.2688	30.3905	30.3905	30.3905	30.3905	30.3905	52.1045	52.1045	52.1045	52.1045	52.1045	-56.6783	-56.6783	-56.6783	-56.6783	-56.6783	-168.3222	-168.3222	-168.3222	-168.3222	-168.3222	-168.3222	-168.3222	-168.3222	-168.3222	-168.3222	-168.3222	-168.3222
78.7192	78.7192	78.7192	78.7192	78.7192	78.7192	45.4613	45.4613	45.4613	45.4613	45.4613	27.7506	27.7506	27.7506	27.7506	27.7506	55.9230	55.9230	55.9230	55.9230	55.9230	-40.7581	-40.7581	-40.7581	-40.7581	-40.7581	-170.1769	-170.1769	-170.1769	-170.1769	-170.1769	-170.1769	-170.1769	-170.1769	-170.1769	-170.1769	-170.1769	-170.1769
76.6405	76.6405	76.6405	76.6405	76.6405	76.6405	44.2512	44.2512	44.2512	44.2512	44.2512	25.2003	25.2003	25.2003	25.2003	25.2003	58.9304	58.9304	58.9304	58.9304	58.9304	-32.6942	-32.6942	-32.6942	-32.6942	-32.6942	-171.8757	-171.8757	-171.8757	-171.8757	-171.8757	-171.8757	-171.8757	-171.8757	-171.8757	-171.8757	-171.8757	-171.8757
72.1827	72.1827	72.1827	72.1827	72.1827	72.1827	41.7041	41.7041	41.7041	41.7041	41.7041	22.6455	22.6455	22.6455	22.6455	22.6455	60.0357	60.0357	60.0357	60.0357	60.0357	-30.0118	-30.0118	-30.0118	-30.0118	-30.0118	-173.4318	-173.4318	-173.4318	-173.4318	-173.4318	-173.4318	-173.4318	-173.4318	-173.4318	-173.4318	-173.4318	-173.4318
64.1109	64.1109	64.1109	64.1109	64.1109	64.1109	37.1036	37.1036	37.1036	37.1036	37.1036	20.0229	20.0229	20.0229	20.0229	20.0229	56.9527	56.9527	56.9527	56.9527	56.9527	-31.5905	-31.5905	-31.5905	-31.5905	-31.5905	-174.8573	-174.8573	-174.8573	-174.8573	-174.8573	-174.8573	-174.8573	-174.8573	-174.8573	-174.8573	-174.8573	-174.8573
53.6047	53.6047	53.6047	53.6047	53.6047	53.6047	31.1191	31.1191	31.1191	31.1191	31.1191	17.3331	17.3331	17.3331	17.3331	17.3331	48.3496	48.3496	48.3496	48.3496	48.3496	-37.9182	-37.9182	-37.9182	-37.9182	-37.9182	-176.1635	-176.1635	-176.1635	-176.1635	-176.1635	-176.1635	-176.1635	-176.1635	-176.1635	-176.1635	-176.1635	-176.1635
42.6649	42.6649	42.6649	42.6649	42.6649	42.6649	24.8917	24.8917	24.8917	24.8917	24.8917	14.6580	14.6580	14.6580	14.6580	14.6580	35.5901	35.5901	35.5901	35.5901	35.5901	-46.0317	-46.0317	-46.0317	-46.0317	-46.0317	-177.3603	-177.3603	-177.3603	-177.3603	-177.3603	-177.3603	-177.3603	-177.3603	-177.3603	-177.3603	-177.3603	-177.3603
33.0023	33.0023	33.0023	33.0023	33.0023	33.0023	19.3959	19.3959	19.3959	19.3959	19.3959	12.1049	12.1049	12.1049	12.1049	12.1049	21.7240	21.7240	21.7240	21.7240	21.7240	-53.3915	-53.3915	-53.3915	-53.3915	-53.3915	-178.4572	-178.4572	-178.4572	-178.4572	-178.4572	-178.4572	-178.4572	-178.4572	-178.4572	-178.4572	-178.4572	-178.4572
25.6517	25.6517	25.6517	25.6517	25.6517	25.6517	15.2181	15.2181	15.2181	15.2181	15.2181	9.7811	9.7811	9.7811	9.7811	9.7811	9.6926	9.6926	9.6926	9.6926	9.6926	-58.2843	-58.2843	-58.2843	-58.2843	-58.2843	-179.4626	-179.4626	-179.4626	-179.4626	-179.4626	-179.4626	-179.4626	-179.4626	-179.4626	-179.4626	-179.4626	-179.4626
20.8754	20.8754	20.8754	20.8754	20.8754	20.8754	12.5012	12.5012	12.5012	12.5012	12.5012	7.7962	7.7962	7.7962	7.7962	7.7962	1.2813	1.2813	1.2813	1.2813	1.2813	-59.8992	-59.8992	-59.8992	-59.8992	-59.8992	-180.3844	-180.3844	-180.3844	-180.3844	-180.3844	-180.3844	-180.3844	-180.3844	-180.3844	-180.3844	-180.3844	-180.3844
18.2111	18.2111	18.2111	18.2111	18.2111	18.2111	10.9720	10.9720	10.9720	10.9720	10.9720	6.2344	6.2344	6.2344	6.2344	6.2344	-3.1478	-3.1478	-3.1478	-3.1478	-3.1478	-58.2578	-58.2578	-58.2578	-58.2578	-58.2578	-181.2296	-181.2296	-181.2296	-181.2296	-181.2296	-181.2296	-181.2296	-181.2296	-181.2296	-181.2296	-181.2296	-181.2296
16.9552	16.6130	16.6130	16.6130	16.6130	16.6130	6.8050	10.2189	10.2189	10.2189	10.2189	5.1213	5.1213	5.1213	5.1213	5.1213	-4.1665	-4.1665	-4.1665	-4.1665	-4.1665	-53.6407	-53.6407	-53.6407	-53.6407	-53.6407	-182.0047	-182.0047	-182.0047	-182.0047	-182.0047	-182.0047	-182.0047	-182.0047	-182.0047	-182.0047	-182.0047	-182.0047
16.2591	15.9483	15.9483	15.9483	15.9483	15.9483	6.6465	9.7472	9.7472	9.7472	9.7472	4.4874	4.4874	4.4874	4.4874	4.4874	-3.1265	-3.1265	-3.1265	-3.1265	-3.1265	-46.4750	-46.4750	-46.4750	-46.4750	-46.4750	-182.7157	-182.7157	-182.7157	-182.7157	-182.7157	-182.7157	-182.7157	-182.7157	-182.7157	-182.7157	-182.7157	-182.7157
15.2260	14.9500	14.9500	14.9500	14.9500	14.9500	6.2808	9.0341	9.0341	9.0341	9.0341	4.3455	4.3455	4.3455	4.3455	4.3455	-1.6392	-1.6392	-1.6392	-1.6392	-1.6392	-37.2368	-37.2368	-37.2368	-37.2368	-37.2368	-183.3680	-183.3680	-183.3680	-183.3680	-183.3680	-183.3680	-183.3680	-183.3680	-183.3680	-183.3680	-183.3680	-183.3680
13.0075	12.7783	12.7783	12.7783	12.7783	12.7783	5.2983	7.5848	7.5848	7.5848	7.5848	4.6956	4.6956	4.6956	4.6956	4.6956	-1.3807	-1.3807	-1.3807	-1.3807	-1.3807	-26.3399	-26.3399	-26.3399	-26.3399	-26.3399	-183.9667	-183.9667	-183.9667	-183.9667	-183.9667	-183.9667	-183.9667	-183.9667	-183.9667	-183.9667	-183.9667	-183.9667
8.7549	8.5931	8.5931	8.5931	8.5931	8.5931	3.2897	4.9045	4.9045	4.9045	4.9045	5.5377	5.5377	5.5377	5.5377	5.5377	-4.0677	-4.0677	-4.0677	-4.0677	-4.0677	-14.1969	-14.1969	-14.1969	-14.1969	-14.1969	-184.5162	-184.5162	-184.5162	-184.5162	-184.5162	-184.5162	-184.5162	-184.5162	-184.5162	-184.5162	-184.5162	-184.5162
23.4009	22.9609	22.9609	22.9609	22.9609	22.9609	9.4401	13.8298	13.8298	13.8298	13.8298	8.0625	8.0625	8.0625	8.0625	8.0625	5.4312	5.4312	5.4312	5.4312	5.4312	20.9802	15.5856	15.5856	15.5856	15.5856	0.0000	0.0000	0.0000	0.0000	0.0000	0.0000	0.0000	0.0000	0.0000	0.0000	0.0000	0.0000
RR HIV after migration (cf before): 1995, 2000, 2010
1.103398	1.013042	1.012241
1.118771	1.014981	1.010378
1.114753	1.014475	1.009901
1.108122	1.013638	1.009015
1.107041	1.013502	1.008850
1.097352	1.009701	1.007400
1.088515	1.011262	1.007409
1.087143	1.010788	1.007430
1.077906	1.009586	1.006562
1.078702	1.007995	1.008019
1.073530	1.008211	1.006096
1.071189	1.008278	1.006792
1.074264	1.007746	1.006841
1.065768	1.009480	1.006869
1.061903	1.009273	1.007011
1.071142	1.009387	1.006712
1.067357	1.010085	1.007707
1.075975	1.010983	1.007434
1.089175	1.018457	1.010363
1.122545	1.023906	1.014460
1.136144	1.022136	1.016006
1.149529	1.020352	1.016846
1.165968	1.022050	1.017810
1.157825	1.022488	1.018153
1.166863	1.022622	1.019409
1.172505	1.022501	1.018964
1.157907	1.021189	1.019803
1.163096	1.022392	1.018897
1.148270	1.020002	1.018171
1.154078	1.021834	1.018254
1.141352	1.018028	1.017452
1.128828	1.017347	1.015561
1.125779	1.017779	1.016127
1.121153	1.015105	1.015323
1.110229	1.016002	1.015312
1.116209	1.014101	1.013806
1.103770	1.013018	1.013494
1.093642	1.011361	1.012061
1.100472	1.012912	1.011277
1.088591	1.009891	1.010522
1.086346	1.010759	1.010142
1.073246	1.010185	1.010126
1.085767	1.009962	1.009917
1.066684	1.009844	1.008711
1.077963	1.008509	1.008712
1.079153	1.008067	1.008467
1.069900	1.008770	1.007497
1.070201	1.006957	1.006493
1.071106	1.009063	1.006893
1.068515	1.008720	1.006481
1.077276	1.010176	1.006397
1.075083	1.010782	1.006593
1.078286	1.010222	1.006407
1.068176	1.008414	1.006330
1.063020	1.008239	1.006348
1.078069	1.009919	1.006327
1.063785	1.009962	1.005869
1.064178	1.009199	1.006006
1.062702	1.008171	1.005995
1.058077	1.008757	1.007274
1.058929	1.009469	1.005551
1.060728	1.009053	1.006624
1.057680	1.009347	1.006689
1.067504	1.006970	1.006322
1.063559	1.008777	1.005321
1.065151	1.009268	1.005818
1.055671	1.006785	1.005956
1.051293	1.009235	1.007353
1.060087	1.007459	1.004866
1.054673	1.007673	1.005481
1.061511	1.009282	1.006498
1.061577	1.010605	1.006995
1.067629	1.009424	1.005179
1.060102	1.008363	1.004609
1.051049	1.007591	1.004766
1.052357	1.009474	1.006563
1.063097	1.008371	1.005918
1.051912	1.007276	1.005119
1.054297	1.008466	1.003364
1.056850	1.009674	1.004830
1.035295	1.010382	1.004082
1.062639	1.006918	1.006380
1.064427	1.007996	1.005609
1.063420	1.012402	1.005276
1.042410	1.016191	1.006329
1.032450	1.017737	1.006998
1.046230	1.010299	1.002888
1.032313	1.012432	1.005461
1.096379	1.016218	1.003303
1.056932	1.016116	1.002907
1.056565	1.016263	1.007248


