Male deaths
1650.57	2011.44	2111.13	2243.75	2353.89	2536.89	2873.80	3384.23	3311.72	3497.88	3346.03	3313.66	2951.60	2679.34	2387.93	1901.59	1865.91	1806.56	1598.05	1503.80	1499.88	1400.74
350.85	434.55	488.03	479.15	536.25	555.19	646.94	752.23	698.59	807.70	684.36	775.53	533.34	631.27	401.24	364.05	374.05	327.70	284.60	267.93	201.39	179.36
117.27	116.08	136.12	132.48	144.26	172.35	188.38	213.15	261.96	244.75	202.22	193.24	172.43	194.22	154.68	128.51	98.89	114.04	103.34	111.36	88.38	90.74
90.43	105.05	105.30	110.78	96.17	134.86	130.26	167.06	155.57	183.16	141.16	167.77	142.36	162.19	124.55	108.43	89.81	122.95	103.34	113.37	113.48	104.81
224.21	243.67	271.71	263.61	256.37	279.45	296.04	271.12	278.88	296.06	275.23	269.33	262.66	299.34	279.74	229.92	279.19	233.82	212.24	261.99	262.12	218.56
477.98	618.84	580.61	518.97	574.46	557.26	641.02	687.38	654.76	677.21	670.49	684.24	687.14	675.63	629.20	543.66	576.19	503.18	515.94	489.40	532.27	485.24
850.75	982.41	1099.86	1163.84	1298.84	1351.78	1596.22	1457.12	1429.15	1459.17	1490.86	1298.98	1401.95	1287.92	1158.96	966.48	948.80	904.63	886.77	865.67	869.72	769.68
1014.05	1263.54	1513.52	1752.65	1797.16	2120.15	2387.20	2601.86	2462.92	2457.91	2307.03	2220.65	2041.10	1822.59	1620.25	1329.10	1209.92	1235.86	1159.43	1215.05	1099.86	926.82
1059.67	1325.12	1551.91	1757.75	1962.75	2235.26	2562.82	2704.82	2898.25	2732.95	2748.63	2575.19	2429.68	2148.62	1835.34	1547.77	1352.07	1257.85	1229.68	1196.44	1135.85	1048.07
988.98	1247.55	1469.71	1568.73	1874.92	1994.41	2326.73	2579.70	2644.33	2653.43	2556.84	2463.08	2386.65	2139.45	1835.86	1553.90	1468.35	1362.14	1324.16	1253.15	1179.62	1085.77
1065.58	1288.31	1361.80	1374.40	1550.58	1762.17	2037.06	2161.85	2242.38	2503.40	2401.40	2347.03	2221.14	2116.32	1930.24	1613.71	1393.44	1354.26	1302.75	1293.70	1285.49	1178.10
962.17	1123.73	1159.57	1260.73	1406.59	1560.11	1742.94	1900.27	2055.16	2093.04	2156.99	2006.45	2008.40	2049.73	1832.93	1688.59	1518.80	1474.12	1538.67	1461.49	1415.05	1203.15
941.08	1155.86	1042.23	1099.77	1221.81	1211.92	1394.87	1532.74	1672.32	1777.73	1862.24	1857.86	1954.49	1717.97	1700.99	1554.30	1493.62	1528.99	1504.25	1539.36	1461.41	1371.23
788.13	956.91	874.74	1062.80	1050.00	1118.08	1246.93	1262.64	1305.80	1352.33	1517.27	1454.90	1509.35	1608.41	1663.86	1520.42	1504.82	1580.22	1559.26	1519.64	1479.32	1393.95
889.86	978.03	969.89	903.60	920.16	1044.16	941.84	1133.34	1107.59	1241.63	1362.07	1316.15	1372.44	1320.51	1374.60	1350.54	1282.83	1274.89	1356.99	1418.65	1460.24	1353.01
756.80	855.97	867.69	884.04	914.62	865.70	965.43	933.04	919.38	972.87	1043.16	945.15	1017.52	1156.82	1086.70	1098.38	1078.96	1059.17	1078.54	1070.43	1129.83	1050.05
799.02	824.23	703.50	642.37	687.64	713.92	766.87	769.67	780.74	841.75	821.36	904.10	900.26	843.81	811.34	783.14	855.61	800.74	808.65	914.95	926.40	855.95
454.78	559.32	537.72	552.65	591.84	624.67	610.64	512.48	524.35	529.88	556.62	594.13	642.61	634.11	635.16	580.32	595.55	631.91	632.45	556.13	636.72	553.85
276.36	275.25	291.17	317.73	277.66	302.97	335.00	313.21	356.65	388.35	401.45	333.41	362.91	333.38	329.44	324.63	344.59	418.26	366.20	363.78	360.54	331.81
175.35	172.35	158.30	169.66	216.38	213.74	247.50	223.93	212.78	264.24	247.27	262.32	370.93	254.56	269.18	274.38	211.02	218.66	251.37	256.83	241.03	211.42
Female deaths
1465.46	1694.18	1932.66	1932.52	2036.60	2188.61	2512.27	2812.36	3086.64	2918.88	2834.93	2883.11	2259.78	2304.18	2023.24	1584.14	1533.00	1458.04	1357.71	1253.09	1262.24	1145.58
354.22	409.99	459.50	439.89	438.20	522.73	597.38	708.65	667.75	678.17	594.66	694.59	530.23	521.55	407.67	321.04	327.40	275.69	226.58	236.14	181.72	176.08
87.52	93.80	99.51	111.06	132.15	149.23	176.30	181.64	208.55	211.51	195.09	167.04	149.06	141.03	131.37	100.20	88.76	87.43	88.10	75.06	84.11	70.47
70.98	78.73	78.19	101.69	90.10	96.56	100.17	123.55	126.34	146.03	131.06	127.46	144.06	152.03	120.34	89.18	98.85	87.55	74.08	76.06	75.10	70.43
200.47	232.33	289.78	253.54	302.43	354.66	320.10	335.00	372.13	339.28	319.21	303.08	311.14	298.06	269.25	206.41	201.50	208.19	176.65	193.01	177.24	170.96
525.62	612.31	795.01	829.99	1023.73	1049.47	1238.38	1272.88	1186.80	1196.66	1118.74	979.84	973.01	894.31	680.48	555.61	515.63	459.02	400.20	316.44	327.44	309.87
773.32	1023.97	1324.54	1534.09	1778.49	2011.03	2232.80	2330.42	2322.26	2310.65	2201.76	1989.11	1787.34	1608.87	1232.60	917.19	779.25	717.16	663.89	633.65	585.79	456.07
751.42	1075.32	1324.06	1602.79	1848.13	2278.64	2609.05	2766.42	2794.55	2816.90	2600.67	2341.65	2118.94	1822.86	1472.00	1199.58	966.71	930.24	814.28	837.56	795.92	625.31
680.70	946.53	1125.30	1501.49	1634.59	1905.19	2279.24	2601.60	2655.44	2686.08	2481.51	2313.53	2143.34	1825.19	1502.93	1158.71	944.02	911.29	858.31	799.08	783.06	705.34
609.16	755.01	869.63	1098.21	1251.83	1534.98	1834.09	1984.74	2244.34	2302.45	2103.92	2089.45	1893.15	1791.35	1537.52	1103.50	1044.49	1002.45	874.16	876.62	842.56	724.73
533.73	710.26	772.99	897.67	995.31	1196.24	1386.41	1584.98	1677.31	1782.23	1754.04	1665.25	1652.15	1539.41	1318.93	1152.02	1042.12	954.24	942.58	901.22	919.25	807.62
545.24	598.67	689.44	809.89	863.89	974.56	1127.49	1288.51	1316.89	1462.15	1455.04	1492.38	1390.24	1394.89	1328.84	1087.31	1026.18	1048.88	1011.51	995.05	913.24	870.65
610.62	703.09	626.29	682.21	691.15	769.72	888.46	1103.79	1176.95	1326.15	1312.40	1243.72	1324.98	1317.26	1300.13	1111.11	1062.38	1040.16	1096.92	1025.46	1049.26	990.96
753.18	769.38	689.46	745.23	796.77	876.53	943.19	970.98	1019.71	1046.11	1073.89	1135.16	1163.94	1217.67	1287.06	1083.80	1165.56	1162.26	1159.15	1248.30	1218.65	1189.38
727.24	916.92	894.08	835.25	882.47	980.46	981.73	987.93	1019.19	1104.72	1075.91	1094.73	1166.51	1123.22	1037.35	1036.91	1086.47	1158.66	1154.75	1213.94	1214.65	1196.23
689.73	743.77	751.64	878.86	850.97	923.47	1038.29	1131.78	1012.69	1097.25	1154.51	1066.27	1071.49	1164.73	1224.51	1118.22	1141.76	1119.68	1116.25	1104.94	1077.46	1109.55
907.57	855.79	734.32	715.62	763.45	837.81	880.17	930.48	1009.81	1083.24	1009.99	1123.28	1253.55	1164.39	1247.72	1177.31	1085.11	1016.18	1151.29	1203.01	1145.11	1058.24
679.77	881.59	829.87	925.59	906.24	960.06	897.12	781.79	712.47	771.77	850.37	872.82	998.44	1036.82	1070.64	962.89	1104.26	1158.71	1071.83	1075.56	1092.48	1033.72
512.20	531.02	567.06	588.25	672.60	593.55	710.89	708.41	701.53	842.19	824.36	723.18	715.31	637.12	700.97	645.94	754.15	755.12	767.86	833.09	801.09	826.22
348.99	442.13	401.14	466.72	497.57	500.46	563.96	562.28	525.40	652.15	604.27	671.17	867.38	690.87	808.27	704.10	680.99	724.07	674.21	702.59	743.01	616.28
SElogNonHIVmort
0.1219
AdjustedCompleteness
1.0136	1.1146	1.0622	1.0851	1.1004	1.1357	1.1571	1.1332	1.1256	1.1709	1.2031	1.1560	1.2260	1.2198	1.2234	1.1654	1.1316	1.1287	1.1177	1.1038	1.1080	1.0040
1.0899	1.1746	1.0947	1.1333	1.1264	1.1386	1.1631	1.1327	1.1053	1.2046	1.1727	1.1531	1.2168	1.1526	1.1771	1.0477	1.0682	1.0553	1.0314	1.0497	1.0166	0.9612

