Adult + paed ART totals
2000	11	0	2163
2001	11	0	5393
2002	11	0	9006
2003	11	2000	13047
2004	0	4536	13383
2004	6	9774	15400
2004	11	19759	17080
2005	5	35033	20532
2005	6	36717	21107
2005	11	48251	23983
2006	5	63200	27133
2006	6	65830	27657
2006	11	80185	30282
2007	5	102808	34561
2007	6	106300	35275
2007	11	131181	38841
2008	5	163842	46354
2008	6	169415	47606
2008	7	175774	48858
2008	8	183656	50110
2008	9	190442	51362
2008	10	197030	52615
2008	11	203915	53867
2009	0	211149	55213
2009	1	217467	56560
2009	2	176792	57906
2009	3	181848	59253
2009	4	185833	60599
2009	5	189651	61946
2009	6	193170	63292
2009	7	200741	64639
2009	8	207586	65985
2009	9	213151	67331
2009	10	219952	68678
2009	11	226063	70024
2010	0	236856	71252
2010	1	244403	72480
2010	2	255023	73707
2010	3	266494	74935
2010	4	278258	76163
2010	5	288127	77390
2010	6	301577	78618
2010	7	316195	79846
2010	8	333272	81073
2010	8	286861	81073
2010	9	347525	82301
2010	10	361833	83528
2010	11	375798	84756
2011	8	391216	87881
2011	8	399876	87881
2012	0	442940	89088
2012	1	465340	89252
2012	2	477442	89417
2012	3	483005	89582
2012	4	520168	89747
2012	5	506570	89911
2012	6	508086	90076
2012	7	519136	90241
2012	8	532077	90405
2012	9	516665	90570
2012	10	541359	90735
2012	11	539460	90900
2013	0	558221	91186
2013	1	562519	91471
2013	2	576012	91757
2013	3	581427	92043
2013	4	595820	92329
2013	5	601071	92615
2013	6	598624	92901
2013	7	610730	93187
2013	8	587572	93473
2013	9	623765	93759
2013	10	635274	94045
2013	11	640206	94331
2014	0	645272	94431
2014	1	653751	94531
2014	2	654283	94632
2014	3	653176	94732
2014	4	659285	94832
2014	5	659364	94933
2014	6	680722	95033
2014	7	693379	95133
2014	8	702294	95234
2014	9	711133	95334
2014	10	704709	95434
2014	11	705058	95535
2015	0	708724	95591
2015	1	717644	95647
2015	2	725588	95704
2015	3	736401	95760
2015	4	730940	95816
2015	5	739800	95873
2015	6	736247	95929
2015	7	752545	95985
2015	8	756039	96042
2015	9	741310	96098
2015	10	755427	96154
2015	11	757730	96211
2016	0	762142	97017
2016	1	762235	97823
2016	2	773170	98629
2016	3	789096	99435
2016	4	808966	100241
2016	5	793575	101047
2016	6	792071	101854
2016	7	811149	102660
2016	8	823170	103466
2016	9	837451	104272
2016	10	847432	105078
2016	11	853446	105884
2017	0	866886	105721
2017	1	874329	105558
2017	2	881217	105395
2017	3	894476	105231
2017	4	904784	105068
2017	5	899556	104905
2017	6	899064	104742
2017	7	916916	104579
2017	8	927825	104416
2017	9	935185	104252
2017	10	948497	104089
2017	11	956230	103926
2018	0	963561	104065
2018	1	972921	104205
2018	2	975166	104344
2018	3	987211	104484
2018	4	1002665	104623
2018	5	1000643	104763
2018	6	1014725	104902
2018	7	1024902	105042
2018	8	1037212	105181
2018	9	1040498	105320
2018	10	1054742	105460
2018	11	1063392	105599
2019	0	1068205	106741
2019	1	1076877	107882
2019	2	1085573	109023
2019	3	1098093	110165
2019	4	1105545	111306
2019	5	1107524	112447
2019	6	1116465	113588
2019	7	1126279	114730
2019	8	1134719	115871
2019	9	1129630	117012
2019	10	1126653	118154
2019	11	1123112	119295
2020	0	1112284	119188
2020	1	1108939	119081
2020	2	1100906	118974
2020	3	1108238	118867
2020	4	1116399	118760
2020	5	1120046	118653
2020	6	1116221	118546
2020	7	1127254	118439
2020	8	1136662	118332
2020	9	1143987	118225
2020	10	1148769	118118
2020	11	1154398	118011
2021	0	1156670	118447
2021	1	1160086	118883
2021	2	1164347	119319
2021	3	1166077	119754
2021	4	1168683	120190
2021	5	1166704	120626
2021	6	1166155	121062
2021	7	1169482	121497
2021	8	1180097	121933
2021	9	1185698	122369
2021	10	1192004	122805
2021	11	1195748	123240
2022	0	1198255	123636
2022	1	1205635	124031
2022	2	1210970	124426
2022	3	1212820	124821
2022	4	1219431	125216
2022	5	1215871	125612
2022	6	1217740	126007
2022	7	1222176	126402
2022	8	1226382	126797
Paed ART totals
2000	11	0	179
2001	11	0	447
2002	11	0	747
2003	11	0	1082
2004	0	649	1110
2004	5	1060	1249
2004	6	1196	1277
2004	11	2295	1416
2005	5	3885	1702
2005	6	4142	1655
2005	11	5632	1880
2006	5	7066	2127
2006	6	7326	2044
2006	11	8140	2238
2007	5	9844	2554
2007	6	10135	2448
2007	11	11853	2696
2008	5	14445	3217
2008	6	14856	3053
2008	11	17107	3455
2009	5	19519	3973
2009	6	19936	3726
2009	11	22720	4122
2010	0	23379	4195
2010	1	23800	4267
2010	2	24370	4339
2010	3	25033	4411
2010	4	25686	4484
2010	5	26399	4556
2010	6	26947	4214
2010	7	27685	4280
2010	8	28395	4346
2010	9	29115	4412
2010	10	29754	4477
2010	11	30294	4543
2011	8	22785	4248
2012	0	33421	4306
2012	1	28475	4314
2012	2	27613	4322
2012	3	28495	4330
2012	4	28505	4338
2012	5	27595	4346
2012	6	33823	3879
2012	7	27217	3886
2012	8	28556	3894
2012	9	28329	3901
2012	10	29695	3908
2012	11	29363	3915
2013	0	28976	3927
2013	1	29373	3939
2013	2	29945	3952
2013	3	30550	3964
2013	4	30074	3976
2013	5	29164	3989
2013	6	29199	3512
2013	7	29543	3522
2013	8	28209	3533
2013	9	29809	3544
2013	10	30418	3555
2013	11	30545	3566
2014	0	30628	3569
2014	1	30321	3573
2014	2	29965	3577
2014	3	28704	3581
2014	4	29102	3585
2014	5	28944	3588
2014	6	28653	3092
2014	7	28892	3095
2014	8	29282	3098
2014	9	28729	3101
2014	10	28185	3105
2014	11	28182	3108
2015	0	28265	3110
2015	1	28599	3112
2015	2	28618	3113
2015	3	28885	3115
2015	4	28121	3117
2015	5	29586	3119
2015	6	28421	2615
2015	7	28750	2617
2015	8	28237	2619
2015	9	28392	2620
2015	10	27543	2622
2015	11	28112	2623
2016	0	27737	2645
2016	1	28184	2667
2016	2	28544	2689
2016	3	30931	2711
2016	4	29552	2733
2016	5	27611	2755
2016	6	24997	2240
2016	7	27794	2258
2016	8	28312	2276
2016	9	25999	2294
2016	10	26261	2311
2016	11	26499	2329
2017	0	26625	2326
2017	1	26792	2322
2017	2	27101	2318
2017	3	26972	2315
2017	4	26838	2311
2017	5	26496	2308
2017	6	25359	1878
2017	7	26264	1875
2017	8	29264	1872
2017	9	25842	1869
2017	10	25798	1866
2017	11	25847	1863
2018	0	25920	1866
2018	1	25780	1868
2018	2	25637	1871
2018	3	25729	1873
2018	4	25916	1876
2018	5	25689	1878
2018	6	25561	1633
2018	7	25815	1635
2018	8	25709	1637
2018	9	25335	1639
2018	10	25318	1641
2018	11	25112	1644
2019	0	24851	1661
2019	1	25647	1679
2019	2	24696	1697
2019	3	24910	1715
2019	4	24435	1732
2019	5	24179	1750
2019	6	23637	1594
2019	7	24097	1610
2019	8	23591	1626
2019	9	23187	1642
2019	10	23323	1658
2019	11	22860	1674
2020	0	22527	1673
2020	1	22159	1671
2020	2	21860	1670
2020	3	21671	1668
2020	4	21510	1667
2020	5	21498	1665
2020	6	21440	1366
2020	7	21203	1365
2020	8	21088	1364
2020	9	20982	1363
2020	10	20790	1361
2020	11	20632	1360
2021	0	20433	1365
2021	1	20300	1370
2021	2	20225	1375
2021	3	20164	1380
2021	4	19983	1385
2021	5	19727	1390
2021	6	19443	1183
2021	7	19316	1187
2021	8	19191	1192
2021	9	19366	1196
2021	10	19230	1200
2021	11	19080	1204
2022	0	18897	1208
2022	1	18835	1212
2022	2	18735	1216
2022	3	18725	1220
2022	4	18515	1224
2022	5	18301	1228
2022	6	18117	1232
2022	7	17919	1235
2022	8	17866	1239
LastDateCum, AnnSwitchingCumToCurr
2009.080	0.0001
Paed age distribution
0.10	0.09	0.08	0.11	0.12	0.14	0.15	0.16	0.18	0.21
0.45	0.44	0.40	0.38	0.35	0.35	0.32	0.29	0.30	0.32
Paed age distribution on ART
0.3182	0.2752	0.2429	0.2143	0.1990	0.1924	0.1891	0.1766
0.3865	0.3907	0.3953	0.3938	0.3771	0.3541	0.3302	0.3085
Adult male age distribution on ART
0.01307	0.01473	0.01655	0.01726	0.01835	0.01851	0.01967
0.05380	0.05194	0.05278	0.05109	0.04936	0.04494	0.04228
0.13651	0.13470	0.13372	0.12703	0.11835	0.10942	0.10113
0.20090	0.19118	0.18566	0.18421	0.18184	0.17430	0.17043
0.21415	0.21507	0.21040	0.20473	0.19872	0.19519	0.18895
0.15997	0.16157	0.16521	0.16909	0.17386	0.17866	0.18413
0.10264	0.10599	0.10626	0.10962	0.11428	0.12362	0.12839
0.05999	0.06116	0.06266	0.06626	0.07043	0.07399	0.07905
0.04165	0.04482	0.04792	0.05205	0.05624	0.06293	0.06799
Adult female age distribution on ART
0.04978	0.05070	0.05186	0.04907	0.04669	0.04324	0.04248
0.13075	0.12723	0.12576	0.12034	0.11456	0.10535	0.10090
0.20116	0.19711	0.19126	0.18286	0.17455	0.16620	0.15920
0.20063	0.19580	0.19273	0.19415	0.19478	0.19232	0.19125
0.15862	0.16240	0.16211	0.16254	0.16281	0.16651	0.16616
0.10765	0.10827	0.11084	0.11640	0.12088	0.12598	0.13188
0.07013	0.07235	0.07371	0.07596	0.07952	0.08559	0.08722
0.04025	0.04202	0.04400	0.04731	0.05078	0.05438	0.05686
0.02677	0.02916	0.03221	0.03601	0.04036	0.04585	0.04965
2012 ARV metabolite data (M then F, mean and SD)	
0.2351	0.0489
0.3378	0.0433
2017 ARV metabolite data (M then F, mean and SD)	
0.5186	0.0477
0.5897	0.0297
2022 ARV metabolite data (M then F, mean and SD)	
0.6400	0.0686
0.7670	0.0485
Fraction of adult ART patients who are male (mean, SD)
2012	0.3522	0.0200
2015	0.3329	0.0100
2016	0.3326	0.0100
2017	0.3243	0.0100
2018	0.3342	0.0100
2019	0.3269	0.0100
2020	0.3386	0.0100
2021	0.3368	0.0100