cholIMIS 0
	              0	              0	              0	              0	              0	              0	              0	              0	              0	              0	              0
	              0	              0	              0	              0	              0	              0	              0	              0	              0	              0	              0
	              0	              0	              0	              0	              0	              0	              0	              0	              0	              0	              0
	              0	              0	              0	              0	              0	              0	              0	              0	              0	              0	              0
	              0	              0	              0	              0	              0	              0	              0	              0	              0	              0	              0
	              0	              0	              0	              0	              0	              0	              0	              0	              0	              0	              0
	              0	              0	              0	              0	              0	              0	              0	              0	              0	              0	              0
	              0	              0	              0	              0	              0	              0	              0	              0	              0	              0	              0
	              0	              0	              0	              0	              0	              0	              0	              0	              0	              0	              0
	              0	              0	              0	              0	              0	              0	              0	              0	              0	              0	              0
	              0	              0	              0	              0	              0	              0	              0	              0	              0	              0	              0
cholIMIS 1
	       0.348013	      0.0554933	    -0.00313524	      0.0169964	    -0.00253413	     0.00266847	     0.00250819	      0.0160183	       0.012074	     -0.0112675	      0.0119776
	              0	       0.737121	    -0.00739446	    -0.00972695	    -0.00417404	     0.00527805	     0.00624948	      0.0346134	      -0.017587	      -0.015953	      0.0107976
	              0	              0	       0.218053	     0.00460445	     0.00230677	    -0.00393857	    -0.00183395	     -0.0173612	     -0.0654274	      0.0169821	     -0.0108044
	              0	              0	              0	       0.189946	     0.00146068	     0.00142014	   -0.000741717	    -0.00531927	      0.0203074	    -0.00343033	   -0.000985029
	              0	              0	              0	              0	      0.0540623	     -0.0045863	    -0.00355812	    -0.00772625	    -0.00637083	      0.0286888	    0.000890352
	              0	              0	              0	              0	              0	      0.0749656	     0.00219288	     0.00392973	      0.0123531	    -0.00792609	      0.0151311
	              0	              0	              0	              0	              0	              0	      0.0482797	       0.022359	     -0.0161071	     -0.0150529	   -0.000575824
	              0	              0	              0	              0	              0	              0	              0	       0.229531	     -0.0113839	     -0.0187227	      0.0185203
	              0	              0	              0	              0	              0	              0	              0	              0	       0.688175	    -0.00196585	     0.00606801
	              0	              0	              0	              0	              0	              0	              0	              0	              0	       0.274472	    -0.00777705
	              0	              0	              0	              0	              0	              0	              0	              0	              0	              0	       0.209664
cholIMIS 2
	       0.327491	      -0.400424	     -0.0185556	     -0.0120271	    -0.00782087	     -0.0120639	      0.0201671	   -0.000940217	       0.327081	      0.0475993	      0.0473948
	              0	        1.02074	     -0.0961861	       0.091874	      0.0470373	     -0.0126373	     -0.0326518	      -0.016445	      -0.537423	     -0.0358224	        0.05402
	              0	              0	       0.128143	     -0.0204176	    -0.00866042	     0.00470498	   -0.000749312	     0.00638286	      0.0267632	   -0.000725782	     -0.0193281
	              0	              0	              0	       0.112804	      0.0041879	     0.00395862	     0.00472877	     -0.0269089	     -0.0507008	   -0.000695549	    -0.00628998
	              0	              0	              0	              0	      0.0357655	     -0.0119629	      -0.015243	      0.0029029	       -0.10571	     0.00157433	      0.0355807
	              0	              0	              0	              0	              0	      0.0453218	      0.0118077	     -0.0328307	     0.00346565	    0.000472656	      -0.016039
	              0	              0	              0	              0	              0	              0	      0.0380157	      -0.027022	      0.0536403	      0.0236655	     -0.0175672
	              0	              0	              0	              0	              0	              0	              0	       0.137954	      0.0273787	     -0.0253108	     0.00782759
	              0	              0	              0	              0	              0	              0	              0	              0	       0.411581	    -0.00487192	    -0.00441695
	              0	              0	              0	              0	              0	              0	              0	              0	              0	       0.146192	    -0.00581621
	              0	              0	              0	              0	              0	              0	              0	              0	              0	              0	       0.118365
cholIMIS 3
	       0.171066	      -0.184534	     -0.0399399	      0.0258114	    -0.00865794	     0.00365346	      0.0233847	      -0.033283	       0.188912	      0.0255133	      0.0394706
	              0	       0.368318	    1.37082e-05	     0.00496665	     0.00697517	    3.21778e-05	    -0.00332433	    -0.00790519	      -0.106158	     -0.0147938	     -0.0062485
	              0	              0	      0.0843296	     -0.0497532	    -0.00891347	    -0.00331201	     -0.0163987	      0.0331552	       0.159222	      0.0261725	      -0.032213
	              0	              0	              0	      0.0775872	     0.00554127	     0.00907199	      0.0085116	     -0.0692407	      -0.196746	     -0.0299877	       0.019076
	              0	              0	              0	              0	      0.0232747	     -0.0051194	   -0.000587498	    0.000649562	      -0.122744	    -0.00972854	     0.00588096
	              0	              0	              0	              0	              0	       0.026259	     0.00906768	     -0.0636662	     -0.0903011	      0.0032439	     0.00654498
	              0	              0	              0	              0	              0	              0	      0.0319423	     -0.0322554	      0.0265944	      0.0400281	    -0.00155728
	              0	              0	              0	              0	              0	              0	              0	       0.121622	      0.0656929	     -0.0408306	      -0.025327
	              0	              0	              0	              0	              0	              0	              0	              0	       0.343453	     0.00148139	     0.00876386
	              0	              0	              0	              0	              0	              0	              0	              0	              0	       0.103492	     -0.0290769
	              0	              0	              0	              0	              0	              0	              0	              0	              0	              0	      0.0794997
cholIMIS 4
	       0.174683	     0.00382902	     -0.0275733	     0.00933892	     -0.0161233	    -0.00287937	      0.0207217	    -0.00528744	       0.150829	      0.0384952	      0.0263442
	              0	       0.340189	    -0.00356007	    -0.00601074	     0.00169239	      0.0140326	       0.033639	     -0.0320273	      -0.130301	      0.0300109	    -0.00443076
	              0	              0	      0.0604949	     -0.0225254	    -0.00447942	    -0.00633644	     -0.0226595	     0.00710892	      0.0639827	    -0.00220328	    -0.00794129
	              0	              0	              0	       0.053028	     0.00552999	   -0.000368387	     -0.0130558	     -0.0282261	     -0.0417026	     -0.0209569	     0.00497435
	              0	              0	              0	              0	       0.019745	    0.000666716	    -0.00376862	     0.00261192	     -0.0396776	     -0.0120009	    -0.00531541
	              0	              0	              0	              0	              0	      0.0239346	      0.0337115	     -0.0271688	     -0.0747262	      0.0206361	     0.00609666
	              0	              0	              0	              0	              0	              0	      0.0411045	      0.0112098	     -0.0590942	      0.0254778	    -0.00306821
	              0	              0	              0	              0	              0	              0	              0	      0.0911745	      0.0371796	     -0.0240375	     -0.0400204
	              0	              0	              0	              0	              0	              0	              0	              0	        0.23396	     0.00073936	    -0.00217261
	              0	              0	              0	              0	              0	              0	              0	              0	              0	       0.091783	     -0.0297769
	              0	              0	              0	              0	              0	              0	              0	              0	              0	              0	      0.0707722
cholIMIS 5
	       0.462025	      -0.525379	     -0.0437768	      0.0524567	      0.0157931	    -0.00187836	      0.0161396	      0.0314179	       0.239355	     -0.0859446	     0.00381362
	              0	       0.414694	    -0.00212077	     -0.0121297	      -0.016294	     0.00174093	     0.00859679	     -0.0355795	      0.0109982	      0.0634099	      0.0113737
	              0	              0	       0.076789	     -0.0172828	    -0.00284979	    -0.00564462	    -0.00710399	    0.000546227	     -0.0176032	      0.0245368	     -0.0123251
	              0	              0	              0	      0.0733252	     0.00541722	     0.00330248	     0.00402798	     -0.0152272	    -0.00310891	     -0.0291351	    -0.00489361
	              0	              0	              0	              0	      0.0350909	     0.00518286	     0.00340683	      0.0189506	      -0.097154	     -0.0348283	     -0.0174605
	              0	              0	              0	              0	              0	      0.0323379	       0.020956	     -0.0386114	      0.0328083	      0.0247146	    -0.00109291
	              0	              0	              0	              0	              0	              0	      0.0335358	     -0.0136107	     0.00592376	      0.0172792	    -0.00235161
	              0	              0	              0	              0	              0	              0	              0	       0.108503	      0.0307649	     -0.0521864	     -0.0141783
	              0	              0	              0	              0	              0	              0	              0	              0	       0.326991	    -0.00181483	     -0.0158992
	              0	              0	              0	              0	              0	              0	              0	              0	              0	       0.131509	     -0.0261214
	              0	              0	              0	              0	              0	              0	              0	              0	              0	              0	      0.0965133
cholIMIS 6
	       0.209967	      -0.194573	     -0.0195189	     0.00977627	     -0.0111825	    -0.00265873	     0.00694972	     -0.0215993	       0.129622	      0.0555798	      0.0030103
	              0	        0.44715	     -0.0163714	      0.0241607	      0.0287032	     0.00906087	     0.00936573	    -0.00383647	     -0.0320812	     -0.0421504	     -0.0198163
	              0	              0	       0.043108	     -0.0277097	    -0.00882202	     0.00369242	     0.00625605	     -0.0125999	      0.0203919	      0.0274343	      0.0176134
	              0	              0	              0	      0.0423249	      0.0144756	    -0.00247656	     -0.0113829	      0.0130274	     -0.0412487	      -0.047084	     -0.0213389
	              0	              0	              0	              0	      0.0278923	    0.000591272	    -0.00574612	      0.0327866	     -0.0389108	     -0.0589876	     -0.0186501
	              0	              0	              0	              0	              0	      0.0213142	      0.0219122	     -0.0365384	      0.0357309	       0.016228	      0.0194891
	              0	              0	              0	              0	              0	              0	      0.0217987	    -0.00512062	      0.0120161	       0.011604	      0.0141742
	              0	              0	              0	              0	              0	              0	              0	      0.0637609	      0.0134324	     -0.0391478	      -0.014193
	              0	              0	              0	              0	              0	              0	              0	              0	        0.19793	     -0.0123402	      0.0041291
	              0	              0	              0	              0	              0	              0	              0	              0	              0	      0.0818773	      -0.036387
	              0	              0	              0	              0	              0	              0	              0	              0	              0	              0	      0.0578605
cholIMIS 7
	       0.172866	      -0.147133	     -0.0184587	      0.0102602	     0.00153657	      0.0106278	      0.0273663	      0.0131215	     0.00294697	     -0.0235376	      0.0140038
	              0	       0.354784	     0.00730682	      -0.019144	     -0.0197003	     -0.0135228	    -0.00312363	     -0.0184874	       0.062797	      0.0665883	     0.00732136
	              0	              0	      0.0451938	     -0.0285755	     -0.0037572	      -0.006582	     -0.0107651	      0.0114833	      0.0487025	      0.0269412	     -0.0190722
	              0	              0	              0	      0.0428215	      0.0103906	      0.0118743	     0.00367281	     -0.0323155	      -0.072499	     -0.0323217	     0.00176067
	              0	              0	              0	              0	      0.0281458	      0.0171522	     0.00882738	    -0.00281628	      -0.124945	     -0.0231461	     -0.0297412
	              0	              0	              0	              0	              0	      0.0245247	      0.0233388	     -0.0281994	     -0.0284748	   -0.000787314	     0.00815382
	              0	              0	              0	              0	              0	              0	      0.0244852	     0.00620396	     -0.0449303	     -0.0091416	      0.0149316
	              0	              0	              0	              0	              0	              0	              0	      0.0707468	       0.065904	     -0.0246555	     -0.0319503
	              0	              0	              0	              0	              0	              0	              0	              0	       0.239685	     0.00929371	     -0.0118061
	              0	              0	              0	              0	              0	              0	              0	              0	              0	      0.0820234	     -0.0396743
	              0	              0	              0	              0	              0	              0	              0	              0	              0	              0	       0.062959
cholIMIS 8
	       0.210424	      -0.163856	     -0.0270619	      0.0162526	     -0.0105514	    -0.00791354	     0.00569416	    -0.00449264	        0.17248	      0.0539752	    -0.00852569
	              0	       0.357736	     0.00872233	   -0.000904121	     0.00659611	     0.00867746	     0.00719779	     -0.0543958	       0.052854	      0.0331574	     -0.0153427
	              0	              0	      0.0497269	     -0.0394849	      -0.015252	     0.00562531	      0.0129089	     0.00998674	       0.078805	     -0.0321622	      0.0627966
	              0	              0	              0	      0.0315358	     0.00960661	     0.00265462	    -0.00675459	     -0.0309587	     -0.0346935	     0.00331714	     -0.0237311
	              0	              0	              0	              0	       0.022854	    -0.00144441	     -0.0101905	    -0.00248092	     -0.0293295	      0.0151486	     -0.0441545
	              0	              0	              0	              0	              0	      0.0183578	       0.020412	     -0.0480756	      0.0433841	      0.0211148	      0.0179814
	              0	              0	              0	              0	              0	              0	      0.0213527	     0.00251206	       0.051364	     0.00491676	      0.0181387
	              0	              0	              0	              0	              0	              0	              0	      0.0820168	     -0.0878165	     -0.0924559	      0.0106451
	              0	              0	              0	              0	              0	              0	              0	              0	       0.241422	      0.0152694	    -0.00681392
	              0	              0	              0	              0	              0	              0	              0	              0	              0	       0.090656	     -0.0725177
	              0	              0	              0	              0	              0	              0	              0	              0	              0	              0	      0.0551537
cholIMIS 9
	       0.172463	     -0.0412657	     -0.0485663	      0.0355451	    -0.00694755	    -0.00957751	     0.00708495	     -0.0110493	       0.152008	      0.0446869	    -0.00616505
	              0	       0.407486	     -0.0153023	      0.0225455	     0.00421721	      0.0107981	      0.0226168	     -0.0749686	       0.103355	      0.0418736	      0.0178847
	              0	              0	      0.0434637	     -0.0326405	    -0.00606472	     0.00547731	     0.00263743	      0.0235988	     -0.0343256	     -0.0563558	      0.0349397
	              0	              0	              0	      0.0297417	     0.00758496	     -0.0019063	     -0.0122837	     -0.0292152	     -0.0175001	      0.0415132	     -0.0475832
	              0	              0	              0	              0	      0.0267729	    -0.00619243	     -0.0219196	     0.00754093	      0.0211428	      0.0441159	     -0.0817164
	              0	              0	              0	              0	              0	      0.0227899	       0.038373	    -0.00113177	       0.109964	     -0.0825025	      0.0693113
	              0	              0	              0	              0	              0	              0	      0.0221724	      0.0101502	      0.0712197	     -0.0342276	      0.0442429
	              0	              0	              0	              0	              0	              0	              0	      0.0876293	       0.028621	      -0.101118	    -0.00677895
	              0	              0	              0	              0	              0	              0	              0	              0	       0.252086	      0.0152877	     -0.0133374
	              0	              0	              0	              0	              0	              0	              0	              0	              0	       0.111417	     -0.0856685
	              0	              0	              0	              0	              0	              0	              0	              0	              0	              0	      0.0543139
cholIMIS 10
	       0.194432	     -0.0327078	     -0.0362215	      0.0224246	     -0.0102663	     -0.0135784	    -0.00273958	     0.00516048	      0.0148267	      0.0318111	   -0.000413957
	              0	       0.380457	      -0.011604	      0.0172974	      0.0101443	      0.0106655	      0.0179454	     -0.0481228	       0.110896	      0.0150769	     0.00661953
	              0	              0	      0.0391834	     -0.0347652	     -0.0067077	     0.00154005	    -0.00434788	    -0.00361175	     -0.0485163	     0.00396852	      0.0126103
	              0	              0	              0	      0.0241509	   -2.97554e-05	     0.00298278	    -0.00371285	     -0.0261125	      0.0144321	     0.00497546	     -0.0313532
	              0	              0	              0	              0	      0.0283885	     0.00715767	     0.00639002	      0.0197975	      0.0490719	     -0.0304944	     -0.0136744
	              0	              0	              0	              0	              0	      0.0219608	      0.0348725	     -0.0130456	      0.0726946	      0.0043233	    -0.00468828
	              0	              0	              0	              0	              0	              0	      0.0188661	    -0.00206622	      0.0347134	     -0.0124007	      0.0367396
	              0	              0	              0	              0	              0	              0	              0	      0.0858124	      0.0738201	      -0.082559	     -0.0315907
	              0	              0	              0	              0	              0	              0	              0	              0	       0.311381	     0.00463789	     -0.0217024
	              0	              0	              0	              0	              0	              0	              0	              0	              0	       0.115239	      -0.126463
	              0	              0	              0	              0	              0	              0	              0	              0	              0	              0	      0.0497603
cholIMIS 11
	       0.195312	    -0.00409102	      -0.021887	        0.01229	    -0.00258115	    -0.00641997	     0.00288866	    -0.00781451	      0.0376438	      0.0315142	     -0.0178973
	              0	       0.433322	      0.0108763	    -0.00165476	     0.00978933	     0.00161078	     -0.0080993	     -0.0516769	       0.350619	     0.00209048	    -0.00926602
	              0	              0	      0.0443319	     -0.0318431	   -1.78263e-05	     0.00702562	     0.00386994	      -0.018195	         0.1977	    -0.00135111	      0.0104064
	              0	              0	              0	      0.0237123	     0.00498084	     0.00392981	    0.000443151	     -0.0193564	      0.0077073	      -0.025569	     0.00665952
	              0	              0	              0	              0	      0.0253614	     0.00416342	     0.00166762	     0.00819664	      0.0727361	     -0.0606269	      0.0258186
	              0	              0	              0	              0	              0	      0.0198903	      0.0299249	     -0.0412359	      0.0419872	      0.0464422	     -0.0187175
	              0	              0	              0	              0	              0	              0	      0.0167601	    -0.00211794	      0.0631741	    -0.00104196	      0.0181327
	              0	              0	              0	              0	              0	              0	              0	      0.0810959	      0.0394339	     -0.0397714	     -0.0524677
	              0	              0	              0	              0	              0	              0	              0	              0	       0.391554	     -0.0148096	   -0.000329368
	              0	              0	              0	              0	              0	              0	              0	              0	              0	       0.124689	      -0.125665
	              0	              0	              0	              0	              0	              0	              0	              0	              0	              0	      0.0510153
