Male migration
-138.6413	786.5955	726.0295	665.1579	506.9411	350.4597	94.3881	-121.7013	-430.4305	-1027.6350	-1460.6466	-1308.5848	-1308.5848	-1308.5848	-1308.5848	-1308.5848	-163.8613	-163.8613	-163.8613	-163.8613	-163.8613	93.6360	93.6360	93.6360	93.6360	93.6360	-61.9593	-61.9593	-61.9593	-61.9593	-61.9593	-61.9593	-61.9593	-61.9593	-61.9593	-61.9593	-61.9593	-61.9593
-3.7573	240.9250	189.6105	129.0446	68.1729	-90.0439	-79.3688	-268.0199	-484.1093	-792.8385	-1390.0430	-624.8612	-529.6057	-529.6057	-529.6057	-529.6057	-22.5282	-22.5282	-22.5282	-22.5282	-22.5282	-52.0822	-52.0822	-52.0822	-52.0822	-52.0822	26.3937	26.3937	26.3937	26.3937	26.3937	26.3937	26.3937	26.3937	26.3937	26.3937	26.3937	26.3937
-5.4560	-217.6164	-355.5355	-406.8499	-467.4159	-528.2876	-281.9092	-438.3907	-627.0418	-843.1312	-1151.8603	213.3953	142.8933	237.3539	237.3539	237.3539	118.8049	118.8049	118.8049	118.8049	118.8049	-197.8005	-197.8005	-197.8005	-197.8005	-197.8005	103.6818	103.6818	103.6818	103.6818	103.6818	103.6818	103.6818	103.6818	103.6818	103.6818	103.6818	103.6818
-7.4779	-152.0451	-152.8569	-290.7760	-342.0904	-402.6564	-247.4234	-405.6401	-562.1216	-750.7727	-966.8621	88.9900	165.6379	95.1359	189.3362	189.3362	111.9420	111.9420	111.9420	111.9420	111.9420	-157.3139	-157.3139	-157.3139	-157.3139	-157.3139	171.2909	171.2909	171.2909	171.2909	171.2909	171.2909	171.2909	171.2909	171.2909	171.2909	171.2909	171.2909
-9.0470	-96.8527	-96.8527	-97.6645	-235.5836	-286.8980	-307.9917	-368.8634	-527.0801	-683.5615	-872.2127	47.9830	44.8571	121.5050	51.0030	145.4777	102.5937	102.5937	102.5937	102.5937	102.5937	-133.9831	-133.9831	-133.9831	-133.9831	-133.9831	230.4330	230.4330	230.4330	230.4330	230.4330	230.4330	230.4330	230.4330	230.4330	230.4330	230.4330	230.4330
-10.1989	-51.7957	-51.7957	-51.7957	-52.6075	-190.5266	-359.4485	-420.0145	-480.8862	-639.1029	-795.5844	73.1137	6.0082	2.8823	79.5301	9.0281	92.0739	92.0739	92.0739	92.0739	92.0739	-123.3660	-123.3660	-123.3660	-123.3660	-123.3660	275.8133	275.8133	275.8133	275.8133	275.8133	275.8133	275.8133	275.8133	275.8133	275.8133	275.8133	275.8133
-10.9693	-17.4427	-17.4427	-17.4427	-17.4427	-18.2545	-403.6980	-455.0124	-515.5784	-576.4500	-734.6668	97.3049	32.2533	-34.8521	-37.9780	38.6698	81.6963	81.6963	81.6963	81.6963	81.6963	-121.0204	-121.0204	-121.0204	-121.0204	-121.0204	-757.2093	-757.2093	-757.2093	-757.2093	-757.2093	-757.2093	-757.2093	-757.2093	-757.2093	-757.2093	-757.2093	-757.2093
-11.3956	5.5287	5.5287	5.5287	5.5287	5.5287	-337.6528	-475.5719	-526.8863	-587.4523	-648.3240	110.0284	56.3101	-8.7415	-75.8469	-78.9728	72.8643	72.8643	72.8643	72.8643	72.8643	-122.2605	-122.2605	-122.2605	-122.2605	-122.2605	-587.2548	-587.2548	-587.2548	-587.2548	-587.2548	-587.2548	-587.2548	-587.2548	-587.2548	-587.2548	-587.2548	-587.2548
-11.5806	16.5462	16.5462	16.5462	16.5462	16.5462	-378.6583	-379.4701	-517.3892	-568.7036	-629.2696	78.7340	69.1245	15.4062	-49.6454	-116.7509	66.8915	66.8915	66.8915	66.8915	66.8915	-122.6443	-122.6443	-122.6443	-122.6443	-122.6443	-437.9273	-437.9273	-437.9273	-437.9273	-437.9273	-437.9273	-437.9273	-437.9273	-437.9273	-437.9273	-437.9273	-437.9273
-11.5904	15.2903	15.3536	15.3536	15.3536	15.3536	-386.6447	-386.6447	-387.4565	-525.3756	-576.6900	146.7410	38.9014	29.2919	-24.4265	-89.4780	64.8239	64.8239	64.8239	64.8239	64.8239	-118.4597	-118.4597	-118.4597	-118.4597	-118.4597	-306.7224	-306.7224	-306.7224	-306.7224	-306.7224	-306.7224	-306.7224	-306.7224	-306.7224	-306.7224	-306.7224	-306.7224
-11.4228	2.0155	2.1621	2.2255	2.2255	2.2255	-360.5871	-360.5871	-360.5871	-361.3990	-499.3180	167.3122	109.1752	1.3356	-8.2740	-61.9923	67.2608	67.2608	67.2608	67.2608	67.2608	-107.2117	-107.2117	-107.2117	-107.2117	-107.2117	-191.4402	-191.4402	-191.4402	-191.4402	-191.4402	-191.4402	-191.4402	-191.4402	-191.4402	-191.4402	-191.4402	-191.4402
-11.1689	-21.3399	-21.1659	-21.0194	-20.9560	-20.9560	-308.0878	-308.0878	-308.0878	-308.0878	-308.0878	203.0620	134.0437	75.9067	-31.9329	-41.5425	73.4617	73.4617	73.4617	73.4617	73.4617	-90.0565	-90.0565	-90.0565	-90.0565	-90.0565	-90.1477	-90.1477	-90.1477	-90.1477	-90.1477	-90.1477	-90.1477	-90.1477	-90.1477	-90.1477	-90.1477	-90.1477
-10.8871	-51.2064	-50.9735	-50.7995	-50.6529	-50.5896	-244.3312	-244.3312	-244.3312	-244.3312	-244.3312	39.8868	176.4012	107.3829	49.2459	-58.5937	81.2570	81.2570	81.2570	81.2570	81.2570	-72.0446	-72.0446	-72.0446	-72.0446	-72.0446	-1.1467	-1.1467	-1.1467	-1.1467	-1.1467	-1.1467	-1.1467	-1.1467	-1.1467	-1.1467	-1.1467	-1.1467
-10.6314	-82.4644	-82.1769	-81.9440	-81.7700	-81.6234	-189.2585	-189.2585	-189.2585	-189.2585	-189.2585	20.9656	20.9656	157.4800	88.4618	30.3247	87.2267	87.2267	87.2267	87.2267	87.2267	-61.6344	-61.6344	-61.6344	-61.6344	-61.6344	77.0548	77.0548	77.0548	77.0548	77.0548	77.0548	77.0548	77.0548	77.0548	77.0548	77.0548	77.0548
-10.3870	-109.3299	-108.9884	-108.7009	-108.4680	-108.2940	-161.3089	-161.2456	-161.2456	-161.2456	-161.2456	9.7295	9.7295	9.7295	146.2439	77.2256	87.4149	87.4149	87.4149	87.4149	87.4149	-68.7445	-68.7445	-68.7445	-68.7445	-68.7445	145.7676	145.7676	145.7676	145.7676	145.7676	145.7676	145.7676	145.7676	145.7676	145.7676	145.7676	145.7676
-10.1378	-127.8013	-127.4530	-127.1115	-126.8240	-126.5911	-167.5416	-167.3951	-167.3317	-167.3317	-167.3317	-0.3162	-0.3162	-0.3162	-0.3162	136.1982	79.3841	79.3841	79.3841	79.3841	79.3841	-99.1557	-99.1557	-99.1557	-99.1557	-99.1557	206.1433	206.1433	206.1433	206.1433	206.1433	206.1433	206.1433	206.1433	206.1433	206.1433	206.1433	206.1433
-9.8945	-139.2435	-138.9365	-138.5882	-138.2467	-137.9592	-197.1779	-197.0039	-196.8574	-196.7940	-196.7940	-16.6211	-16.6211	-16.6211	-16.6211	-16.6211	65.1626	65.1626	65.1626	65.1626	65.1626	-146.4786	-146.4786	-146.4786	-146.4786	-146.4786	259.1939	259.1939	259.1939	259.1939	259.1939	259.1939	259.1939	259.1939	259.1939	259.1939	259.1939	259.1939
-9.7090	-150.9500	-150.6930	-150.3859	-150.0377	-149.6961	-233.4896	-233.2567	-233.0827	-232.9361	-232.8728	-44.4357	-44.4357	-44.4357	-44.4357	-44.4357	50.4915	50.4915	50.4915	50.4915	50.4915	-198.7322	-198.7322	-198.7322	-198.7322	-198.7322	305.8083	305.8083	305.8083	305.8083	305.8083	305.8083	305.8083	305.8083	305.8083	305.8083	305.8083	305.8083
-9.5942	-162.9041	-162.6721	-162.4150	-162.1080	-161.7597	-263.3272	-263.0397	-262.8068	-262.6328	-262.4863	-87.4125	-87.4125	-87.4125	-87.4125	-87.4125	37.0920	37.0920	37.0920	37.0920	37.0920	-246.8443	-246.8443	-246.8443	-246.8443	-246.8443	346.7676	346.7676	346.7676	346.7676	346.7676	346.7676	346.7676	346.7676	346.7676	346.7676	346.7676	346.7676
-9.5954	-167.3784	-167.1893	-166.9573	-166.7002	-166.3932	-289.6899	-289.3484	-289.0609	-288.8280	-288.6540	-146.0805	-146.0172	-146.0172	-146.0172	-146.0172	21.5114	21.5114	21.5114	21.5114	21.5114	-291.1474	-291.1474	-291.1474	-291.1474	-291.1474	382.7581	382.7581	382.7581	382.7581	382.7581	382.7581	382.7581	382.7581	382.7581	382.7581	382.7581	382.7581
-9.4864	-162.1716	-162.0375	-161.8484	-161.6164	-161.3593	-309.3419	-308.9937	-308.6521	-308.3646	-308.1317	-218.2072	-218.0607	-217.9973	-217.9973	-217.9973	3.7218	3.7218	3.7218	3.7218	3.7218	-328.0063	-328.0063	-328.0063	-328.0063	-328.0063	414.3827	414.3827	414.3827	414.3827	414.3827	414.3827	414.3827	414.3827	414.3827	414.3827	414.3827	414.3827
-9.5563	-150.1070	-150.0358	-149.9016	-149.7125	-149.4805	-319.1251	-318.8181	-318.4698	-318.1283	-317.8408	-295.7366	-295.5626	-295.4160	-295.3526	-295.3526	-14.7225	-14.7225	-14.7225	-14.7225	-14.7225	-357.8553	-357.8553	-357.8553	-357.8553	-357.8553	-279.9622	-279.9622	-279.9622	-279.9622	-279.9622	-279.9622	-279.9622	-279.9622	-279.9622	-279.9622	-279.9622	-279.9622
-10.3706	-136.2862	-136.2749	-136.2037	-136.0696	-135.8805	-320.0210	-319.7640	-319.4570	-319.1087	-318.7672	-366.3611	-366.1282	-365.9542	-365.8077	-365.7443	-33.2934	-33.2934	-33.2934	-33.2934	-33.2934	-386.9045	-386.9045	-386.9045	-386.9045	-386.9045	-289.3022	-289.3022	-289.3022	-289.3022	-289.3022	-289.3022	-289.3022	-289.3022	-289.3022	-289.3022	-289.3022	-289.3022
-12.1700	-124.5493	-124.5965	-124.5852	-124.5140	-124.3799	-308.8861	-308.6541	-308.3971	-308.0900	-307.7417	-423.3305	-423.0430	-422.8101	-422.6361	-422.4896	-48.7239	-48.7239	-48.7239	-48.7239	-48.7239	-413.4467	-413.4467	-413.4467	-413.4467	-413.4467	-266.5418	-266.5418	-266.5418	-266.5418	-266.5418	-266.5418	-266.5418	-266.5418	-266.5418	-266.5418	-266.5418	-266.5418
-14.6503	-114.8013	-114.8984	-114.9457	-114.9344	-114.8632	-281.5705	-281.3814	-281.1494	-280.8923	-280.5853	-465.2468	-464.9053	-464.6178	-464.3849	-464.2109	-57.1512	-57.1512	-57.1512	-57.1512	-57.1512	-428.5791	-428.5791	-428.5791	-428.5791	-428.5791	-246.3860	-246.3860	-246.3860	-246.3860	-246.3860	-246.3860	-246.3860	-246.3860	-246.3860	-246.3860	-246.3860	-246.3860
-17.3697	-108.1732	-108.3159	-108.4130	-108.4603	-108.4490	-241.3094	-241.1753	-240.9862	-240.7541	-240.4971	-486.6110	-486.2627	-485.9212	-485.6337	-485.4008	-56.2748	-56.2748	-56.2748	-56.2748	-56.2748	-429.3553	-429.3553	-429.3553	-429.3553	-429.3553	-228.5191	-228.5191	-228.5191	-228.5191	-228.5191	-228.5191	-228.5191	-228.5191	-228.5191	-228.5191	-228.5191	-228.5191
-19.7967	-104.0713	-104.2514	-104.3941	-104.4912	-104.5385	-196.9312	-196.8599	-196.7258	-196.5367	-196.3047	-487.3657	-487.0587	-486.7104	-486.3689	-486.0814	-47.5709	-47.5709	-47.5709	-47.5709	-47.5709	-418.7025	-418.7025	-418.7025	-418.7025	-418.7025	-212.6636	-212.6636	-212.6636	-212.6636	-212.6636	-212.6636	-212.6636	-212.6636	-212.6636	-212.6636	-212.6636	-212.6636
-21.7205	-98.0091	-98.2473	-98.4274	-98.5701	-98.6672	-155.6283	-155.6170	-155.5458	-155.4117	-155.2226	-472.9348	-472.6777	-472.3707	-472.0224	-471.6809	-35.7585	-35.7585	-35.7585	-35.7585	-35.7585	-404.9702	-404.9702	-404.9702	-404.9702	-404.9702	-198.5759	-198.5759	-198.5759	-198.5759	-198.5759	-198.5759	-198.5759	-198.5759	-198.5759	-198.5759	-198.5759	-198.5759
-22.9119	-91.9156	-92.2189	-92.4572	-92.6373	-92.7800	-124.0699	-124.1172	-124.1059	-124.0347	-123.9006	-445.8779	-445.6459	-445.3888	-445.0818	-444.7335	-21.9734	-21.9734	-21.9734	-21.9734	-21.9734	-390.2617	-390.2617	-390.2617	-390.2617	-390.2617	-186.0417	-186.0417	-186.0417	-186.0417	-186.0417	-186.0417	-186.0417	-186.0417	-186.0417	-186.0417	-186.0417	-186.0417
-23.5503	-92.9493	-93.2933	-93.5966	-93.8349	-94.0150	-100.4871	-100.5842	-100.6315	-100.6202	-100.5489	-410.1460	-409.9569	-409.7248	-409.4678	-409.1608	-2.8692	-2.8692	-2.8692	-2.8692	-2.8692	-369.3165	-369.3165	-369.3165	-369.3165	-369.3165	-174.8729	-174.8729	-174.8729	-174.8729	-174.8729	-174.8729	-174.8729	-174.8729	-174.8729	-174.8729	-174.8729	-174.8729
-24.1191	-104.0380	-104.3685	-104.7125	-105.0158	-105.2541	-81.1537	-81.2964	-81.3935	-81.4407	-81.4294	-372.4832	-372.3490	-372.1599	-371.9279	-371.6709	21.8820	21.8820	21.8820	21.8820	21.8820	-342.0174	-342.0174	-342.0174	-342.0174	-342.0174	-164.9041	-164.9041	-164.9041	-164.9041	-164.9041	-164.9041	-164.9041	-164.9041	-164.9041	-164.9041	-164.9041	-164.9041
-24.7583	-122.0006	-122.2779	-122.6085	-122.9524	-123.2557	-63.6756	-63.8557	-63.9984	-64.0955	-64.1428	-338.4423	-338.3711	-338.2370	-338.0479	-337.8158	51.0786	51.0786	51.0786	51.0786	51.0786	-311.3275	-311.3275	-311.3275	-311.3275	-311.3275	-155.9900	-155.9900	-155.9900	-155.9900	-155.9900	-155.9900	-155.9900	-155.9900	-155.9900	-155.9900	-155.9900	-155.9900
-25.1347	-142.9118	-143.0925	-143.3699	-143.7004	-144.0444	-46.4009	-46.6392	-46.8193	-46.9620	-47.0591	-312.3920	-312.3807	-312.3095	-312.1754	-311.9863	78.8090	78.8090	78.8090	78.8090	78.8090	-277.8723	-277.8723	-277.8723	-277.8723	-277.8723	-148.0030	-148.0030	-148.0030	-148.0030	-148.0030	-148.0030	-148.0030	-148.0030	-148.0030	-148.0030	-148.0030	-148.0030
-25.1889	-160.3326	-160.4041	-160.5849	-160.8622	-161.1928	-31.3050	-31.6083	-31.8466	-32.0267	-32.1694	-296.9743	-297.0215	-297.0102	-296.9390	-296.8049	106.6509	106.6509	106.6509	106.6509	106.6509	-248.2131	-248.2131	-248.2131	-248.2131	-248.2131	-140.8309	-140.8309	-140.8309	-140.8309	-140.8309	-140.8309	-140.8309	-140.8309	-140.8309	-140.8309	-140.8309	-140.8309
-24.9593	-169.9637	-169.9341	-170.0057	-170.1864	-170.4638	-25.0359	-25.3798	-25.6831	-25.9214	-26.1015	-292.7403	-292.8374	-292.8847	-292.8734	-292.8021	141.5198	141.5198	141.5198	141.5198	141.5198	-230.4234	-230.4234	-230.4234	-230.4234	-230.4234	-134.3751	-134.3751	-134.3751	-134.3751	-134.3751	-134.3751	-134.3751	-134.3751	-134.3751	-134.3751	-134.3751	-134.3751
-24.5297	-168.3946	-168.3149	-168.2854	-168.3569	-168.5377	-30.1017	-30.4323	-30.7762	-31.0795	-31.3178	-298.3486	-298.4913	-298.5884	-298.6356	-298.6244	185.0832	185.0832	185.0832	185.0832	185.0832	-229.1324	-229.1324	-229.1324	-229.1324	-229.1324	-128.5490	-128.5490	-128.5490	-128.5490	-128.5490	-128.5490	-128.5490	-128.5490	-128.5490	-128.5490	-128.5490	-128.5490
-23.9990	-158.4817	-158.3954	-158.3157	-158.2862	-158.3577	-42.4182	-42.6956	-43.0262	-43.3701	-43.6734	-310.0571	-310.2372	-310.3799	-310.4770	-310.5243	232.0994	232.0994	232.0994	232.0994	232.0994	-240.9888	-240.9888	-240.9888	-240.9888	-240.9888	-123.2766	-123.2766	-123.2766	-123.2766	-123.2766	-123.2766	-123.2766	-123.2766	-123.2766	-123.2766	-123.2766	-123.2766
-23.4146	-146.6859	-146.6349	-146.5486	-146.4690	-146.4394	-57.2269	-57.4076	-57.6850	-58.0155	-58.3594	-321.6906	-321.9288	-322.1089	-322.2516	-322.3487	285.1664	285.1664	285.1664	285.1664	285.1664	-252.4826	-252.4826	-252.4826	-252.4826	-252.4826	-118.4909	-118.4909	-118.4909	-118.4909	-118.4909	-118.4909	-118.4909	-118.4909	-118.4909	-118.4909	-118.4909	-118.4909
-22.8424	-136.5712	-136.5680	-136.5170	-136.4306	-136.3510	-67.4854	-67.5569	-67.7376	-68.0150	-68.3456	-331.1129	-331.4162	-331.6545	-331.8346	-331.9773	328.9533	328.9533	328.9533	328.9533	328.9533	-263.5527	-263.5527	-263.5527	-263.5527	-263.5527	-114.1332	-114.1332	-114.1332	-114.1332	-114.1332	-114.1332	-114.1332	-114.1332	-114.1332	-114.1332	-114.1332	-114.1332
-22.2918	-125.9381	-125.9909	-125.9877	-125.9367	-125.8504	-69.1205	-69.0910	-69.1625	-69.3433	-69.6206	-336.9819	-337.3258	-337.6291	-337.8674	-338.0475	342.0462	342.0462	342.0462	342.0462	342.0462	-287.0381	-287.0381	-287.0381	-287.0381	-287.0381	-110.1519	-110.1519	-110.1519	-110.1519	-110.1519	-110.1519	-110.1519	-110.1519	-110.1519	-110.1519	-110.1519	-110.1519
-21.6589	-115.5013	-115.5789	-115.6317	-115.6285	-115.5775	-61.6363	-61.5566	-61.5271	-61.5986	-61.7794	-338.7171	-339.0476	-339.3916	-339.6949	-339.9332	313.8326	313.8326	313.8326	313.8326	313.8326	-325.4814	-325.4814	-325.4814	-325.4814	-325.4814	-106.5016	-106.5016	-106.5016	-106.5016	-106.5016	-106.5016	-106.5016	-106.5016	-106.5016	-106.5016	-106.5016	-106.5016
-20.9930	-105.5802	-105.6372	-105.7147	-105.7676	-105.7643	-46.5033	-46.4170	-46.3373	-46.3078	-46.3793	-337.0514	-337.3288	-337.6593	-338.0033	-338.3066	256.4061	256.4061	256.4061	256.4061	256.4061	-372.0708	-372.0708	-372.0708	-372.0708	-372.0708	-103.1424	-103.1424	-103.1424	-103.1424	-103.1424	-103.1424	-103.1424	-103.1424	-103.1424	-103.1424	-103.1424	-103.1424
-20.4598	-94.8553	-94.8638	-94.9207	-94.9982	-95.0511	-25.7633	-25.7123	-25.6260	-25.5463	-25.5168	-334.0492	-334.2300	-334.5073	-334.8379	-335.1818	185.6743	185.6743	185.6743	185.6743	185.6743	-428.3987	-428.3987	-428.3987	-428.3987	-428.3987	-100.0393	-100.0393	-100.0393	-100.0393	-100.0393	-100.0393	-100.0393	-100.0393	-100.0393	-100.0393	-100.0393	-100.0393
-20.1029	-84.6661	-84.6420	-84.6504	-84.7074	-84.7849	-1.5658	-1.5626	-1.5116	-1.4253	-1.3456	-329.8315	-329.9031	-330.0838	-330.3612	-330.6917	123.8837	123.8837	123.8837	123.8837	123.8837	-475.7120	-475.7120	-475.7120	-475.7120	-475.7120	-97.1615	-97.1615	-97.1615	-97.1615	-97.1615	-97.1615	-97.1615	-97.1615	-97.1615	-97.1615	-97.1615	-97.1615
-19.8290	-78.2581	-78.2097	-78.1856	-78.1940	-78.2510	25.7074	25.6546	25.6578	25.7088	25.7952	-324.4739	-324.4444	-324.5160	-324.6967	-324.9741	82.5976	82.5976	82.5976	82.5976	82.5976	-489.3141	-489.3141	-489.3141	-489.3141	-489.3141	-94.4819	-94.4819	-94.4819	-94.4819	-94.4819	-94.4819	-94.4819	-94.4819	-94.4819	-94.4819	-94.4819	-94.4819
-19.5937	-76.9286	-76.8800	-76.8317	-76.8076	-76.8160	54.6720	54.5945	54.5416	54.5449	54.5959	-317.9637	-317.8840	-317.8545	-317.9261	-318.1068	72.9380	72.9380	72.9380	72.9380	72.9380	-456.5128	-456.5128	-456.5128	-456.5128	-456.5128	-91.9768	-91.9768	-91.9768	-91.9768	-91.9768	-91.9768	-91.9768	-91.9768	-91.9768	-91.9768	-91.9768	-91.9768
-19.2001	-79.1951	-79.1739	-79.1253	-79.0769	-79.0528	78.6323	78.5754	78.4978	78.4449	78.4482	-310.2510	-310.1647	-310.0850	-310.0555	-310.1270	86.1785	86.1785	86.1785	86.1785	86.1785	-391.2656	-391.2656	-391.2656	-391.2656	-391.2656	-89.6253	-89.6253	-89.6253	-89.6253	-89.6253	-89.6253	-89.6253	-89.6253	-89.6253	-89.6253	-89.6253	-89.6253
-18.4527	-81.5389	-81.5614	-81.5402	-81.4916	-81.4432	91.7330	91.7246	91.6677	91.5901	91.5372	-301.2428	-301.1918	-301.1054	-301.0258	-300.9963	105.6460	105.6460	105.6460	105.6460	105.6460	-310.5295	-310.5295	-310.5295	-310.5295	-310.5295	-87.4090	-87.4090	-87.4090	-87.4090	-87.4090	-87.4090	-87.4090	-87.4090	-87.4090	-87.4090	-87.4090	-87.4090
-17.2427	-82.6475	-82.7097	-82.7322	-82.7110	-82.6624	88.5985	88.6225	88.6141	88.5572	88.4796	-290.9608	-290.9575	-290.9065	-290.8202	-290.7405	117.3272	117.3272	117.3272	117.3272	117.3272	-241.3269	-241.3269	-241.3269	-241.3269	-241.3269	-85.3118	-85.3118	-85.3118	-85.3118	-85.3118	-85.3118	-85.3118	-85.3118	-85.3118	-85.3118	-85.3118	-85.3118
-15.7103	-84.3253	-84.4258	-84.4881	-84.5105	-84.4893	70.2220	70.2704	70.2944	70.2860	70.2291	-279.4309	-279.4838	-279.4805	-279.4295	-279.3432	121.3308	121.3308	121.3308	121.3308	121.3308	-199.6733	-199.6733	-199.6733	-199.6733	-199.6733	-83.3196	-83.3196	-83.3196	-83.3196	-83.3196	-83.3196	-83.3196	-83.3196	-83.3196	-83.3196	-83.3196	-83.3196
-14.0338	-86.6016	-86.7315	-86.8320	-86.8943	-86.9167	42.4410	42.4896	42.5380	42.5621	42.5536	-266.4395	-266.5170	-266.5699	-266.5666	-266.5156	112.6842	112.6842	112.6842	112.6842	112.6842	-199.3159	-199.3159	-199.3159	-199.3159	-199.3159	-81.4198	-81.4198	-81.4198	-81.4198	-81.4198	-81.4198	-81.4198	-81.4198	-81.4198	-81.4198	-81.4198	-81.4198
-12.4651	-88.8822	-89.0453	-89.1752	-89.2758	-89.3380	13.5060	13.5272	13.5758	13.6242	13.6483	-251.9661	-252.0231	-252.1006	-252.1535	-252.1502	95.2225	95.2225	95.2225	95.2225	95.2225	-227.9711	-227.9711	-227.9711	-227.9711	-227.9711	-79.6015	-79.6015	-79.6015	-79.6015	-79.6015	-79.6015	-79.6015	-79.6015	-79.6015	-79.6015	-79.6015	-79.6015
-11.1753	-93.1783	-93.3543	-93.5174	-93.6473	-93.7479	-11.7516	-11.7741	-11.7529	-11.7043	-11.6560	-236.1523	-236.1607	-236.2176	-236.2952	-236.3481	75.2500	75.2500	75.2500	75.2500	75.2500	-266.6027	-266.6027	-266.6027	-266.6027	-266.6027	-77.8550	-77.8550	-77.8550	-77.8550	-77.8550	-77.8550	-77.8550	-77.8550	-77.8550	-77.8550	-77.8550	-77.8550
-10.3532	-96.3609	-96.4859	-96.6619	-96.8251	-96.9550	-29.0827	-29.1450	-29.1674	-29.1462	-29.0977	-219.2153	-219.1912	-219.1996	-219.2565	-219.3341	59.7701	59.7701	59.7701	59.7701	59.7701	-293.1396	-293.1396	-293.1396	-293.1396	-293.1396	-76.1721	-76.1721	-76.1721	-76.1721	-76.1721	-76.1721	-76.1721	-76.1721	-76.1721	-76.1721	-76.1721	-76.1721
-9.7957	-92.5088	-92.5088	-92.6338	-92.8098	-92.9729	-41.7999	-41.9005	-41.9627	-41.9852	-41.9640	-201.4797	-201.4314	-201.4073	-201.4157	-201.4727	50.6159	50.6159	50.6159	50.6159	50.6159	-300.2259	-300.2259	-300.2259	-300.2259	-300.2259	-74.5451	-74.5451	-74.5451	-74.5451	-74.5451	-74.5451	-74.5451	-74.5451	-74.5451	-74.5451	-74.5451	-74.5451
-9.3057	-78.7327	-78.7327	-78.7327	-78.8577	-79.0337	-54.3202	-54.4501	-54.5507	-54.6130	-54.6354	-183.2731	-183.2245	-183.1762	-183.1521	-183.1605	50.6224	50.6224	50.6224	50.6224	50.6224	-278.1908	-278.1908	-278.1908	-278.1908	-278.1908	-72.9676	-72.9676	-72.9676	-72.9676	-72.9676	-72.9676	-72.9676	-72.9676	-72.9676	-72.9676	-72.9676	-72.9676
-8.7870	-58.1621	-58.1621	-58.1621	-58.1621	-58.2871	-67.8863	-68.0495	-68.1794	-68.2800	-68.3422	-164.9334	-164.9122	-164.8636	-164.8153	-164.7912	56.7585	56.7585	56.7585	56.7585	56.7585	-235.7097	-235.7097	-235.7097	-235.7097	-235.7097	-71.4338	-71.4338	-71.4338	-71.4338	-71.4338	-71.4338	-71.4338	-71.4338	-71.4338	-71.4338	-71.4338	-71.4338
-8.3243	-34.4374	-34.4374	-34.4374	-34.4374	-34.4374	-82.0433	-82.2194	-82.3825	-82.5124	-82.6130	-146.8242	-146.8466	-146.8254	-146.7768	-146.7285	66.0242	66.0242	66.0242	66.0242	66.0242	-186.2309	-186.2309	-186.2309	-186.2309	-186.2309	-69.9387	-69.9387	-69.9387	-69.9387	-69.9387	-69.9387	-69.9387	-69.9387	-69.9387	-69.9387	-69.9387	-69.9387
-7.9028	-13.8594	-13.8594	-13.8594	-13.8594	-13.8594	-93.6375	-93.7625	-93.9385	-94.1017	-94.2316	-129.2978	-129.3600	-129.3825	-129.3613	-129.3127	71.9748	71.9748	71.9748	71.9748	71.9748	-145.3173	-145.3173	-145.3173	-145.3173	-145.3173	-68.4779	-68.4779	-68.4779	-68.4779	-68.4779	-68.4779	-68.4779	-68.4779	-68.4779	-68.4779	-68.4779	-68.4779
-7.5147	-0.6770	-0.6770	-0.6770	-0.6770	-0.6770	-96.7868	-96.7868	-96.9118	-97.0878	-97.2510	-112.6128	-112.7133	-112.7756	-112.7980	-112.7768	69.8718	69.8718	69.8718	69.8718	69.8718	-118.1457	-118.1457	-118.1457	-118.1457	-118.1457	-67.0474	-67.0474	-67.0474	-67.0474	-67.0474	-67.0474	-67.0474	-67.0474	-67.0474	-67.0474	-67.0474	-67.0474
-7.1758	1.7114	1.7114	1.7114	1.7114	1.7114	-89.0187	-89.0187	-89.0187	-89.1437	-89.3197	-96.7810	-96.9109	-97.0115	-97.0737	-97.0962	56.2950	56.2950	56.2950	56.2950	56.2950	-111.5413	-111.5413	-111.5413	-111.5413	-111.5413	-65.6439	-65.6439	-65.6439	-65.6439	-65.6439	-65.6439	-65.6439	-65.6439	-65.6439	-65.6439	-65.6439	-65.6439
-6.9092	-3.8005	-3.8005	-3.8005	-3.8005	-3.8005	-73.2456	-73.2456	-73.2456	-73.2456	-73.3705	-81.7185	-81.8816	-82.0115	-82.1121	-82.1743	34.8345	34.8345	34.8345	34.8345	34.8345	-119.4248	-119.4248	-119.4248	-119.4248	-119.4248	-64.2642	-64.2642	-64.2642	-64.2642	-64.2642	-64.2642	-64.2642	-64.2642	-64.2642	-64.2642	-64.2642	-64.2642
-6.6487	-11.9927	-11.9474	-11.9474	-11.9474	-11.9474	-52.4804	-52.4804	-52.4804	-52.4804	-52.4804	-67.2822	-67.4582	-67.6214	-67.7513	-67.8518	10.9697	10.9697	10.9697	10.9697	10.9697	-132.7350	-132.7350	-132.7350	-132.7350	-132.7350	-62.9059	-62.9059	-62.9059	-62.9059	-62.9059	-62.9059	-62.9059	-62.9059	-62.9059	-62.9059	-62.9059	-62.9059
-6.3459	-18.1650	-18.0918	-18.0465	-18.0465	-18.0465	-32.8298	-32.8298	-32.8298	-32.8298	-32.8298	-53.7008	-53.8258	-54.0018	-54.1649	-54.2948	-9.1290	-9.1290	-9.1290	-9.1290	-9.1290	-140.2562	-140.2562	-140.2562	-140.2562	-140.2562	-61.5665	-61.5665	-61.5665	-61.5665	-61.5665	-61.5665	-61.5665	-61.5665	-61.5665	-61.5665	-61.5665	-61.5665
-5.9972	-21.9297	-21.8547	-21.7815	-21.7361	-21.7361	-18.9713	-18.9713	-18.9713	-18.9713	-18.9713	-41.2583	-41.2583	-41.3832	-41.5593	-41.7224	-23.3279	-23.3279	-23.3279	-23.3279	-23.3279	-137.6890	-137.6890	-137.6890	-137.6890	-137.6890	-60.2440	-60.2440	-60.2440	-60.2440	-60.2440	-60.2440	-60.2440	-60.2440	-60.2440	-60.2440	-60.2440	-60.2440
-5.6349	-21.5270	-21.4671	-21.3920	-21.3188	-21.2735	-14.9318	-14.9318	-14.9318	-14.9318	-14.9318	-30.2685	-30.2685	-30.2685	-30.3935	-30.5695	-28.7857	-28.7857	-28.7857	-28.7857	-28.7857	-120.0192	-120.0192	-120.0192	-120.0192	-120.0192	-58.9366	-58.9366	-58.9366	-58.9366	-58.9366	-58.9366	-58.9366	-58.9366	-58.9366	-58.9366	-58.9366	-58.9366
-5.2640	-18.2325	-18.2010	-18.1410	-18.0660	-17.9927	-18.4503	-18.4503	-18.4503	-18.4503	-18.4503	-21.0003	-21.0003	-21.0003	-21.0003	-21.1253	-27.4694	-27.4694	-27.4694	-27.4694	-27.4694	-92.0043	-92.0043	-92.0043	-92.0043	-92.0043	-57.6427	-57.6427	-57.6427	-57.6427	-57.6427	-57.6427	-57.6427	-57.6427	-57.6427	-57.6427	-57.6427	-57.6427
-4.8537	-13.5975	-13.5979	-13.5664	-13.5064	-13.4314	-24.5472	-24.5019	-24.5019	-24.5019	-24.5019	-13.5522	-13.5522	-13.5522	-13.5522	-13.5522	-24.8029	-24.8029	-24.8029	-24.8029	-24.8029	-60.8958	-60.8958	-60.8958	-60.8958	-60.8958	-56.3610	-56.3610	-56.3610	-56.3610	-56.3610	-56.3610	-56.3610	-56.3610	-56.3610	-56.3610	-56.3610	-56.3610
-4.4087	-10.4334	-10.4612	-10.4617	-10.4301	-10.3701	-28.8643	-28.7911	-28.7457	-28.7457	-28.7457	-7.9453	-7.9453	-7.9453	-7.9453	-7.9453	-22.8432	-22.8432	-22.8432	-22.8432	-22.8432	-35.1572	-35.1572	-35.1572	-35.1572	-35.1572	-55.0902	-55.0902	-55.0902	-55.0902	-55.0902	-55.0902	-55.0902	-55.0902	-55.0902	-55.0902	-55.0902	-55.0902
-3.9540	-10.3433	-10.3892	-10.4171	-10.4175	-10.3860	-30.9879	-30.9129	-30.8396	-30.7943	-30.7943	-4.0608	-4.0608	-4.0608	-4.0608	-4.0608	-18.6380	-18.6380	-18.6380	-18.6380	-18.6380	-17.7704	-17.7704	-17.7704	-17.7704	-17.7704	-53.8292	-53.8292	-53.8292	-53.8292	-53.8292	-53.8292	-53.8292	-53.8292	-53.8292	-53.8292	-53.8292	-53.8292
-3.5895	-14.6142	-14.6657	-14.7116	-14.7395	-14.7399	-28.6358	-28.5759	-28.5008	-28.4276	-28.3823	-1.7703	-1.7703	-1.7703	-1.7703	-1.7703	-12.2809	-12.2809	-12.2809	-12.2809	-12.2809	-12.5377	-12.5377	-12.5377	-12.5377	-12.5377	-52.5772	-52.5772	-52.5772	-52.5772	-52.5772	-52.5772	-52.5772	-52.5772	-52.5772	-52.5772	-52.5772	-52.5772
-3.1517	-21.6008	-21.5548	-21.6063	-21.6521	-21.6800	-23.2320	-23.2005	-23.1405	-23.0654	-22.9922	-0.7689	-0.7689	-0.7689	-0.7689	-0.7689	-4.5674	-4.5674	-4.5674	-4.5674	-4.5674	-16.2992	-16.2992	-16.2992	-16.2992	-16.2992	-51.3332	-51.3332	-51.3332	-51.3332	-51.3332	-51.3332	-51.3332	-51.3332	-51.3332	-51.3332	-51.3332	-51.3332
-2.7872	-30.9652	-31.0209	-30.9749	-31.0264	-31.0722	-17.1003	-17.1008	-17.0692	-17.0092	-16.9342	-0.6204	-0.5750	-0.5750	-0.5750	-0.5750	4.9131	4.9131	4.9131	4.9131	4.9131	-23.2613	-23.2613	-23.2613	-23.2613	-23.2613	-50.0966	-50.0966	-50.0966	-50.0966	-50.0966	-50.0966	-50.0966	-50.0966	-50.0966	-50.0966	-50.0966	-50.0966
-2.5250	-38.0346	-38.0928	-38.1485	-38.1025	-38.1540	-13.3162	-13.3441	-13.3446	-13.3130	-13.2530	-0.9920	-0.9188	-0.8735	-0.8735	-0.8735	14.0215	14.0215	14.0215	14.0215	14.0215	-28.2892	-28.2892	-28.2892	-28.2892	-28.2892	-48.8666	-48.8666	-48.8666	-48.8666	-48.8666	-48.8666	-48.8666	-48.8666	-48.8666	-48.8666	-48.8666	-48.8666
-2.3568	-37.2402	-37.2964	-37.3546	-37.4103	-37.3643	-13.2622	-13.3080	-13.3359	-13.3364	-13.3048	-1.5845	-1.5095	-1.4363	-1.3909	-1.3909	19.5758	19.5758	19.5758	19.5758	19.5758	-31.0413	-31.0413	-31.0413	-31.0413	-31.0413	-47.6428	-47.6428	-47.6428	-47.6428	-47.6428	-47.6428	-47.6428	-47.6428	-47.6428	-47.6428	-47.6428	-47.6428
-2.2650	-25.5856	-25.6209	-25.6771	-25.7353	-25.7910	-17.7762	-17.8277	-17.8736	-17.9015	-17.9019	-2.1510	-2.0910	-2.0159	-1.9427	-1.8974	19.9770	19.9770	19.9770	19.9770	19.9770	-29.5770	-29.5770	-29.5770	-29.5770	-29.5770	-46.4246	-46.4246	-46.4246	-46.4246	-46.4246	-46.4246	-46.4246	-46.4246	-46.4246	-46.4246	-46.4246	-46.4246
-2.1615	-6.6379	-6.6379	-6.6732	-6.7294	-6.7876	-24.8899	-24.8439	-24.8954	-24.9413	-24.9691	-2.6011	-2.5695	-2.5095	-2.4345	-2.3613	16.6914	16.6914	16.6914	16.6914	16.6914	-25.3315	-25.3315	-25.3315	-25.3315	-25.3315	-45.2117	-45.2117	-45.2117	-45.2117	-45.2117	-45.2117	-45.2117	-45.2117	-45.2117	-45.2117	-45.2117	-45.2117
-2.0142	15.9109	15.9109	15.9109	15.8755	15.8193	-34.0859	-34.1416	-34.0956	-34.1471	-34.1929	-3.0072	-3.0077	-2.9761	-2.9161	-2.8411	11.9257	11.9257	11.9257	11.9257	11.9257	-19.9661	-19.9661	-19.9661	-19.9661	-19.9661	-44.0035	-44.0035	-44.0035	-44.0035	-44.0035	-44.0035	-44.0035	-44.0035	-44.0035	-44.0035	-44.0035	-44.0035
-1.7962	34.7954	34.7954	34.7954	34.7954	34.7600	-40.7676	-40.8258	-40.8814	-40.8354	-40.8869	-3.2707	-3.2986	-3.2991	-3.2675	-3.2075	8.3414	8.3414	8.3414	8.3414	8.3414	-16.6906	-16.6906	-16.6906	-16.6906	-16.6906	-42.7998	-42.7998	-42.7998	-42.7998	-42.7998	-42.7998	-42.7998	-42.7998	-42.7998	-42.7998	-42.7998	-42.7998
-1.4753	44.8677	44.8677	44.8677	44.8677	44.8677	-39.7477	-39.7477	-39.7477	-39.7477	-39.7477	-3.2313	-3.2313	-3.2313	-3.2313	-3.2313	6.9239	6.9239	6.9239	6.9239	6.9239	-17.4799	-17.4799	-17.4799	-17.4799	-17.4799	-41.6004	-41.6004	-41.6004	-41.6004	-41.6004	-41.6004	-41.6004	-41.6004	-41.6004	-41.6004	-41.6004	-41.6004
-1.2420	42.0139	42.0139	42.0139	42.0139	42.0139	-28.5174	-28.5174	-28.5174	-28.5174	-28.5174	-3.1495	-3.1495	-3.1495	-3.1495	-3.1495	8.8660	8.8660	8.8660	8.8660	8.8660	-23.8395	-23.8395	-23.8395	-23.8395	-23.8395	-40.4048	-40.4048	-40.4048	-40.4048	-40.4048	-40.4048	-40.4048	-40.4048	-40.4048	-40.4048	-40.4048	-40.4048
-1.0329	29.8976	29.8976	29.8976	29.8976	29.8976	-10.2423	-10.2423	-10.2423	-10.2423	-10.2423	-2.9274	-2.9274	-2.9274	-2.9274	-2.9274	13.0993	13.0993	13.0993	13.0993	13.0993	-33.6924	-33.6924	-33.6924	-33.6924	-33.6924	-39.2129	-39.2129	-39.2129	-39.2129	-39.2129	-39.2129	-39.2129	-39.2129	-39.2129	-39.2129	-39.2129	-39.2129
0.1520	15.6768	15.6768	15.6768	15.6768	15.6768	9.6715	9.6715	9.6715	9.6715	9.6715	-2.6155	-2.6155	-2.6155	-2.6155	-2.6155	17.7859	17.7859	17.7859	17.7859	17.7859	-43.7437	-43.7437	-43.7437	-43.7437	-43.7437	-38.0245	-38.0245	-38.0245	-38.0245	-38.0245	-38.0245	-38.0245	-38.0245	-38.0245	-38.0245	-38.0245	-38.0245
0.1399	2.4338	2.4338	2.4338	2.4338	2.4338	26.5773	26.5773	26.5773	26.5773	26.5773	-2.2711	-2.2711	-2.2711	-2.2711	-2.2711	21.3596	21.3596	21.3596	21.3596	21.3596	-51.1285	-51.1285	-51.1285	-51.1285	-51.1285	-36.8394	-36.8394	-36.8394	-36.8394	-36.8394	-36.8394	-36.8394	-36.8394	-36.8394	-36.8394	-36.8394	-36.8394
0.1317	-5.4817	-5.4817	-5.4817	-5.4817	-5.4817	37.5701	37.5701	37.5701	37.5701	37.5701	-1.9450	-1.9450	-1.9450	-1.9450	-1.9450	22.8874	22.8874	22.8874	22.8874	22.8874	-53.9849	-53.9849	-53.9849	-53.9849	-53.9849	-35.6575	-35.6575	-35.6575	-35.6575	-35.6575	-35.6575	-35.6575	-35.6575	-35.6575	-35.6575	-35.6575	-35.6575
0.1239	-7.3320	-7.3320	-7.3320	-7.3320	-7.3320	41.7201	41.7201	41.7201	41.7201	41.7201	-1.6436	-1.6436	-1.6436	-1.6436	-1.6436	22.1601	22.1601	22.1601	22.1601	22.1601	-51.5972	-51.5972	-51.5972	-51.5972	-51.5972	-34.4786	-34.4786	-34.4786	-34.4786	-34.4786	-34.4786	-34.4786	-34.4786	-34.4786	-34.4786	-34.4786	-34.4786
0.1121	-4.6373	-4.6373	-4.6373	-4.6373	-4.6373	39.9465	39.9465	39.9465	39.9465	39.9465	-1.3865	-1.3865	-1.3865	-1.3865	-1.3865	19.6470	19.6470	19.6470	19.6470	19.6470	-44.3245	-44.3245	-44.3245	-44.3245	-44.3245	-33.3025	-33.3025	-33.3025	-33.3025	-33.3025	-33.3025	-33.3025	-33.3025	-33.3025	-33.3025	-33.3025	-33.3025
0.0919	0.3300	0.3300	0.3300	0.3300	0.3300	33.7849	33.7849	33.7849	33.7849	33.7849	-1.1828	-1.1828	-1.1828	-1.1828	-1.1828	16.0435	16.0435	16.0435	16.0435	16.0435	-32.8839	-32.8839	-32.8839	-32.8839	-32.8839	-32.1293	-32.1293	-32.1293	-32.1293	-32.1293	-32.1293	-32.1293	-32.1293	-32.1293	-32.1293	-32.1293	-32.1293
0.0589	4.8461	4.8461	4.8461	4.8461	4.8461	25.1388	25.1388	25.1388	25.1388	25.1388	-1.0325	-1.0325	-1.0325	-1.0325	-1.0325	12.1809	12.1809	12.1809	12.1809	12.1809	-18.2076	-18.2076	-18.2076	-18.2076	-18.2076	-30.9587	-30.9587	-30.9587	-30.9587	-30.9587	-30.9587	-30.9587	-30.9587	-30.9587	-30.9587	-30.9587	-30.9587
0.0090	6.0369	6.0369	6.0369	6.0369	6.0369	16.0346	16.0346	16.0346	16.0346	16.0346	-0.9357	-0.9357	-0.9357	-0.9357	-0.9357	8.9356	8.9356	8.9356	8.9356	8.9356	-1.2996	-1.2996	-1.2996	-1.2996	-1.2996	-29.7907	-29.7907	-29.7907	-29.7907	-29.7907	-29.7907	-29.7907	-29.7907	-29.7907	-29.7907	-29.7907	-29.7907
0.1319	1.3726	1.3726	1.3726	1.3726	1.3726	3.4404	3.4404	3.4404	3.4404	3.4404	-2.0604	-2.0604	-2.0604	-2.0604	-2.0604	7.1386	7.1386	7.1386	7.1386	7.1386	15.4819	16.9080	16.9080	16.9080	16.9080	0.0000	0.0000	0.0000	0.0000	0.0000	0.0000	0.0000	0.0000	0.0000	0.0000	0.0000	0.0000
Female migration
-158.7866	799.0352	754.9525	669.9357	490.2089	312.3104	165.7215	-104.1074	-315.1687	-992.4437	-1446.4487	-1133.5969	-1133.5969	-1133.5969	-1133.5969	-1133.5969	141.6244	141.6244	141.6244	141.6244	141.6244	41.1006	41.1006	41.1006	41.1006	41.1006	83.5564	83.5564	83.5564	83.5564	83.5564	83.5564	83.5564	83.5564	83.5564	83.5564	83.5564	83.5564
-1.7455	223.0048	139.6761	95.5934	10.5766	-169.1503	39.9500	-224.1592	-493.9881	-705.0495	-1382.3245	-513.6107	-409.4626	-409.4626	-409.4626	-409.4626	-14.5870	-14.5870	-14.5870	-14.5870	-14.5870	-61.0291	-61.0291	-61.0291	-61.0291	-61.0291	91.4080	91.4080	91.4080	91.4080	91.4080	91.4080	91.4080	91.4080	91.4080	91.4080	91.4080	91.4080
-13.0950	-259.1278	-432.1645	-515.4932	-559.5759	-644.5928	-138.8708	-316.7693	-580.8785	-850.7074	-1061.7687	286.9570	193.8586	306.1469	306.1469	306.1469	-170.7985	-170.7985	-170.7985	-170.7985	-170.7985	-163.1588	-163.1588	-163.1588	-163.1588	-163.1588	99.1580	99.1580	99.1580	99.1580	99.1580	99.1580	99.1580	99.1580	99.1580	99.1580	99.1580	99.1580
-21.3542	-188.4647	-188.9209	-361.9576	-445.2863	-489.3690	-139.8289	-319.5558	-497.4543	-761.5635	-1031.3924	107.4933	203.2828	110.1844	229.5693	229.5693	-67.3698	-67.3698	-67.3698	-67.3698	-67.3698	-134.5815	-134.5815	-134.5815	-134.5815	-134.5815	106.8078	106.8078	106.8078	106.8078	106.8078	106.8078	106.8078	106.8078	106.8078	106.8078	106.8078	106.8078
-26.7099	-132.1067	-132.1067	-132.5629	-305.5996	-388.9283	-204.0079	-289.0247	-468.7515	-646.6500	-910.7592	123.9727	32.6533	128.4428	35.3444	160.7820	24.7532	24.7532	24.7532	24.7532	24.7532	-108.5965	-108.5965	-108.5965	-108.5965	-108.5965	114.3587	114.3587	114.3587	114.3587	114.3587	114.3587	114.3587	114.3587	114.3587	114.3587	114.3587	114.3587
-29.8260	-88.0795	-88.0795	-88.0795	-88.5358	-261.5725	-279.7890	-323.8717	-408.8885	-588.6153	-766.5138	95.6035	57.0261	-34.2933	61.4961	-31.6022	102.7068	102.7068	102.7068	102.7068	102.7068	-86.3921	-86.3921	-86.3921	-86.3921	-86.3921	121.8119	121.8119	121.8119	121.8119	121.8119	121.8119	121.8119	121.8119	121.8119	121.8119	121.8119	121.8119
-31.3457	-54.8447	-54.8447	-54.8447	-54.8447	-55.3009	-288.9443	-372.2730	-416.3557	-501.3725	-681.0994	75.7921	35.8261	-2.7513	-94.0707	1.7187	163.6272	163.6272	163.6272	163.6272	163.6272	-69.1566	-69.1566	-69.1566	-69.1566	-69.1566	129.1689	129.1689	129.1689	129.1689	129.1689	129.1689	129.1689	129.1689	129.1689	129.1689	129.1689	129.1689
-31.8500	-30.7396	-30.7396	-30.7396	-30.7396	-30.7396	-182.0073	-355.0439	-438.3727	-482.4554	-567.4722	86.0371	22.3878	-17.5782	-56.1556	-147.4751	204.3597	204.3597	204.3597	204.3597	204.3597	-58.1732	-58.1732	-58.1732	-58.1732	-58.1732	-760.6356	-760.6356	-760.6356	-760.6356	-760.6356	-760.6356	-760.6356	-760.6356	-760.6356	-760.6356	-760.6356	-760.6356
-31.8167	-14.0601	-14.0601	-14.0601	-14.0601	-14.0601	-221.5776	-222.0338	-395.0705	-478.3992	-522.4819	41.9246	38.9308	-24.7185	-64.6845	-103.2619	222.0405	222.0405	222.0405	222.0405	222.0405	-54.6302	-54.6302	-54.6302	-54.6302	-54.6302	-498.9121	-498.9121	-498.9121	-498.9121	-498.9121	-498.9121	-498.9121	-498.9121	-498.9121	-498.9121	-498.9121	-498.9121
-31.4132	-2.9771	-2.9771	-2.9771	-2.9771	-2.9771	-233.7898	-233.7898	-234.2460	-407.2827	-490.6114	89.5513	1.3643	-1.6295	-65.2788	-105.2448	214.6784	214.6784	214.6784	214.6784	214.6784	-59.4309	-59.4309	-59.4309	-59.4309	-59.4309	-309.5152	-309.5152	-309.5152	-309.5152	-309.5152	-309.5152	-309.5152	-309.5152	-309.5152	-309.5152	-309.5152	-309.5152
-30.4759	4.3611	4.3611	4.3611	4.3611	4.3611	-214.8713	-214.8713	-214.8713	-215.3276	-388.3643	175.4772	55.7807	-32.4062	-35.4001	-99.0494	181.7364	181.7364	181.7364	181.7364	181.7364	-73.0032	-73.0032	-73.0032	-73.0032	-73.0032	-171.9461	-171.9461	-171.9461	-171.9461	-171.9461	-171.9461	-171.9461	-171.9461	-171.9461	-171.9461	-171.9461	-171.9461
-28.5517	9.1696	9.1696	9.1696	9.1696	9.1696	-163.7547	-163.7547	-163.7547	-163.7547	-163.7547	178.6413	148.8219	29.1254	-59.0616	-62.0554	127.0401	127.0401	127.0401	127.0401	127.0401	-94.3500	-94.3500	-94.3500	-94.3500	-94.3500	-71.5228	-71.5228	-71.5228	-71.5228	-71.5228	-71.5228	-71.5228	-71.5228	-71.5228	-71.5228	-71.5228	-71.5228
-25.0634	11.8002	11.8002	11.8002	11.8002	11.8002	-83.6035	-83.6035	-83.6035	-83.6035	-83.6035	20.6969	159.2036	129.3841	9.6877	-78.4993	59.0689	59.0689	59.0689	59.0689	59.0689	-120.9536	-120.9536	-120.9536	-120.9536	-120.9536	2.2709	2.2709	2.2709	2.2709	2.2709	2.2709	2.2709	2.2709	2.2709	2.2709	2.2709	2.2709
-19.7853	11.3886	11.3886	11.3886	11.3886	11.3886	14.1528	14.1528	14.1528	14.1528	14.1528	7.6622	7.6622	146.1689	116.3494	-3.3470	-9.6262	-9.6262	-9.6262	-9.6262	-9.6262	-148.9660	-148.9660	-148.9660	-148.9660	-148.9660	56.9674	56.9674	56.9674	56.9674	56.9674	56.9674	56.9674	56.9674	56.9674	56.9674	56.9674	56.9674
-13.6095	5.6662	5.6662	5.6662	5.6662	5.6662	105.7812	105.7812	105.7812	105.7812	105.7812	-0.5257	-0.5257	-0.5257	137.9810	108.1615	-64.7488	-64.7488	-64.7488	-64.7488	-64.7488	-173.9693	-173.9693	-173.9693	-173.9693	-173.9693	97.9620	97.9620	97.9620	97.9620	97.9620	97.9620	97.9620	97.9620	97.9620	97.9620	97.9620	97.9620
-6.7643	-5.9212	-5.8379	-5.8379	-5.8379	-5.8379	178.3793	178.3793	178.3793	178.3793	178.3793	-7.6529	-7.6529	-7.6529	-7.6529	130.8538	-96.9471	-96.9471	-96.9471	-96.9471	-96.9471	-193.1607	-193.1607	-193.1607	-193.1607	-193.1607	129.1193	129.1193	129.1193	129.1193	129.1193	129.1193	129.1193	129.1193	129.1193	129.1193	129.1193	129.1193
-0.9584	-22.8547	-22.5198	-22.4365	-22.4365	-22.4365	221.2493	221.2493	221.2493	221.2493	221.2493	-17.2760	-17.2760	-17.2760	-17.2760	-17.2760	-111.4117	-111.4117	-111.4117	-111.4117	-111.4117	-208.4887	-208.4887	-208.4887	-208.4887	-208.4887	153.2076	153.2076	153.2076	153.2076	153.2076	153.2076	153.2076	153.2076	153.2076	153.2076	153.2076	153.2076
1.3427	-47.7546	-47.4478	-47.1130	-47.0297	-47.0297	234.1083	234.1083	234.1083	234.1083	234.1083	-30.8566	-30.8566	-30.8566	-30.8566	-30.8566	-122.1651	-122.1651	-122.1651	-122.1651	-122.1651	-220.1347	-220.1347	-220.1347	-220.1347	-220.1347	172.2098	172.2098	172.2098	172.2098	172.2098	172.2098	172.2098	172.2098	172.2098	172.2098	172.2098	172.2098
-1.1927	-75.0895	-74.8036	-74.4968	-74.1620	-74.0787	212.3519	212.3519	212.3519	212.3519	212.3519	-51.1557	-51.1557	-51.1557	-51.1557	-51.1557	-135.9309	-135.9309	-135.9309	-135.9309	-135.9309	-234.1666	-234.1666	-234.1666	-234.1666	-234.1666	187.5467	187.5467	187.5467	187.5467	187.5467	187.5467	187.5467	187.5467	187.5467	187.5467	187.5467	187.5467
-7.2793	-94.3772	-94.1253	-93.8393	-93.5326	-93.1977	154.7275	154.7275	154.7275	154.7275	154.7275	-81.4191	-81.4191	-81.4191	-81.4191	-81.4191	-145.9649	-145.9649	-145.9649	-145.9649	-145.9649	-257.0770	-257.0770	-257.0770	-257.0770	-257.0770	200.2359	200.2359	200.2359	200.2359	200.2359	200.2359	200.2359	200.2359	200.2359	200.2359	200.2359	200.2359
-14.1235	-97.9939	-97.7947	-97.5428	-97.2569	-96.9501	83.5861	83.6694	83.6694	83.6694	83.6694	-125.1478	-125.1478	-125.1478	-125.1478	-125.1478	-152.8127	-152.8127	-152.8127	-152.8127	-152.8127	-292.2259	-292.2259	-292.2259	-292.2259	-292.2259	211.0068	211.0068	211.0068	211.0068	211.0068	211.0068	211.0068	211.0068	211.0068	211.0068	211.0068	211.0068
-20.1074	-88.9116	-88.7864	-88.5872	-88.3353	-88.0494	14.4682	14.8031	14.8864	14.8864	14.8864	-179.6464	-179.6464	-179.6464	-179.6464	-179.6464	-156.1395	-156.1395	-156.1395	-156.1395	-156.1395	-334.0704	-334.0704	-334.0704	-334.0704	-334.0704	220.1967	220.1967	220.1967	220.1967	220.1967	220.1967	220.1967	220.1967	220.1967	220.1967	220.1967	220.1967
-25.9668	-75.7962	-75.7578	-75.6327	-75.4334	-75.1815	-59.0732	-58.7664	-58.4316	-58.3483	-58.3483	-237.1976	-237.1976	-237.1976	-237.1976	-237.1976	-159.5643	-159.5643	-159.5643	-159.5643	-159.5643	-380.2889	-380.2889	-380.2889	-380.2889	-380.2889	-123.6533	-123.6533	-123.6533	-123.6533	-123.6533	-123.6533	-123.6533	-123.6533	-123.6533	-123.6533	-123.6533	-123.6533
-31.2382	-65.6116	-65.6540	-65.6157	-65.4905	-65.2913	-126.3279	-126.0420	-125.7352	-125.4004	-125.3171	-292.3319	-292.3319	-292.3319	-292.3319	-292.3319	-159.1685	-159.1685	-159.1685	-159.1685	-159.1685	-417.6887	-417.6887	-417.6887	-417.6887	-417.6887	-118.2560	-118.2560	-118.2560	-118.2560	-118.2560	-118.2560	-118.2560	-118.2560	-118.2560	-118.2560	-118.2560	-118.2560
-35.7724	-59.3749	-59.4780	-59.5205	-59.4821	-59.3569	-176.5469	-176.2950	-176.0090	-175.7023	-175.3674	-342.1461	-342.1461	-342.1461	-342.1461	-342.1461	-147.1941	-147.1941	-147.1941	-147.1941	-147.1941	-432.3744	-432.3744	-432.3744	-432.3744	-432.3744	-113.4324	-113.4324	-113.4324	-113.4324	-113.4324	-113.4324	-113.4324	-113.4324	-113.4324	-113.4324	-113.4324	-113.4324
-40.9448	-61.5345	-61.6722	-61.7754	-61.8178	-61.7794	-216.1404	-215.9412	-215.6893	-215.4033	-215.0966	-377.1801	-377.0968	-377.0968	-377.0968	-377.0968	-120.7614	-120.7614	-120.7614	-120.7614	-120.7614	-416.2139	-416.2139	-416.2139	-416.2139	-416.2139	-109.0444	-109.0444	-109.0444	-109.0444	-109.0444	-109.0444	-109.0444	-109.0444	-109.0444	-109.0444	-109.0444	-109.0444
-45.5828	-69.0598	-69.1963	-69.3340	-69.4371	-69.4796	-239.5291	-239.4039	-239.2047	-238.9528	-238.6669	-392.4339	-392.0990	-392.0157	-392.0157	-392.0157	-85.3558	-85.3558	-85.3558	-85.3558	-85.3558	-377.5931	-377.5931	-377.5931	-377.5931	-377.5931	-104.9927	-104.9927	-104.9927	-104.9927	-104.9927	-104.9927	-104.9927	-104.9927	-104.9927	-104.9927	-104.9927	-104.9927
-46.8380	-73.4044	-73.5364	-73.6729	-73.8106	-73.9137	-230.5421	-230.5037	-230.3786	-230.1793	-229.9274	-386.8350	-386.5283	-386.1934	-386.1101	-386.1101	-43.7700	-43.7700	-43.7700	-43.7700	-43.7700	-328.7593	-328.7593	-328.7593	-328.7593	-328.7593	-101.2062	-101.2062	-101.2062	-101.2062	-101.2062	-101.2062	-101.2062	-101.2062	-101.2062	-101.2062	-101.2062	-101.2062
-43.6064	-71.6564	-71.7934	-71.9255	-72.0620	-72.1996	-187.1819	-187.2243	-187.1860	-187.0608	-186.8616	-360.5874	-360.3015	-359.9947	-359.6599	-359.5766	-8.4172	-8.4172	-8.4172	-8.4172	-8.4172	-284.6381	-284.6381	-284.6381	-284.6381	-284.6381	-97.6334	-97.6334	-97.6334	-97.6334	-97.6334	-97.6334	-97.6334	-97.6334	-97.6334	-97.6334	-97.6334	-97.6334
-37.2425	-68.7961	-68.9321	-69.0690	-69.2011	-69.3376	-122.1647	-122.2678	-122.3102	-122.2719	-122.1467	-316.8708	-316.6189	-316.3330	-316.0262	-315.6914	7.9748	7.9748	7.9748	7.9748	7.9748	-251.2561	-251.2561	-251.2561	-251.2561	-251.2561	-94.2374	-94.2374	-94.2374	-94.2374	-94.2374	-94.2374	-94.2374	-94.2374	-94.2374	-94.2374	-94.2374	-94.2374
-29.3828	-66.6771	-66.7883	-66.9243	-67.0613	-67.1933	-52.2695	-52.4072	-52.5103	-52.5528	-52.5144	-262.4446	-262.2453	-261.9934	-261.7075	-261.4008	-2.3019	-2.3019	-2.3019	-2.3019	-2.3019	-235.6073	-235.6073	-235.6073	-235.6073	-235.6073	-90.9916	-90.9916	-90.9916	-90.9916	-90.9916	-90.9916	-90.9916	-90.9916	-90.9916	-90.9916	-90.9916	-90.9916
-22.5597	-66.8388	-66.9170	-67.0282	-67.1641	-67.3011	2.3890	2.2525	2.1149	2.0117	1.9693	-205.2357	-205.1105	-204.9113	-204.6594	-204.3735	-32.0536	-32.0536	-32.0536	-32.0536	-32.0536	-232.2611	-232.2611	-232.2611	-232.2611	-232.2611	-87.8766	-87.8766	-87.8766	-87.8766	-87.8766	-87.8766	-87.8766	-87.8766	-87.8766	-87.8766	-87.8766	-87.8766
-18.2601	-70.7598	-70.7825	-70.8606	-70.9719	-71.1078	33.9884	33.8564	33.7198	33.5822	33.4790	-154.3502	-154.3118	-154.1867	-153.9874	-153.7355	-65.2677	-65.2677	-65.2677	-65.2677	-65.2677	-232.3549	-232.3549	-232.3549	-232.3549	-232.3549	-84.8782	-84.8782	-84.8782	-84.8782	-84.8782	-84.8782	-84.8782	-84.8782	-84.8782	-84.8782	-84.8782	-84.8782
-17.7735	-77.3402	-77.2992	-77.3218	-77.4000	-77.5112	32.8379	32.7009	32.5689	32.4324	32.2947	-114.2874	-114.3299	-114.2915	-114.1664	-113.9671	-93.0001	-93.0001	-93.0001	-93.0001	-93.0001	-225.9484	-225.9484	-225.9484	-225.9484	-225.9484	-81.9863	-81.9863	-81.9863	-81.9863	-81.9863	-81.9863	-81.9863	-81.9863	-81.9863	-81.9863	-81.9863	-81.9863
-20.0123	-82.4790	-82.3821	-82.3411	-82.3637	-82.4419	4.6725	4.5365	4.3995	4.2675	4.1310	-87.2147	-87.3179	-87.3603	-87.3220	-87.1968	-119.8672	-119.8672	-119.8672	-119.8672	-119.8672	-210.3419	-210.3419	-210.3419	-210.3419	-210.3419	-79.1931	-79.1931	-79.1931	-79.1931	-79.1931	-79.1931	-79.1931	-79.1931	-79.1931	-79.1931	-79.1931	-79.1931
-22.9327	-82.4693	-82.3590	-82.2621	-82.2211	-82.2438	-32.5098	-32.6211	-32.7570	-32.8940	-33.0260	-73.6857	-73.8233	-73.9265	-73.9689	-73.9306	-143.2901	-143.2901	-143.2901	-143.2901	-143.2901	-181.4831	-181.4831	-181.4831	-181.4831	-181.4831	-76.4931	-76.4931	-76.4931	-76.4931	-76.4931	-76.4931	-76.4931	-76.4931	-76.4931	-76.4931	-76.4931	-76.4931
-24.8546	-77.1423	-77.0536	-76.9434	-76.8465	-76.8054	-63.1677	-63.2458	-63.3570	-63.4930	-63.6300	-70.5943	-70.7309	-70.8685	-70.9717	-71.0141	-162.0190	-162.0190	-162.0190	-162.0190	-162.0190	-143.6902	-143.6902	-143.6902	-143.6902	-143.6902	-73.8820	-73.8820	-73.8820	-73.8820	-73.8820	-73.8820	-73.8820	-73.8820	-73.8820	-73.8820	-73.8820	-73.8820
-25.8208	-70.1380	-70.1018	-70.0132	-69.9029	-69.8060	-88.0833	-88.1060	-88.1841	-88.2954	-88.4313	-71.1340	-71.2660	-71.4026	-71.5402	-71.6434	-184.3250	-184.3250	-184.3250	-184.3250	-184.3250	-104.6345	-104.6345	-104.6345	-104.6345	-104.6345	-71.3565	-71.3565	-71.3565	-71.3565	-71.3565	-71.3565	-71.3565	-71.3565	-71.3565	-71.3565	-71.3565	-71.3565
-25.2452	-62.5752	-62.5923	-62.5561	-62.4675	-62.3572	-99.7267	-99.6857	-99.7083	-99.7865	-99.8977	-73.3661	-73.5031	-73.6351	-73.7716	-73.9093	-202.3219	-202.3219	-202.3219	-202.3219	-202.3219	-70.8624	-70.8624	-70.8624	-70.8624	-70.8624	-68.9141	-68.9141	-68.9141	-68.9141	-68.9141	-68.9141	-68.9141	-68.9141	-68.9141	-68.9141	-68.9141	-68.9141
-23.5653	-53.4368	-53.5070	-53.5241	-53.4879	-53.3993	-98.2818	-98.1849	-98.1439	-98.1666	-98.2447	-75.6754	-75.8113	-75.9483	-76.0803	-76.2168	-197.8567	-197.8567	-197.8567	-197.8567	-197.8567	-42.9633	-42.9633	-42.9633	-42.9633	-42.9633	-66.5528	-66.5528	-66.5528	-66.5528	-66.5528	-66.5528	-66.5528	-66.5528	-66.5528	-66.5528	-66.5528	-66.5528
-21.8012	-44.1207	-44.2129	-44.2831	-44.3002	-44.2640	-90.3545	-90.2442	-90.1473	-90.1063	-90.1289	-76.4566	-76.5678	-76.7037	-76.8407	-76.9727	-163.7690	-163.7690	-163.7690	-163.7690	-163.7690	-23.6716	-23.6716	-23.6716	-23.6716	-23.6716	-64.2710	-64.2710	-64.2710	-64.2710	-64.2710	-64.2710	-64.2710	-64.2710	-64.2710	-64.2710	-64.2710	-64.2710
-20.5111	-35.7360	-35.8111	-35.9033	-35.9736	-35.9907	-81.5633	-81.4747	-81.3644	-81.2675	-81.2265	-75.2796	-75.3578	-75.4690	-75.6049	-75.7419	-108.9535	-108.9535	-108.9535	-108.9535	-108.9535	-12.0098	-12.0098	-12.0098	-12.0098	-12.0098	-62.0672	-62.0672	-62.0672	-62.0672	-62.0672	-62.0672	-62.0672	-62.0672	-62.0672	-62.0672	-62.0672	-62.0672
-19.3241	-25.3795	-25.4121	-25.4873	-25.5795	-25.6497	-71.9101	-71.8739	-71.7853	-71.6750	-71.5781	-72.9191	-72.9418	-73.0200	-73.1312	-73.2671	-46.2428	-46.2428	-46.2428	-46.2428	-46.2428	-0.9422	-0.9422	-0.9422	-0.9422	-0.9422	-59.9404	-59.9404	-59.9404	-59.9404	-59.9404	-59.9404	-59.9404	-59.9404	-59.9404	-59.9404	-59.9404	-59.9404
-18.3371	-16.1871	-16.1907	-16.2234	-16.2986	-16.3908	-63.6779	-63.6950	-63.6588	-63.5702	-63.4599	-69.0851	-69.0441	-69.0667	-69.1449	-69.2561	9.2558	9.2558	9.2558	9.2558	9.2558	7.9405	7.9405	7.9405	7.9405	7.9405	-57.8895	-57.8895	-57.8895	-57.8895	-57.8895	-57.8895	-57.8895	-57.8895	-57.8895	-57.8895	-57.8895	-57.8895
-17.5210	-14.3653	-14.3498	-14.3534	-14.3861	-14.4613	-55.4771	-55.5473	-55.5644	-55.5282	-55.4396	-63.8248	-63.7279	-63.6869	-63.7095	-63.7877	51.2766	51.2766	51.2766	51.2766	51.2766	5.6652	5.6652	5.6652	5.6652	5.6652	-55.9137	-55.9137	-55.9137	-55.9137	-55.9137	-55.9137	-55.9137	-55.9137	-55.9137	-55.9137	-55.9137	-55.9137
-16.5710	-22.1212	-22.1108	-22.0953	-22.0989	-22.1316	-46.2260	-46.3182	-46.3884	-46.4055	-46.3693	-57.6395	-57.5292	-57.4323	-57.3913	-57.4139	72.3940	72.3940	72.3940	72.3940	72.3940	-10.3719	-10.3719	-10.3719	-10.3719	-10.3719	-54.0119	-54.0119	-54.0119	-54.0119	-54.0119	-54.0119	-54.0119	-54.0119	-54.0119	-54.0119	-54.0119	-54.0119
-15.6097	-36.1293	-36.1560	-36.1457	-36.1301	-36.1338	-37.4123	-37.4875	-37.5797	-37.6499	-37.6670	-51.2640	-51.1754	-51.0651	-50.9682	-50.9272	76.9169	76.9169	76.9169	76.9169	76.9169	-35.9536	-35.9536	-35.9536	-35.9536	-35.9536	-52.1836	-52.1836	-52.1836	-52.1836	-52.1836	-52.1836	-52.1836	-52.1836	-52.1836	-52.1836	-52.1836	-52.1836
-15.1030	-54.3369	-54.4168	-54.4436	-54.4332	-54.4177	-29.1522	-29.1849	-29.2601	-29.3523	-29.4225	-45.6635	-45.6273	-45.5387	-45.4284	-45.3315	79.1006	79.1006	79.1006	79.1006	79.1006	-65.6875	-65.6875	-65.6875	-65.6875	-65.6875	-50.4279	-50.4279	-50.4279	-50.4279	-50.4279	-50.4279	-50.4279	-50.4279	-50.4279	-50.4279	-50.4279	-50.4279
-15.2262	-69.3198	-69.4362	-69.5161	-69.5428	-69.5325	-25.4393	-25.4430	-25.4756	-25.5508	-25.6430	-41.1434	-41.1605	-41.1243	-41.0356	-40.9254	82.2972	82.2972	82.2972	82.2972	82.2972	-92.3296	-92.3296	-92.3296	-92.3296	-92.3296	-48.7442	-48.7442	-48.7442	-48.7442	-48.7442	-48.7442	-48.7442	-48.7442	-48.7442	-48.7442	-48.7442	-48.7442
-15.7942	-74.0705	-74.2045	-74.3209	-74.4008	-74.4275	-31.2566	-31.2411	-31.2447	-31.2773	-31.3525	-37.7823	-37.8525	-37.8696	-37.8335	-37.7448	76.0666	76.0666	76.0666	76.0666	76.0666	-111.8760	-111.8760	-111.8760	-111.8760	-111.8760	-47.1317	-47.1317	-47.1317	-47.1317	-47.1317	-47.1317	-47.1317	-47.1317	-47.1317	-47.1317	-47.1317	-47.1317
-16.6039	-63.9861	-64.1163	-64.2502	-64.3666	-64.4465	-47.6564	-47.6460	-47.6305	-47.6342	-47.6668	-35.4508	-35.5430	-35.6132	-35.6303	-35.5942	59.1936	59.1936	59.1936	59.1936	59.1936	-120.4201	-120.4201	-120.4201	-120.4201	-120.4201	-45.5900	-45.5900	-45.5900	-45.5900	-45.5900	-45.5900	-45.5900	-45.5900	-45.5900	-45.5900	-45.5900	-45.5900
-17.2577	-43.0688	-43.1752	-43.3054	-43.4393	-43.5558	-68.8341	-68.8608	-68.8504	-68.8349	-68.8386	-33.7816	-33.8568	-33.9490	-34.0192	-34.0363	34.9758	34.9758	34.9758	34.9758	34.9758	-119.9627	-119.9627	-119.9627	-119.9627	-119.9627	-44.1182	-44.1182	-44.1182	-44.1182	-44.1182	-44.1182	-44.1182	-44.1182	-44.1182	-44.1182	-44.1182	-44.1182
-17.4978	-18.5306	-18.6074	-18.7138	-18.8440	-18.9780	-90.8026	-90.8825	-90.9093	-90.8989	-90.8834	-32.1483	-32.1809	-32.2561	-32.3483	-32.4185	5.6218	5.6218	5.6218	5.6218	5.6218	-118.7821	-118.7821	-118.7821	-118.7821	-118.7821	-42.7159	-42.7159	-42.7159	-42.7159	-42.7159	-42.7159	-42.7159	-42.7159	-42.7159	-42.7159	-42.7159	-42.7159
-17.0807	2.7739	2.7477	2.6710	2.5646	2.4344	-104.7399	-104.8564	-104.9363	-104.9630	-104.9526	-30.3430	-30.3466	-30.3793	-30.4544	-30.5466	-22.1163	-22.1163	-22.1163	-22.1163	-22.1163	-117.4097	-117.4097	-117.4097	-117.4097	-117.4097	-41.3823	-41.3823	-41.3823	-41.3823	-41.3823	-41.3823	-41.3823	-41.3823	-41.3823	-41.3823	-41.3823	-41.3823
-16.1609	19.4537	19.4537	19.4275	19.3507	19.2443	-104.8348	-104.9687	-105.0852	-105.1651	-105.1918	-28.2528	-28.2373	-28.2409	-28.2736	-28.3488	-41.6946	-41.6946	-41.6946	-41.6946	-41.6946	-108.1169	-108.1169	-108.1169	-108.1169	-108.1169	-40.1171	-40.1171	-40.1171	-40.1171	-40.1171	-40.1171	-40.1171	-40.1171	-40.1171	-40.1171	-40.1171	-40.1171
-15.0920	28.1936	28.1936	28.1936	28.1674	28.0906	-89.0291	-89.1593	-89.2932	-89.4097	-89.4896	-25.7903	-25.7800	-25.7645	-25.7681	-25.8008	-48.8458	-48.8458	-48.8458	-48.8458	-48.8458	-89.3238	-89.3238	-89.3238	-89.3238	-89.3238	-38.9194	-38.9194	-38.9194	-38.9194	-38.9194	-38.9194	-38.9194	-38.9194	-38.9194	-38.9194	-38.9194	-38.9194
-14.1510	30.4039	30.4039	30.4039	30.4039	30.3777	-62.9710	-63.0774	-63.2076	-63.3415	-63.4580	-23.0275	-23.0543	-23.0439	-23.0284	-23.0320	-46.6675	-46.6675	-46.6675	-46.6675	-46.6675	-64.0745	-64.0745	-64.0745	-64.0745	-64.0745	-37.7890	-37.7890	-37.7890	-37.7890	-37.7890	-37.7890	-37.7890	-37.7890	-37.7890	-37.7890	-37.7890	-37.7890
-13.3178	32.0617	32.0617	32.0617	32.0617	32.0617	-33.3507	-33.4275	-33.5339	-33.6641	-33.7980	-20.2193	-20.2992	-20.3259	-20.3156	-20.3000	-42.5339	-42.5339	-42.5339	-42.5339	-42.5339	-35.3002	-35.3002	-35.3002	-35.3002	-35.3002	-36.7250	-36.7250	-36.7250	-36.7250	-36.7250	-36.7250	-36.7250	-36.7250	-36.7250	-36.7250	-36.7250	-36.7250
-12.6894	34.1382	34.1382	34.1382	34.1382	34.1382	-7.5328	-7.5590	-7.6358	-7.7422	-7.8724	-17.4648	-17.5813	-17.6612	-17.6879	-17.6775	-40.4721	-40.4721	-40.4721	-40.4721	-40.4721	-8.8036	-8.8036	-8.8036	-8.8036	-8.8036	-35.7271	-35.7271	-35.7271	-35.7271	-35.7271	-35.7271	-35.7271	-35.7271	-35.7271	-35.7271	-35.7271	-35.7271
-12.2091	31.9463	31.9463	31.9463	31.9463	31.9463	13.1576	13.1576	13.1314	13.0546	12.9482	-14.8672	-15.0011	-15.1176	-15.1974	-15.2242	-37.8921	-37.8921	-37.8921	-37.8921	-37.8921	10.8658	10.8658	10.8658	10.8658	10.8658	-34.7947	-34.7947	-34.7947	-34.7947	-34.7947	-34.7947	-34.7947	-34.7947	-34.7947	-34.7947	-34.7947	-34.7947
-11.7387	24.9179	24.9179	24.9179	24.9179	24.9179	26.1562	26.1562	26.1562	26.1300	26.0532	-12.5734	-12.7036	-12.8375	-12.9539	-13.0338	-35.6629	-35.6629	-35.6629	-35.6629	-35.6629	20.3021	20.3021	20.3021	20.3021	20.3021	-33.9273	-33.9273	-33.9273	-33.9273	-33.9273	-33.9273	-33.9273	-33.9273	-33.9273	-33.9273	-33.9273	-33.9273
-11.1959	14.7942	14.7942	14.7942	14.7942	14.7942	32.7402	32.7402	32.7402	32.7402	32.7140	-10.6677	-10.7742	-10.9043	-11.0383	-11.1547	-33.8436	-33.8436	-33.8436	-33.8436	-33.8436	21.7877	21.7877	21.7877	21.7877	21.7877	-33.1244	-33.1244	-33.1244	-33.1244	-33.1244	-33.1244	-33.1244	-33.1244	-33.1244	-33.1244	-33.1244	-33.1244
-10.6440	1.6864	1.6864	1.6864	1.6864	1.6864	37.8732	37.8732	37.8732	37.8732	37.8732	-9.1589	-9.2357	-9.3421	-9.4723	-9.6063	-30.6499	-30.6499	-30.6499	-30.6499	-30.6499	21.9229	21.9229	21.9229	21.9229	21.9229	-32.3854	-32.3854	-32.3854	-32.3854	-32.3854	-32.3854	-32.3854	-32.3854	-32.3854	-32.3854	-32.3854	-32.3854
-10.0531	-10.2149	-10.1991	-10.1991	-10.1991	-10.1991	42.1980	42.1980	42.1980	42.1980	42.1980	-8.0836	-8.1098	-8.1866	-8.2930	-8.4232	-27.1068	-27.1068	-27.1068	-27.1068	-27.1068	22.9180	22.9180	22.9180	22.9180	22.9180	-31.7099	-31.7099	-31.7099	-31.7099	-31.7099	-31.7099	-31.7099	-31.7099	-31.7099	-31.7099	-31.7099	-31.7099
-9.4357	-15.8660	-15.8492	-15.8335	-15.8335	-15.8335	41.2834	41.2834	41.2834	41.2834	41.2834	-7.3975	-7.3975	-7.4237	-7.5005	-7.6069	-26.3914	-26.3914	-26.3914	-26.3914	-26.3914	20.8200	20.8200	20.8200	20.8200	20.8200	-31.0974	-31.0974	-31.0974	-31.0974	-31.0974	-31.0974	-31.0974	-31.0974	-31.0974	-31.0974	-31.0974	-31.0974
-8.8221	-12.5408	-12.5270	-12.5102	-12.4945	-12.4945	35.0491	35.0491	35.0491	35.0491	35.0491	-7.0894	-7.0894	-7.0894	-7.1156	-7.1924	-29.6726	-29.6726	-29.6726	-29.6726	-29.6726	15.5508	15.5508	15.5508	15.5508	15.5508	-30.5474	-30.5474	-30.5474	-30.5474	-30.5474	-30.5474	-30.5474	-30.5474	-30.5474	-30.5474	-30.5474	-30.5474
-8.2383	-3.0926	-3.0808	-3.0670	-3.0502	-3.0344	25.6491	25.6491	25.6491	25.6491	25.6491	-7.0994	-7.0994	-7.0994	-7.0994	-7.1256	-35.6650	-35.6650	-35.6650	-35.6650	-35.6650	8.2868	8.2868	8.2868	8.2868	8.2868	-30.0594	-30.0594	-30.0594	-30.0594	-30.0594	-30.0594	-30.0594	-30.0594	-30.0594	-30.0594	-30.0594	-30.0594
-7.6852	10.2871	10.2984	10.3102	10.3240	10.3408	13.1944	13.1944	13.1944	13.1944	13.1944	-7.2924	-7.2924	-7.2924	-7.2924	-7.2924	-42.9490	-42.9490	-42.9490	-42.9490	-42.9490	-1.2834	-1.2834	-1.2834	-1.2834	-1.2834	-29.6331	-29.6331	-29.6331	-29.6331	-29.6331	-29.6331	-29.6331	-29.6331	-29.6331	-29.6331	-29.6331	-29.6331
-7.1722	21.0406	21.0502	21.0615	21.0733	21.0871	2.0220	2.0377	2.0377	2.0377	2.0377	-7.5653	-7.5653	-7.5653	-7.5653	-7.5653	-48.9257	-48.9257	-48.9257	-48.9257	-48.9257	-10.1011	-10.1011	-10.1011	-10.1011	-10.1011	-29.2679	-29.2679	-29.2679	-29.2679	-29.2679	-29.2679	-29.2679	-29.2679	-29.2679	-29.2679	-29.2679	-29.2679
-6.6928	23.6129	23.6202	23.6299	23.6411	23.6530	-2.9407	-2.9239	-2.9082	-2.9082	-2.9082	-7.8089	-7.8089	-7.8089	-7.8089	-7.8089	-51.8629	-51.8629	-51.8629	-51.8629	-51.8629	-13.9363	-13.9363	-13.9363	-13.9363	-13.9363	-28.9634	-28.9634	-28.9634	-28.9634	-28.9634	-28.9634	-28.9634	-28.9634	-28.9634	-28.9634	-28.9634	-28.9634
-6.1817	14.4656	14.4672	14.4745	14.4842	14.4954	1.1274	1.1412	1.1580	1.1738	1.1738	-7.8109	-7.8109	-7.8109	-7.8109	-7.8109	-50.4051	-50.4051	-50.4051	-50.4051	-50.4051	-10.5964	-10.5964	-10.5964	-10.5964	-10.5964	-28.7191	-28.7191	-28.7191	-28.7191	-28.7191	-28.7191	-28.7191	-28.7191	-28.7191	-28.7191	-28.7191	-28.7191
-5.6969	-2.1783	-2.2078	-2.2062	-2.1989	-2.1892	10.9403	10.9522	10.9660	10.9828	10.9985	-7.4656	-7.4656	-7.4656	-7.4656	-7.4656	-45.8572	-45.8572	-45.8572	-45.8572	-45.8572	-2.1318	-2.1318	-2.1318	-2.1318	-2.1318	-28.5347	-28.5347	-28.5347	-28.5347	-28.5347	-28.5347	-28.5347	-28.5347	-28.5347	-28.5347	-28.5347	-28.5347
-5.2768	-24.0031	-24.0232	-24.0527	-24.0511	-24.0438	23.7327	23.7440	23.7558	23.7696	23.7865	-6.7739	-6.7739	-6.7739	-6.7739	-6.7739	-39.7819	-39.7819	-39.7819	-39.7819	-39.7819	7.8718	7.8718	7.8718	7.8718	7.8718	-28.4098	-28.4098	-28.4098	-28.4098	-28.4098	-28.4098	-28.4098	-28.4098	-28.4098	-28.4098	-28.4098	-28.4098
-4.9770	-40.8873	-40.9190	-40.9391	-40.9686	-40.9670	32.6807	32.6904	32.7016	32.7135	32.7273	-5.7607	-5.7450	-5.7450	-5.7450	-5.7450	-34.8202	-34.8202	-34.8202	-34.8202	-34.8202	16.1070	16.1070	16.1070	16.1070	16.1070	-28.3438	-28.3438	-28.3438	-28.3438	-28.3438	-28.3438	-28.3438	-28.3438	-28.3438	-28.3438	-28.3438	-28.3438
-4.7463	-43.1590	-43.1658	-43.1975	-43.2176	-43.2471	32.6665	32.6738	32.6835	32.6948	32.7066	-4.4860	-4.4692	-4.4534	-4.4534	-4.4534	-32.5572	-32.5572	-32.5572	-32.5572	-32.5572	22.1158	22.1158	22.1158	22.1158	22.1158	-28.3364	-28.3364	-28.3364	-28.3364	-28.3364	-28.3364	-28.3364	-28.3364	-28.3364	-28.3364	-28.3364	-28.3364
-4.5773	-24.9604	-24.9604	-24.9671	-24.9988	-25.0189	20.3236	20.3252	20.3325	20.3422	20.3535	-3.1367	-3.1229	-3.1061	-3.0903	-3.0903	-34.3028	-34.3028	-34.3028	-34.3028	-34.3028	24.5475	24.5475	24.5475	24.5475	24.5475	-28.3872	-28.3872	-28.3872	-28.3872	-28.3872	-28.3872	-28.3872	-28.3872	-28.3872	-28.3872	-28.3872	-28.3872
-4.3824	7.0691	7.0691	7.0691	7.0624	7.0306	0.9247	0.8952	0.8967	0.9041	0.9137	-1.9019	-1.8901	-1.8762	-1.8594	-1.8437	-38.6919	-38.6919	-38.6919	-38.6919	-38.6919	24.2364	24.2364	24.2364	24.2364	24.2364	-28.4959	-28.4959	-28.4959	-28.4959	-28.4959	-28.4959	-28.4959	-28.4959	-28.4959	-28.4959	-28.4959	-28.4959
-4.0559	45.7316	45.7316	45.7316	45.7316	45.7249	-21.5896	-21.6097	-21.6392	-21.6376	-21.6303	-0.9677	-0.9564	-0.9446	-0.9308	-0.9140	-44.2053	-44.2053	-44.2053	-44.2053	-44.2053	23.3993	23.3993	23.3993	23.3993	23.3993	-28.6620	-28.6620	-28.6620	-28.6620	-28.6620	-28.6620	-28.6620	-28.6620	-28.6620	-28.6620	-28.6620	-28.6620
-3.5416	77.5277	77.5277	77.5277	77.5277	77.5277	-36.8448	-36.8766	-36.8967	-36.9262	-36.9246	-0.4041	-0.3944	-0.3831	-0.3713	-0.3575	-48.0525	-48.0525	-48.0525	-48.0525	-48.0525	23.0577	23.0577	23.0577	23.0577	23.0577	-28.8851	-28.8851	-28.8851	-28.8851	-28.8851	-28.8851	-28.8851	-28.8851	-28.8851	-28.8851	-28.8851	-28.8851
-2.8562	93.2009	93.2009	93.2009	93.2009	93.2009	-36.7208	-36.7208	-36.7208	-36.7208	-36.7208	-0.0664	-0.0664	-0.0664	-0.0664	-0.0664	-48.3955	-48.3955	-48.3955	-48.3955	-48.3955	22.1522	22.1522	22.1522	22.1522	22.1522	-29.1650	-29.1650	-29.1650	-29.1650	-29.1650	-29.1650	-29.1650	-29.1650	-29.1650	-29.1650	-29.1650	-29.1650
-2.2332	85.3504	85.3504	85.3504	85.3504	85.3504	-16.8846	-16.8846	-16.8846	-16.8846	-16.8846	-0.1594	-0.1594	-0.1594	-0.1594	-0.1594	-43.7980	-43.7980	-43.7980	-43.7980	-43.7980	20.7842	20.7842	20.7842	20.7842	20.7842	-29.5011	-29.5011	-29.5011	-29.5011	-29.5011	-29.5011	-29.5011	-29.5011	-29.5011	-29.5011	-29.5011	-29.5011
-1.6770	60.6517	60.6517	60.6517	60.6517	60.6517	15.7218	15.7218	15.7218	15.7218	15.7218	-0.4458	-0.4458	-0.4458	-0.4458	-0.4458	-35.7081	-35.7081	-35.7081	-35.7081	-35.7081	19.0257	19.0257	19.0257	19.0257	19.0257	-29.8933	-29.8933	-29.8933	-29.8933	-29.8933	-29.8933	-29.8933	-29.8933	-29.8933	-29.8933	-29.8933	-29.8933
0.8878	32.5682	32.5682	32.5682	32.5682	32.5682	50.4762	50.4762	50.4762	50.4762	50.4762	-0.8102	-0.8102	-0.8102	-0.8102	-0.8102	-26.5547	-26.5547	-26.5547	-26.5547	-26.5547	16.9385	16.9385	16.9385	16.9385	16.9385	-30.3411	-30.3411	-30.3411	-30.3411	-30.3411	-30.3411	-30.3411	-30.3411	-30.3411	-30.3411	-30.3411	-30.3411
0.8997	6.2646	6.2646	6.2646	6.2646	6.2646	78.5495	78.5495	78.5495	78.5495	78.5495	-1.1338	-1.1338	-1.1338	-1.1338	-1.1338	-18.4206	-18.4206	-18.4206	-18.4206	-18.4206	14.5879	14.5879	14.5879	14.5879	14.5879	-30.8441	-30.8441	-30.8441	-30.8441	-30.8441	-30.8441	-30.8441	-30.8441	-30.8441	-30.8441	-30.8441	-30.8441
0.8146	-9.9543	-9.9543	-9.9543	-9.9543	-9.9543	94.7413	94.7413	94.7413	94.7413	94.7413	-1.3249	-1.3249	-1.3249	-1.3249	-1.3249	-12.5809	-12.5809	-12.5809	-12.5809	-12.5809	12.0478	12.0478	12.0478	12.0478	12.0478	-31.4022	-31.4022	-31.4022	-31.4022	-31.4022	-31.4022	-31.4022	-31.4022	-31.4022	-31.4022	-31.4022	-31.4022
0.6649	-14.6380	-14.6380	-14.6380	-14.6380	-14.6380	97.6973	97.6973	97.6973	97.6973	97.6973	-1.3565	-1.3565	-1.3565	-1.3565	-1.3565	-9.3875	-9.3875	-9.3875	-9.3875	-9.3875	9.4013	9.4013	9.4013	9.4013	9.4013	-32.0149	-32.0149	-32.0149	-32.0149	-32.0149	-32.0149	-32.0149	-32.0149	-32.0149	-32.0149	-32.0149	-32.0149
0.4901	-10.4832	-10.4832	-10.4832	-10.4832	-10.4832	89.6270	89.6270	89.6270	89.6270	89.6270	-1.1951	-1.1951	-1.1951	-1.1951	-1.1951	-8.3272	-8.3272	-8.3272	-8.3272	-8.3272	6.7404	6.7404	6.7404	6.7404	6.7404	-32.6819	-32.6819	-32.6819	-32.6819	-32.6819	-32.6819	-32.6819	-32.6819	-32.6819	-32.6819	-32.6819	-32.6819
0.3322	-1.5686	-1.5686	-1.5686	-1.5686	-1.5686	73.9276	73.9276	73.9276	73.9276	73.9276	-0.8268	-0.8268	-0.8268	-0.8268	-0.8268	-8.5983	-8.5983	-8.5983	-8.5983	-8.5983	4.1600	4.1600	4.1600	4.1600	4.1600	-33.4028	-33.4028	-33.4028	-33.4028	-33.4028	-33.4028	-33.4028	-33.4028	-33.4028	-33.4028	-33.4028	-33.4028
0.2308	7.1937	7.1937	7.1937	7.1937	7.1937	54.6696	54.6696	54.6696	54.6696	54.6696	-0.2516	-0.2516	-0.2516	-0.2516	-0.2516	-9.2260	-9.2260	-9.2260	-9.2260	-9.2260	1.7570	1.7570	1.7570	1.7570	1.7570	-34.1775	-34.1775	-34.1775	-34.1775	-34.1775	-34.1775	-34.1775	-34.1775	-34.1775	-34.1775	-34.1775	-34.1775
0.2254	10.6145	10.6145	10.6145	10.6145	10.6145	36.1560	36.1560	36.1560	36.1560	36.1560	0.5307	0.5307	0.5307	0.5307	0.5307	-9.1778	-9.1778	-9.1778	-9.1778	-9.1778	-0.3714	-0.3714	-0.3714	-0.3714	-0.3714	-35.0056	-35.0056	-35.0056	-35.0056	-35.0056	-35.0056	-35.0056	-35.0056	-35.0056	-35.0056	-35.0056	-35.0056
0.6478	4.0740	4.0740	4.0740	4.0740	4.0740	24.8404	24.8404	24.8404	24.8404	24.8404	-1.0331	-1.0331	-1.0331	-1.0331	-1.0331	-7.4789	-7.4789	-7.4789	-7.4789	-7.4789	-2.7479	-2.1284	-2.1284	-2.1284	-2.1284	0.0000	0.0000	0.0000	0.0000	0.0000	0.0000	0.0000	0.0000	0.0000	0.0000	0.0000	0.0000
RR HIV after migration (cf before): 1995, 2000, 2010
0.996453	0.998781	0.998865
0.996091	0.998657	0.998934
0.995568	0.998477	0.998839
0.995960	0.998612	0.999249
0.996351	0.998746	0.999092
0.996465	0.999079	0.999303
0.996794	0.999240	0.999274
0.997106	0.999153	0.999375
0.997099	0.999204	0.999376
0.997380	0.999216	0.999409
0.997022	0.999216	0.999368
0.997459	0.999288	0.999302
0.997696	0.999271	0.999377
0.997437	0.999215	0.999421
0.997460	0.999068	0.999349
0.997511	0.999069	0.999344
0.997382	0.999125	0.999282
0.997054	0.999011	0.999165
0.996546	0.998530	0.998793
0.995683	0.998353	0.997815
0.995228	0.998013	0.997716
0.994926	0.997774	0.997604
0.994484	0.998012	0.997634
0.993960	0.997810	0.997699
0.994170	0.997754	0.997598
0.993775	0.997840	0.997266
0.993842	0.997707	0.997588
0.994171	0.997905	0.997616
0.994472	0.997984	0.997827
0.994859	0.997919	0.997551
0.994459	0.998097	0.997731
0.995337	0.998151	0.997930
0.994834	0.998302	0.997998
0.995669	0.998459	0.998389
0.995699	0.998268	0.998012
0.995509	0.998403	0.998134
0.995983	0.998547	0.998595
0.996123	0.998783	0.998365
0.996316	0.998464	0.998645
0.996664	0.998695	0.998674
0.996385	0.998598	0.998570
0.996893	0.998872	0.999008
0.996500	0.998856	0.998996
0.996688	0.998898	0.999139
0.996926	0.999070	0.999024
0.997136	0.998993	0.999115
0.996918	0.998878	0.999159
0.997311	0.998834	0.999300
0.996822	0.998986	0.999274
0.997441	0.998888	0.999371
0.997725	0.998850	0.999127
0.996939	0.999063	0.999282
0.997552	0.998832	0.999264
0.997220	0.999182	0.999288
0.997389	0.999101	0.999364
0.997058	0.999035	0.999372
0.997137	0.999151	0.999366
0.997250	0.998960	0.999414
0.997755	0.999211	0.999270
0.998162	0.999304	0.999619
0.997387	0.999030	0.999573
0.997916	0.998974	0.999554
0.997483	0.999169	0.999540
0.997775	0.999575	0.999408
0.997754	0.999059	0.999332
0.997308	0.999291	0.999466
0.997217	0.999537	0.999822
0.997459	0.999199	0.999533
0.997890	0.999232	0.999654
0.997977	0.999323	0.999706
0.997844	0.999610	0.999500
0.998693	0.999477	0.999631
0.997618	0.999625	0.999327
0.998224	0.999248	0.999447
0.997465	0.999630	0.999622
0.998466	0.999229	0.999374
0.998166	0.999238	0.999606
0.997958	0.999218	0.999373
0.998312	0.999495	0.999470
0.997807	0.999329	0.999797
0.997031	0.999586	0.999746
0.998260	0.999452	0.999423
0.998626	0.999344	0.999738
0.998662	0.999180	0.999830
0.998129	0.999036	1.000000
0.996930	0.999152	0.999524
0.998059	0.998706	0.999268
0.994784	0.999454	1.000000
0.998166	1.000000	0.999201
0.998663	0.998258	0.996903
0.997202	1.000000	1.000000


