Male migration
153.2225	146.2255	146.0288	128.4593	112.5599	152.2863	149.1620	173.2304	189.8974	438.0766	914.5151	-62.8171	-62.8171	-62.8171	-62.8171	-62.8171	142.8145	142.8145	142.8145	142.8145	142.8145	2885.9761	230.3262	230.3262	230.3262	230.3262	-6.6573	-6.6573	-6.6573	-6.6573	-6.6573	-6.6573	-6.6573	-6.6573	-6.6573	-6.6573	-6.6573	-6.6573
41.2754	166.7363	159.7393	159.5426	141.9731	126.0738	222.9702	172.7623	196.8307	213.4977	461.6769	-339.3198	-55.7638	-55.7638	-55.7638	-55.7638	206.6511	206.6511	206.6511	206.6511	206.6511	2425.3383	-121.0638	-121.0638	-121.0638	-121.0638	-6.5711	-6.5711	-6.5711	-6.5711	-6.5711	-6.5711	-6.5711	-6.5711	-6.5711	-6.5711	-6.5711	-6.5711
51.9406	51.9402	177.4012	170.4042	170.2075	152.6380	201.9464	241.6728	191.4649	215.5334	232.2003	-274.6115	-334.8655	-49.9502	-49.9502	-49.9502	270.4876	270.4876	270.4876	270.4876	270.4876	2010.2749	-472.4539	-472.4539	-472.4539	-472.4539	-6.4863	-6.4863	-6.4863	-6.4863	-6.4863	-6.4863	-6.4863	-6.4863	-6.4863	-6.4863	-6.4863	-6.4863
60.0007	60.0007	60.0003	185.4613	178.4643	178.2676	231.9736	216.0742	255.8006	205.5928	229.6612	-152.9696	-271.2304	-331.4844	-45.3763	-45.3763	300.8772	300.8772	300.8772	300.8772	300.8772	2004.4706	-448.2231	-448.2231	-448.2231	-448.2231	-6.4027	-6.4027	-6.4027	-6.4027	-6.4027	-6.4027	-6.4027	-6.4027	-6.4027	-6.4027	-6.4027	-6.4027
65.7001	65.7001	65.7001	65.6997	191.1606	184.1637	259.4191	241.8495	225.9502	265.6766	215.4687	-114.7359	-150.6617	-268.9225	-329.1765	-42.0422	317.9253	317.9253	317.9253	317.9253	317.9253	2011.1536	-433.2069	-433.2069	-433.2069	-433.2069	-6.3204	-6.3204	-6.3204	-6.3204	-6.3204	-6.3204	-6.3204	-6.3204	-6.3204	-6.3204	-6.3204	-6.3204
69.2830	69.2830	69.2830	69.2830	69.2826	194.7435	265.5480	265.3513	247.7818	231.8825	271.6089	-60.8034	-113.4773	-149.4031	-267.6639	-327.9179	324.7362	324.7362	324.7362	324.7362	324.7362	2019.5904	-425.6501	-425.6501	-425.6501	-425.6501	-6.2393	-6.2393	-6.2393	-6.2393	-6.2393	-6.2393	-6.2393	-6.2393	-6.2393	-6.2393	-6.2393	-6.2393
70.9935	70.9935	70.9935	70.9935	70.9935	70.9931	274.8565	267.8595	267.6628	250.0933	234.1939	-69.7139	-60.5365	-113.2104	-149.1362	-267.3970	324.4142	324.4142	324.4142	324.4142	324.4142	2019.6001	-423.7974	-423.7974	-423.7974	-423.7974	-6.1594	-6.1594	-6.1594	-6.1594	-6.1594	-6.1594	-6.1594	-6.1594	-6.1594	-6.1594	-6.1594	-6.1594
71.0758	71.0758	71.0758	71.0758	71.0758	71.0758	148.4533	273.9142	266.9173	266.7206	249.1510	-6.1807	-70.3883	-61.2110	-113.8849	-149.8107	320.2197	320.2197	320.2197	320.2197	320.2197	2002.7136	-425.8385	-425.8385	-425.8385	-425.8385	-6.0807	-6.0807	-6.0807	-6.0807	-6.0807	-6.0807	-6.0807	-6.0807	-6.0807	-6.0807	-6.0807	-6.0807
69.7733	69.7733	69.7733	69.7733	69.7733	69.7733	144.6982	144.6978	270.1588	263.1618	262.9651	-6.7516	-7.6372	-71.8449	-62.6675	-115.3414	315.2571	315.2571	315.2571	315.2571	315.2571	1963.1687	-430.0184	-430.0184	-430.0184	-430.0184	-6.0031	-6.0031	-6.0031	-6.0031	-6.0031	-6.0031	-6.0031	-6.0031	-6.0031	-6.0031	-6.0031	-6.0031
67.3291	67.3291	67.3291	67.3291	67.3291	67.3291	138.7909	138.7909	138.7905	264.2515	257.2545	-10.5870	-8.7805	-9.6661	-73.8738	-64.6964	312.1621	312.1621	312.1621	312.1621	312.1621	1903.3231	-434.7468	-434.7468	-434.7468	-434.7468	-5.9267	-5.9267	-5.9267	-5.9267	-5.9267	-5.9267	-5.9267	-5.9267	-5.9267	-5.9267	-5.9267	-5.9267
63.9850	63.9850	63.9850	63.9850	63.9850	63.9850	131.6282	131.6282	131.6282	131.6278	257.0888	14.1440	-12.9823	-11.1758	-12.0614	-76.2691	312.7894	312.7894	312.7894	312.7894	312.7894	1834.0971	-438.7092	-438.7092	-438.7092	-438.7092	-5.8515	-5.8515	-5.8515	-5.8515	-5.8515	-5.8515	-5.8515	-5.8515	-5.8515	-5.8515	-5.8515	-5.8515
59.9822	59.9822	59.9822	59.9822	59.9822	59.9822	124.3128	124.3128	124.3128	124.3128	124.3128	30.8839	11.5912	-15.5351	-13.7287	-14.6143	316.6505	316.6505	316.6505	316.6505	316.6505	1773.3177	-441.4168	-441.4168	-441.4168	-441.4168	-5.7773	-5.7773	-5.7773	-5.7773	-5.7773	-5.7773	-5.7773	-5.7773	-5.7773	-5.7773	-5.7773	-5.7773
55.5616	55.5616	55.5616	55.5616	55.5616	55.5616	118.0353	118.0353	118.0353	118.0353	118.0353	-9.4857	28.3376	9.0449	-18.0814	-16.2749	320.7580	320.7580	320.7580	320.7580	320.7580	1741.2453	-443.2617	-443.2617	-443.2617	-443.2617	-5.7043	-5.7043	-5.7043	-5.7043	-5.7043	-5.7043	-5.7043	-5.7043	-5.7043	-5.7043	-5.7043	-5.7043
50.9650	50.9650	50.9650	50.9650	50.9650	50.9650	113.7367	113.7367	113.7367	113.7367	113.7367	-12.0113	-12.0113	25.8120	6.5193	-20.6070	319.9373	319.9373	319.9373	319.9373	319.9373	1747.9792	-445.4071	-445.4071	-445.4071	-445.4071	-5.6323	-5.6323	-5.6323	-5.6323	-5.6323	-5.6323	-5.6323	-5.6323	-5.6323	-5.6323	-5.6323	-5.6323
46.4369	46.4369	46.4369	46.4369	46.4369	46.4369	111.6220	111.6220	111.6220	111.6220	111.6220	-14.6210	-14.6210	-14.6210	23.2022	3.9096	308.0768	308.0768	308.0768	308.0768	308.0768	1775.6708	-449.3464	-449.3464	-449.3464	-449.3464	-5.5613	-5.5613	-5.5613	-5.5613	-5.5613	-5.5613	-5.5613	-5.5613	-5.5613	-5.5613	-5.5613	-5.5613
41.5800	41.5800	41.5800	41.5800	41.5800	41.5800	108.0787	108.0787	108.0787	108.0787	108.0787	-18.2673	-18.2673	-18.2673	-18.2673	19.5559	281.7203	281.7203	281.7203	281.7203	281.7203	1816.3667	-455.6369	-455.6369	-455.6369	-455.6369	14.4375	14.4375	14.4375	14.4375	14.4375	14.4375	14.4375	14.4375	14.4375	14.4375	14.4375	14.4375
37.1397	37.1397	37.1397	37.1397	37.1397	37.1397	105.8564	105.8564	105.8564	105.8564	105.8564	-23.4699	-23.4699	-23.4699	-23.4699	-23.4699	245.2218	245.2218	245.2218	245.2218	245.2218	1832.9825	-462.0831	-462.0831	-462.0831	-462.0831	112.9325	112.9325	112.9325	112.9325	112.9325	112.9325	112.9325	112.9325	112.9325	112.9325	112.9325	112.9325
34.5266	34.5266	34.5266	34.5266	34.5266	34.5266	111.8821	111.8821	111.8821	111.8821	111.8821	-30.3156	-30.3156	-30.3156	-30.3156	-30.3156	204.3677	204.3677	204.3677	204.3677	204.3677	1783.4867	-470.3284	-470.3284	-470.3284	-470.3284	126.1647	126.1647	126.1647	126.1647	126.1647	126.1647	126.1647	126.1647	126.1647	126.1647	126.1647	126.1647
34.3896	34.3896	34.3896	34.3896	34.3896	34.3896	128.7187	128.7187	128.7187	128.7187	128.7187	-38.4286	-38.4286	-38.4286	-38.4286	-38.4286	166.9102	166.9102	166.9102	166.9102	166.9102	1650.9169	-473.6004	-473.6004	-473.6004	-473.6004	122.0969	122.0969	122.0969	122.0969	122.0969	122.0969	122.0969	122.0969	122.0969	122.0969	122.0969	122.0969
36.1855	36.1855	36.1855	36.1855	36.1855	36.1855	152.7304	152.7304	152.7304	152.7304	152.7304	-47.0735	-47.0735	-47.0735	-47.0735	-47.0735	136.8018	136.8018	136.8018	136.8018	136.8018	1470.7990	-461.9609	-461.9609	-461.9609	-461.9609	112.8541	112.8541	112.8541	112.8541	112.8541	112.8541	112.8541	112.8541	112.8541	112.8541	112.8541	112.8541
38.4390	38.4390	38.4390	38.4390	38.4390	38.4390	180.1295	180.1295	180.1295	180.1295	180.1295	-54.4914	-54.4914	-54.4914	-54.4914	-54.4914	117.9861	117.9861	117.9861	117.9861	117.9861	1286.4256	-430.6237	-430.6237	-430.6237	-430.6237	103.4341	103.4341	103.4341	103.4341	103.4341	103.4341	103.4341	103.4341	103.4341	103.4341	103.4341	103.4341
40.6431	40.6431	40.6431	40.6431	40.6431	40.6431	203.8172	203.8172	203.8172	203.8172	203.8172	-59.3406	-59.3406	-59.3406	-59.3406	-59.3406	107.8032	107.8032	107.8032	107.8032	107.8032	1136.2484	-385.1749	-385.1749	-385.1749	-385.1749	94.5693	94.5693	94.5693	94.5693	94.5693	94.5693	94.5693	94.5693	94.5693	94.5693	94.5693	94.5693
43.6109	43.6109	43.6109	43.6109	43.6109	43.6109	218.6888	218.6888	218.6888	218.6888	218.6888	-60.6961	-60.6961	-60.6961	-60.6961	-60.6961	99.5857	99.5857	99.5857	99.5857	99.5857	1026.9546	-334.9548	-334.9548	-334.9548	-334.9548	86.3262	86.3262	86.3262	86.3262	86.3262	86.3262	86.3262	86.3262	86.3262	86.3262	86.3262	86.3262
47.3109	47.3109	47.3109	47.3109	47.3109	47.3109	220.8140	220.8140	220.8140	220.8140	220.8140	-58.2858	-58.2858	-58.2858	-58.2858	-58.2858	89.9755	89.9755	89.9755	89.9755	89.9755	970.4445	-288.6231	-288.6231	-288.6231	-288.6231	78.6759	78.6759	78.6759	78.6759	78.6759	78.6759	78.6759	78.6759	78.6759	78.6759	78.6759	78.6759
51.3987	51.3987	51.3987	51.3987	51.3987	51.3987	213.3274	213.3274	213.3274	213.3274	213.3274	-52.4287	-52.4287	-52.4287	-52.4287	-52.4287	81.7273	81.7273	81.7273	81.7273	81.7273	951.0505	-247.8727	-247.8727	-247.8727	-247.8727	71.5781	71.5781	71.5781	71.5781	71.5781	71.5781	71.5781	71.5781	71.5781	71.5781	71.5781	71.5781
56.0146	56.0146	56.0146	56.0146	56.0146	56.0146	202.9847	202.9847	202.9847	202.9847	202.9847	-44.0854	-44.0854	-44.0854	-44.0854	-44.0854	74.2889	74.2889	74.2889	74.2889	74.2889	935.3416	-216.5795	-216.5795	-216.5795	-216.5795	64.9934	64.9934	64.9934	64.9934	64.9934	64.9934	64.9934	64.9934	64.9934	64.9934	64.9934	64.9934
60.2556	60.2556	60.2556	60.2556	60.2556	60.2556	194.1860	194.1860	194.1860	194.1860	194.1860	-34.6216	-34.6216	-34.6216	-34.6216	-34.6216	67.5127	67.5127	67.5127	67.5127	67.5127	902.9747	-193.2775	-193.2775	-193.2775	-193.2775	58.8849	58.8849	58.8849	58.8849	58.8849	58.8849	58.8849	58.8849	58.8849	58.8849	58.8849	58.8849
62.8087	62.8087	62.8087	62.8087	62.8087	62.8087	185.4833	185.4833	185.4833	185.4833	185.4833	-25.8086	-25.8086	-25.8086	-25.8086	-25.8086	62.0605	62.0605	62.0605	62.0605	62.0605	866.4715	-170.0264	-170.0264	-170.0264	-170.0264	53.2185	53.2185	53.2185	53.2185	53.2185	53.2185	53.2185	53.2185	53.2185	53.2185	53.2185	53.2185
63.0043	63.0043	63.0043	63.0043	63.0043	63.0043	178.1760	178.1760	178.1760	178.1760	178.1760	-18.4154	-18.4154	-18.4154	-18.4154	-18.4154	57.3890	57.3890	57.3890	57.3890	57.3890	819.0099	-147.3097	-147.3097	-147.3097	-147.3097	47.9623	47.9623	47.9623	47.9623	47.9623	47.9623	47.9623	47.9623	47.9623	47.9623	47.9623	47.9623
61.4421	61.4421	61.4421	61.4421	61.4421	61.4421	171.8962	171.8962	171.8962	171.8962	171.8962	-12.8454	-12.8454	-12.8454	-12.8454	-12.8454	51.9957	51.9957	51.9957	51.9957	51.9957	757.5461	-133.9084	-133.9084	-133.9084	-133.9084	43.0868	43.0868	43.0868	43.0868	43.0868	43.0868	43.0868	43.0868	43.0868	43.0868	43.0868	43.0868
59.0838	59.0838	59.0838	59.0838	59.0838	59.0838	164.7685	164.7685	164.7685	164.7685	164.7685	-9.1229	-9.1229	-9.1229	-9.1229	-9.1229	45.2488	45.2488	45.2488	45.2488	45.2488	683.7115	-132.0969	-132.0969	-132.0969	-132.0969	38.5647	38.5647	38.5647	38.5647	38.5647	38.5647	38.5647	38.5647	38.5647	38.5647	38.5647	38.5647
56.9810	56.9810	56.9810	56.9810	56.9810	56.9810	156.6334	156.6334	156.6334	156.6334	156.6334	-6.7590	-6.7590	-6.7590	-6.7590	-6.7590	37.5359	37.5359	37.5359	37.5359	37.5359	615.0299	-138.4903	-138.4903	-138.4903	-138.4903	34.3705	34.3705	34.3705	34.3705	34.3705	34.3705	34.3705	34.3705	34.3705	34.3705	34.3705	34.3705
55.4342	55.4342	55.4342	55.4342	55.4342	55.4342	149.3884	149.3884	149.3884	149.3884	149.3884	-4.7520	-4.7520	-4.7520	-4.7520	-4.7520	31.2969	31.2969	31.2969	31.2969	31.2969	567.3438	-149.7069	-149.7069	-149.7069	-149.7069	30.4806	30.4806	30.4806	30.4806	30.4806	30.4806	30.4806	30.4806	30.4806	30.4806	30.4806	30.4806
54.8951	54.8951	54.8951	54.8951	54.8951	54.8951	143.5093	143.5093	143.5093	143.5093	143.5093	-2.9355	-2.9355	-2.9355	-2.9355	-2.9355	25.9120	25.9120	25.9120	25.9120	25.9120	554.9612	-159.0896	-159.0896	-159.0896	-159.0896	26.8731	26.8731	26.8731	26.8731	26.8731	26.8731	26.8731	26.8731	26.8731	26.8731	26.8731	26.8731
54.9812	54.9812	54.9812	54.9812	54.9812	54.9812	138.6575	138.6575	138.6575	138.6575	138.6575	-1.2236	-1.2236	-1.2236	-1.2236	-1.2236	18.3312	18.3312	18.3312	18.3312	18.3312	572.8121	-161.6549	-161.6549	-161.6549	-161.6549	23.5278	23.5278	23.5278	23.5278	23.5278	23.5278	23.5278	23.5278	23.5278	23.5278	23.5278	23.5278
55.1698	55.1698	55.1698	55.1698	55.1698	55.1698	133.9316	133.9316	133.9316	133.9316	133.9316	0.2692	0.2692	0.2692	0.2692	0.2692	7.7142	7.7142	7.7142	7.7142	7.7142	615.0958	-153.6599	-153.6599	-153.6599	-153.6599	20.4256	20.4256	20.4256	20.4256	20.4256	20.4256	20.4256	20.4256	20.4256	20.4256	20.4256	20.4256
54.7053	54.7053	54.7053	54.7053	54.7053	54.7053	128.9602	128.9602	128.9602	128.9602	128.9602	1.3970	1.3970	1.3970	1.3970	1.3970	-4.1872	-4.1872	-4.1872	-4.1872	-4.1872	658.1638	-138.0743	-138.0743	-138.0743	-138.0743	17.5492	17.5492	17.5492	17.5492	17.5492	17.5492	17.5492	17.5492	17.5492	17.5492	17.5492	17.5492
53.2244	53.2244	53.2244	53.2244	53.2244	53.2244	124.1972	124.1972	124.1972	124.1972	124.1972	1.9826	1.9826	1.9826	1.9826	1.9826	-18.9724	-18.9724	-18.9724	-18.9724	-18.9724	679.3087	-121.6448	-121.6448	-121.6448	-121.6448	14.8823	14.8823	14.8823	14.8823	14.8823	14.8823	14.8823	14.8823	14.8823	14.8823	14.8823	14.8823
50.3801	50.3801	50.3801	50.3801	50.3801	50.3801	119.6069	119.6069	119.6069	119.6069	119.6069	2.0768	2.0768	2.0768	2.0768	2.0768	-30.7848	-30.7848	-30.7848	-30.7848	-30.7848	663.1308	-108.2824	-108.2824	-108.2824	-108.2824	12.4097	12.4097	12.4097	12.4097	12.4097	12.4097	12.4097	12.4097	12.4097	12.4097	12.4097	12.4097
46.5551	46.5551	46.5551	46.5551	46.5551	46.5551	115.0769	115.0769	115.0769	115.0769	115.0769	1.7941	1.7941	1.7941	1.7941	1.7941	-31.0599	-31.0599	-31.0599	-31.0599	-31.0599	622.0619	-95.9925	-95.9925	-95.9925	-95.9925	10.1176	10.1176	10.1176	10.1176	10.1176	10.1176	10.1176	10.1176	10.1176	10.1176	10.1176	10.1176
42.3638	42.3638	42.3638	42.3638	42.3638	42.3638	110.9065	110.9065	110.9065	110.9065	110.9065	1.3620	1.3620	1.3620	1.3620	1.3620	-15.7719	-15.7719	-15.7719	-15.7719	-15.7719	571.1451	-85.7895	-85.7895	-85.7895	-85.7895	7.9928	7.9928	7.9928	7.9928	7.9928	7.9928	7.9928	7.9928	7.9928	7.9928	7.9928	7.9928
38.4301	38.4301	38.4301	38.4301	38.4301	38.4301	106.6180	106.6180	106.6180	106.6180	106.6180	0.9877	0.9877	0.9877	0.9877	0.9877	9.8252	9.8252	9.8252	9.8252	9.8252	529.0619	-77.7261	-77.7261	-77.7261	-77.7261	6.0233	6.0233	6.0233	6.0233	6.0233	6.0233	6.0233	6.0233	6.0233	6.0233	6.0233	6.0233
34.9211	34.9211	34.9211	34.9211	34.9211	34.9211	101.3291	101.3291	101.3291	101.3291	101.3291	0.8578	0.8578	0.8578	0.8578	0.8578	42.2463	42.2463	42.2463	42.2463	42.2463	505.5617	-68.4619	-68.4619	-68.4619	-68.4619	4.1980	4.1980	4.1980	4.1980	4.1980	4.1980	4.1980	4.1980	4.1980	4.1980	4.1980	4.1980
32.1194	32.1194	32.1194	32.1194	32.1194	32.1194	94.6629	94.6629	94.6629	94.6629	94.6629	1.0640	1.0640	1.0640	1.0640	1.0640	69.5005	69.5005	69.5005	69.5005	69.5005	506.7881	-60.1322	-60.1322	-60.1322	-60.1322	2.5065	2.5065	2.5065	2.5065	2.5065	2.5065	2.5065	2.5065	2.5065	2.5065	2.5065	2.5065
29.8722	29.8722	29.8722	29.8722	29.8722	29.8722	87.0971	87.0971	87.0971	87.0971	87.0971	1.6230	1.6230	1.6230	1.6230	1.6230	80.5121	80.5121	80.5121	80.5121	80.5121	519.5035	-58.6757	-58.6757	-58.6757	-58.6757	0.9390	0.9390	0.9390	0.9390	0.9390	0.9390	0.9390	0.9390	0.9390	0.9390	0.9390	0.9390
27.7491	27.7491	27.7491	27.7491	27.7491	27.7491	79.1814	79.1814	79.1814	79.1814	79.1814	2.5170	2.5170	2.5170	2.5170	2.5170	68.3296	68.3296	68.3296	68.3296	68.3296	527.6163	-66.2202	-66.2202	-66.2202	-66.2202	-0.5133	-0.5133	-0.5133	-0.5133	-0.5133	-0.5133	-0.5133	-0.5133	-0.5133	-0.5133	-0.5133	-0.5133
25.5620	25.5620	25.5620	25.5620	25.5620	25.5620	71.8311	71.8311	71.8311	71.8311	71.8311	3.6208	3.6208	3.6208	3.6208	3.6208	40.2743	40.2743	40.2743	40.2743	40.2743	523.0243	-79.7515	-79.7515	-79.7515	-79.7515	-1.8588	-1.8588	-1.8588	-1.8588	-1.8588	-1.8588	-1.8588	-1.8588	-1.8588	-1.8588	-1.8588	-1.8588
23.5400	23.5400	23.5400	23.5400	23.5400	23.5400	65.6333	65.6333	65.6333	65.6333	65.6333	4.7020	4.7020	4.7020	4.7020	4.7020	4.3215	4.3215	4.3215	4.3215	4.3215	507.3549	-98.0529	-98.0529	-98.0529	-98.0529	-3.1051	-3.1051	-3.1051	-3.1051	-3.1051	-3.1051	-3.1051	-3.1051	-3.1051	-3.1051	-3.1051	-3.1051
21.6780	21.6780	21.6780	21.6780	21.6780	21.6780	61.0741	61.0741	61.0741	61.0741	61.0741	5.6580	5.6580	5.6580	5.6580	5.6580	-24.4691	-24.4691	-24.4691	-24.4691	-24.4691	483.9079	-113.7407	-113.7407	-113.7407	-113.7407	-4.2594	-4.2594	-4.2594	-4.2594	-4.2594	-4.2594	-4.2594	-4.2594	-4.2594	-4.2594	-4.2594	-4.2594
19.9721	19.9721	19.9721	19.9721	19.9721	19.9721	57.7603	57.7603	57.7603	57.7603	57.7603	6.4014	6.4014	6.4014	6.4014	6.4014	-35.9448	-35.9448	-35.9448	-35.9448	-35.9448	462.4453	-119.0903	-119.0903	-119.0903	-119.0903	-5.3284	-5.3284	-5.3284	-5.3284	-5.3284	-5.3284	-5.3284	-5.3284	-5.3284	-5.3284	-5.3284	-5.3284
18.3886	18.3886	18.3886	18.3886	18.3886	18.3886	54.8985	54.8985	54.8985	54.8985	54.8985	6.7899	6.7899	6.7899	6.7899	6.7899	-22.2972	-22.2972	-22.2972	-22.2972	-22.2972	455.9169	-109.6318	-109.6318	-109.6318	-109.6318	-6.3183	-6.3183	-6.3183	-6.3183	-6.3183	-6.3183	-6.3183	-6.3183	-6.3183	-6.3183	-6.3183	-6.3183
16.9477	16.9477	16.9477	16.9477	16.9477	16.9477	51.8988	51.8988	51.8988	51.8988	51.8988	6.7808	6.7808	6.7808	6.7808	6.7808	8.5767	8.5767	8.5767	8.5767	8.5767	459.9327	-90.3188	-90.3188	-90.3188	-90.3188	-7.2347	-7.2347	-7.2347	-7.2347	-7.2347	-7.2347	-7.2347	-7.2347	-7.2347	-7.2347	-7.2347	-7.2347
15.6999	15.6999	15.6999	15.6999	15.6999	15.6999	48.8468	48.8468	48.8468	48.8468	48.8468	6.4308	6.4308	6.4308	6.4308	6.4308	46.6928	46.6928	46.6928	46.6928	46.6928	462.5796	-65.1344	-65.1344	-65.1344	-65.1344	-8.0829	-8.0829	-8.0829	-8.0829	-8.0829	-8.0829	-8.0829	-8.0829	-8.0829	-8.0829	-8.0829	-8.0829
14.6603	14.6603	14.6603	14.6603	14.6603	14.6603	45.5459	45.5459	45.5459	45.5459	45.5459	5.7633	5.7633	5.7633	5.7633	5.7633	76.7027	76.7027	76.7027	76.7027	76.7027	451.0707	-45.2322	-45.2322	-45.2322	-45.2322	-8.8679	-8.8679	-8.8679	-8.8679	-8.8679	-8.8679	-8.8679	-8.8679	-8.8679	-8.8679	-8.8679	-8.8679
13.7871	13.7871	13.7871	13.7871	13.7871	13.7871	42.1005	42.1005	42.1005	42.1005	42.1005	4.8419	4.8419	4.8419	4.8419	4.8419	90.0757	90.0757	90.0757	90.0757	90.0757	419.0793	-39.9805	-39.9805	-39.9805	-39.9805	-9.5943	-9.5943	-9.5943	-9.5943	-9.5943	-9.5943	-9.5943	-9.5943	-9.5943	-9.5943	-9.5943	-9.5943
13.0375	13.0375	13.0375	13.0375	13.0375	13.0375	38.8232	38.8232	38.8232	38.8232	38.8232	3.7826	3.7826	3.7826	3.7826	3.7826	79.2397	79.2397	79.2397	79.2397	79.2397	363.2544	-55.5375	-55.5375	-55.5375	-55.5375	-10.2663	-10.2663	-10.2663	-10.2663	-10.2663	-10.2663	-10.2663	-10.2663	-10.2663	-10.2663	-10.2663	-10.2663
12.3379	12.3379	12.3379	12.3379	12.3379	12.3379	35.8303	35.8303	35.8303	35.8303	35.8303	2.7056	2.7056	2.7056	2.7056	2.7056	51.3721	51.3721	51.3721	51.3721	51.3721	296.3287	-85.0949	-85.0949	-85.0949	-85.0949	-10.8878	-10.8878	-10.8878	-10.8878	-10.8878	-10.8878	-10.8878	-10.8878	-10.8878	-10.8878	-10.8878	-10.8878
11.6326	11.6326	11.6326	11.6326	11.6326	11.6326	32.9328	32.9328	32.9328	32.9328	32.9328	1.7349	1.7349	1.7349	1.7349	1.7349	17.4260	17.4260	17.4260	17.4260	17.4260	231.5305	-120.2068	-120.2068	-120.2068	-120.2068	-11.4625	-11.4625	-11.4625	-11.4625	-11.4625	-11.4625	-11.4625	-11.4625	-11.4625	-11.4625	-11.4625	-11.4625
10.8771	10.8771	10.8771	10.8771	10.8771	10.8771	30.1230	30.1230	30.1230	30.1230	30.1230	0.9380	0.9380	0.9380	0.9380	0.9380	-9.8358	-9.8358	-9.8358	-9.8358	-9.8358	185.3697	-147.8467	-147.8467	-147.8467	-147.8467	-11.9938	-11.9938	-11.9938	-11.9938	-11.9938	-11.9938	-11.9938	-11.9938	-11.9938	-11.9938	-11.9938	-11.9938
10.0919	10.0919	10.0919	10.0919	10.0919	10.0919	27.4220	27.4220	27.4220	27.4220	27.4220	0.3448	0.3448	0.3448	0.3448	0.3448	-25.9358	-25.9358	-25.9358	-25.9358	-25.9358	162.8423	-160.5277	-160.5277	-160.5277	-160.5277	-12.4848	-12.4848	-12.4848	-12.4848	-12.4848	-12.4848	-12.4848	-12.4848	-12.4848	-12.4848	-12.4848	-12.4848
9.3459	9.3459	9.3459	9.3459	9.3459	9.3459	24.8283	24.8283	24.8283	24.8283	24.8283	-0.0750	-0.0750	-0.0750	-0.0750	-0.0750	-25.1449	-25.1449	-25.1449	-25.1449	-25.1449	162.8186	-151.6563	-151.6563	-151.6563	-151.6563	-12.9385	-12.9385	-12.9385	-12.9385	-12.9385	-12.9385	-12.9385	-12.9385	-12.9385	-12.9385	-12.9385	-12.9385
8.6598	8.6598	8.6598	8.6598	8.6598	8.6598	22.3976	22.3976	22.3976	22.3976	22.3976	-0.3857	-0.3857	-0.3857	-0.3857	-0.3857	-12.2236	-12.2236	-12.2236	-12.2236	-12.2236	177.6845	-126.9741	-126.9741	-126.9741	-126.9741	-13.3576	-13.3576	-13.3576	-13.3576	-13.3576	-13.3576	-13.3576	-13.3576	-13.3576	-13.3576	-13.3576	-13.3576
7.9846	7.9846	7.9846	7.9846	7.9846	7.9846	20.2007	20.2007	20.2007	20.2007	20.2007	-0.6855	-0.6855	-0.6855	-0.6855	-0.6855	4.5078	4.5078	4.5078	4.5078	4.5078	201.0625	-98.1828	-98.1828	-98.1828	-98.1828	-13.7446	-13.7446	-13.7446	-13.7446	-13.7446	-13.7446	-13.7446	-13.7446	-13.7446	-13.7446	-13.7446	-13.7446
7.3147	7.3147	7.3147	7.3147	7.3147	7.3147	18.2748	18.2748	18.2748	18.2748	18.2748	-0.9824	-0.9824	-0.9824	-0.9824	-0.9824	16.9972	16.9972	16.9972	16.9972	16.9972	225.1466	-73.5160	-73.5160	-73.5160	-73.5160	-14.1017	-14.1017	-14.1017	-14.1017	-14.1017	-14.1017	-14.1017	-14.1017	-14.1017	-14.1017	-14.1017	-14.1017
6.6567	6.6567	6.6567	6.6567	6.6567	6.6567	16.5809	16.5809	16.5809	16.5809	16.5809	-1.2652	-1.2652	-1.2652	-1.2652	-1.2652	23.9927	23.9927	23.9927	23.9927	23.9927	249.3567	-51.3722	-51.3722	-51.3722	-51.3722	-14.4313	-14.4313	-14.4313	-14.4313	-14.4313	-14.4313	-14.4313	-14.4313	-14.4313	-14.4313	-14.4313	-14.4313
6.0325	6.0325	6.0325	6.0325	6.0325	6.0325	15.0492	15.0492	15.0492	15.0492	15.0492	-1.4475	-1.4475	-1.4475	-1.4475	-1.4475	22.3148	22.3148	22.3148	22.3148	22.3148	273.2979	-34.5172	-34.5172	-34.5172	-34.5172	-14.7353	-14.7353	-14.7353	-14.7353	-14.7353	-14.7353	-14.7353	-14.7353	-14.7353	-14.7353	-14.7353	-14.7353
5.4436	5.4436	5.4436	5.4436	5.4436	5.4436	13.6200	13.6200	13.6200	13.6200	13.6200	-1.4678	-1.4678	-1.4678	-1.4678	-1.4678	14.6234	14.6234	14.6234	14.6234	14.6234	290.5559	-22.1339	-22.1339	-22.1339	-22.1339	-15.0155	-15.0155	-15.0155	-15.0155	-15.0155	-15.0155	-15.0155	-15.0155	-15.0155	-15.0155	-15.0155	-15.0155
4.9105	4.9105	4.9105	4.9105	4.8717	4.8717	12.2877	12.2877	12.2877	12.2877	12.2877	-1.2895	-1.2895	-1.2895	-1.2895	-1.2895	4.8057	4.8057	4.8057	4.8057	4.8057	294.7812	-9.3911	-9.3911	-9.3911	-9.3911	-15.2738	-15.2738	-15.2738	-15.2738	-15.2738	-15.2738	-15.2738	-15.2738	-15.2738	-15.2738	-15.2738	-15.2738
4.3696	4.3696	4.3696	4.3696	4.3141	4.3141	11.0274	11.0274	11.0274	11.0274	11.0274	-0.9291	-0.9291	-0.9291	-0.9291	-0.9291	-2.0592	-2.0592	-2.0592	-2.0592	-2.0592	280.5265	3.4772	3.4772	3.4772	3.4772	-15.5116	-15.5116	-15.5116	-15.5116	-15.5116	-15.5116	-15.5116	-15.5116	-15.5116	-15.5116	-15.5116	-15.5116
3.8221	3.8221	3.8221	3.8221	3.7827	3.7827	9.8488	9.8488	9.8488	9.8488	9.8488	-0.4362	-0.4362	-0.4362	-0.4362	-0.4362	-3.8948	-3.8948	-3.8948	-3.8948	-3.8948	248.6462	11.0131	11.0131	11.0131	11.0131	-15.7306	-15.7306	-15.7306	-15.7306	-15.7306	-15.7306	-15.7306	-15.7306	-15.7306	-15.7306	-15.7306	-15.7306
3.2748	3.2748	3.2748	3.2748	3.2593	3.2593	8.7636	8.7636	8.7636	8.7636	8.7636	0.0551	0.0551	0.0551	0.0551	0.0551	1.5538	1.5538	1.5538	1.5538	1.5538	202.8224	11.7326	11.7326	11.7326	11.7326	-15.9320	-15.9320	-15.9320	-15.9320	-15.9320	-15.9320	-15.9320	-15.9320	-15.9320	-15.9320	-15.9320	-15.9320
2.7886	2.7886	2.7886	2.7886	2.7874	2.7874	7.7994	7.7994	7.7994	7.7994	7.7994	0.4348	0.4348	0.4348	0.4348	0.4348	11.8935	11.8935	11.8935	11.8935	11.8935	158.6193	7.3370	7.3370	7.3370	7.3370	-16.1172	-16.1172	-16.1172	-16.1172	-16.1172	-16.1172	-16.1172	-16.1172	-16.1172	-16.1172	-16.1172	-16.1172
2.4292	2.4292	2.4292	2.4292	2.4375	2.4375	6.9712	6.9712	6.9712	6.9712	6.9712	0.6176	0.6176	0.6176	0.6176	0.6176	24.3138	24.3138	24.3138	24.3138	24.3138	130.9427	1.0963	1.0963	1.0963	1.0963	-16.2874	-16.2874	-16.2874	-16.2874	-16.2874	-16.2874	-16.2874	-16.2874	-16.2874	-16.2874	-16.2874	-16.2874
2.2334	2.2334	2.2334	2.2334	2.2412	2.2412	6.2892	6.2892	6.2892	6.2892	6.2892	0.5811	0.5811	0.5811	0.5811	0.5811	34.0607	34.0607	34.0607	34.0607	34.0607	129.8740	-4.6675	-4.6675	-4.6675	-4.6675	-16.4436	-16.4436	-16.4436	-16.4436	-16.4436	-16.4436	-16.4436	-16.4436	-16.4436	-16.4436	-16.4436	-16.4436
2.1569	2.1569	2.1569	2.1569	2.1574	2.1574	5.7271	5.7271	5.7271	5.7271	5.7271	0.3492	0.3492	0.3492	0.3492	0.3492	38.1900	38.1900	38.1900	38.1900	38.1900	147.1422	-10.2025	-10.2025	-10.2025	-10.2025	-16.5869	-16.5869	-16.5869	-16.5869	-16.5869	-16.5869	-16.5869	-16.5869	-16.5869	-16.5869	-16.5869	-16.5869
2.1467	2.1467	2.1467	2.1467	2.1392	2.1392	5.2554	5.2554	5.2554	5.2554	5.2554	0.0302	0.0302	0.0302	0.0302	0.0302	34.2787	34.2787	34.2787	34.2787	34.2787	172.7264	-14.5944	-14.5944	-14.5944	-14.5944	-16.7183	-16.7183	-16.7183	-16.7183	-16.7183	-16.7183	-16.7183	-16.7183	-16.7183	-16.7183	-16.7183	-16.7183
2.1185	2.1185	2.1185	2.1185	2.1083	2.1083	4.8295	4.8295	4.8295	4.8295	4.8295	-0.2585	-0.2585	-0.2585	-0.2585	-0.2585	24.6397	24.6397	24.6397	24.6397	24.6397	191.7949	-17.7995	-17.7995	-17.7995	-17.7995	-16.8386	-16.8386	-16.8386	-16.8386	-16.8386	-16.8386	-16.8386	-16.8386	-16.8386	-16.8386	-16.8386	-16.8386
2.0209	2.0209	2.0209	2.0209	2.0138	2.0138	4.4192	4.4192	4.4192	4.4192	4.4192	-0.3907	-0.3907	-0.3907	-0.3907	-0.3907	13.0639	13.0639	13.0639	13.0639	13.0639	194.8587	-22.1287	-22.1287	-22.1287	-22.1287	-16.9486	-16.9486	-16.9486	-16.9486	-16.9486	-16.9486	-16.9486	-16.9486	-16.9486	-16.9486	-16.9486	-16.9486
1.8098	1.8098	1.8098	1.8098	1.8139	1.8139	3.9981	3.9981	3.9981	3.9981	3.9981	-0.3322	-0.3322	-0.3322	-0.3322	-0.3322	3.4511	3.4511	3.4511	3.4511	3.4511	176.1070	-26.2105	-26.2105	-26.2105	-26.2105	-17.0491	-17.0491	-17.0491	-17.0491	-17.0491	-17.0491	-17.0491	-17.0491	-17.0491	-17.0491	-17.0491	-17.0491
1.5213	1.5213	1.5213	1.5213	1.5420	1.5420	3.5769	3.5769	3.5769	3.5769	3.5769	-0.0902	-0.0902	-0.0902	-0.0902	-0.0902	-3.2347	-3.2347	-3.2347	-3.2347	-3.2347	145.7388	-25.9738	-25.9738	-25.9738	-25.9738	-17.1409	-17.1409	-17.1409	-17.1409	-17.1409	-17.1409	-17.1409	-17.1409	-17.1409	-17.1409	-17.1409	-17.1409
1.2188	1.2188	1.2188	1.2188	1.2569	1.2569	3.1783	3.1783	3.1783	3.1783	3.1783	0.2758	0.2758	0.2758	0.2758	0.2758	-5.3130	-5.3130	-5.3130	-5.3130	-5.3130	115.8784	-19.9477	-19.9477	-19.9477	-19.9477	-17.2245	-17.2245	-17.2245	-17.2245	-17.2245	-17.2245	-17.2245	-17.2245	-17.2245	-17.2245	-17.2245	-17.2245
0.9558	0.9558	0.9558	0.9558	1.0083	1.0083	2.8210	2.8210	2.8210	2.8210	2.8210	0.7194	0.7194	0.7194	0.7194	0.7194	-3.9793	-3.9793	-3.9793	-3.9793	-3.9793	93.7251	-9.9888	-9.9888	-9.9888	-9.9888	-17.3006	-17.3006	-17.3006	-17.3006	-17.3006	-17.3006	-17.3006	-17.3006	-17.3006	-17.3006	-17.3006	-17.3006
0.7635	0.7635	0.7635	0.7635	0.8251	0.8251	2.5133	2.5133	2.5133	2.5133	2.5133	1.1495	1.1495	1.1495	1.1495	1.1495	-1.4070	-1.4070	-1.4070	-1.4070	-1.4070	81.6205	0.9153	0.9153	0.9153	0.9153	-17.3697	-17.3697	-17.3697	-17.3697	-17.3697	-17.3697	-17.3697	-17.3697	-17.3697	-17.3697	-17.3697	-17.3697
0.6477	0.6477	0.6477	0.6477	0.7120	0.7120	2.2515	2.2515	2.2515	2.2515	2.2515	1.4741	1.4741	1.4741	1.4741	1.4741	0.5754	0.5754	0.5754	0.5754	0.5754	78.0460	10.1757	10.1757	10.1757	10.1757	-17.4323	-17.4323	-17.4323	-17.4323	-17.4323	-17.4323	-17.4323	-17.4323	-17.4323	-17.4323	-17.4323	-17.4323
0.5900	0.5900	0.5900	0.5900	0.6511	0.6511	2.0212	2.0212	2.0212	2.0212	2.0212	1.6320	1.6320	1.6320	1.6320	1.6320	0.9450	0.9450	0.9450	0.9450	0.9450	78.4217	16.1356	16.1356	16.1356	16.1356	-17.4890	-17.4890	-17.4890	-17.4890	-17.4890	-17.4890	-17.4890	-17.4890	-17.4890	-17.4890	-17.4890	-17.4890
0.5640	0.5640	0.5640	0.5640	0.6172	0.6172	1.8042	1.8042	1.8042	1.8042	1.8042	1.6034	1.6034	1.6034	1.6034	1.6034	-0.4009	-0.4009	-0.4009	-0.4009	-0.4009	77.9018	18.2031	18.2031	18.2031	18.2031	-17.5402	-17.5402	-17.5402	-17.5402	-17.5402	-17.5402	-17.5402	-17.5402	-17.5402	-17.5402	-17.5402	-17.5402
0.5754	0.5754	0.5754	0.5754	0.6172	0.6172	1.5799	1.5799	1.5799	1.5799	1.5799	1.3662	1.3662	1.3662	1.3662	1.3662	-2.7021	-2.7021	-2.7021	-2.7021	-2.7021	71.8399	16.7843	16.7843	16.7843	16.7843	-17.5863	-17.5863	-17.5863	-17.5863	-17.5863	-17.5863	-17.5863	-17.5863	-17.5863	-17.5863	-17.5863	-17.5863
0.5125	0.5125	0.5125	0.5125	0.5410	0.5410	1.3273	1.3273	1.3273	1.3273	1.3273	0.9112	0.9112	0.9112	0.9112	0.9112	-4.9106	-4.9106	-4.9106	-4.9106	-4.9106	55.6564	12.6181	12.6181	12.6181	12.6181	-17.6277	-17.6277	-17.6277	-17.6277	-17.6277	-17.6277	-17.6277	-17.6277	-17.6277	-17.6277	-17.6277	-17.6277
0.3874	0.3874	0.3874	0.3874	0.4017	0.4017	1.0259	1.0259	1.0259	1.0259	1.0259	0.2385	0.2385	0.2385	0.2385	0.2385	-5.8060	-5.8060	-5.8060	-5.8060	-5.8060	25.2374	6.6432	6.6432	6.6432	6.6432	-17.6648	-17.6648	-17.6648	-17.6648	-17.6648	-17.6648	-17.6648	-17.6648	-17.6648	-17.6648	-17.6648	-17.6648
0.1689	0.1689	0.1689	0.1689	0.1697	0.1697	0.6553	0.6553	0.6553	0.6553	0.6553	-0.6520	-0.6520	-0.6520	-0.6520	-0.6520	-4.1104	-4.1104	-4.1104	-4.1104	-4.1104	-0.7266	-0.1351	-0.1351	-0.1351	-0.1351	-17.6978	-17.6978	-17.6978	-17.6978	-17.6978	-17.6978	-17.6978	-17.6978	-17.6978	-17.6978	-17.6978	-17.6978
0.7503	0.7503	0.7503	0.7503	0.7966	0.7966	2.1309	2.1309	2.1309	2.1309	2.1309	1.1557	1.1557	1.1557	1.1557	1.1557	1.3966	1.3966	1.3966	1.3966	1.3966	-5.8914	-6.7784	-6.7784	-6.7784	-6.7784	0.0000	0.0000	0.0000	0.0000	0.0000	0.0000	0.0000	0.0000	0.0000	0.0000	0.0000	0.0000
Female migration
145.0303	144.2630	139.4875	133.9052	127.3162	204.4622	180.7973	179.9210	173.6139	422.9404	598.7594	-30.4910	-30.4910	-30.4910	-30.4910	-30.4910	184.2434	184.2434	184.2434	184.2434	184.2434	3117.6772	248.6751	248.6751	248.6751	248.6751	-24.9389	-24.9389	-24.9389	-24.9389	-24.9389	-24.9389	-24.9389	-24.9389	-24.9389	-24.9389	-24.9389	-24.9389
58.1721	158.0903	157.3230	152.5475	146.9652	212.6278	206.8091	189.0787	188.2023	181.8953	431.2217	-287.9992	-30.8035	-30.8035	-30.8035	-30.8035	211.0990	211.0990	211.0990	211.0990	211.0990	2598.6988	-113.7843	-113.7843	-113.7843	-113.7843	-24.5854	-24.5854	-24.5854	-24.5854	-24.5854	-24.5854	-24.5854	-24.5854	-24.5854	-24.5854	-24.5854	-24.5854
68.5792	68.5681	168.4863	167.7189	162.9435	230.8165	212.4405	216.0098	198.2794	197.4031	191.0960	-273.9349	-292.6737	-31.3077	-31.3077	-31.3077	237.9545	237.9545	237.9545	237.9545	237.9545	2131.6149	-476.2438	-476.2438	-476.2438	-476.2438	-24.2371	-24.2371	-24.2371	-24.2371	-24.2371	-24.2371	-24.2371	-24.2371	-24.2371	-24.2371	-24.2371	-24.2371
76.5413	76.5413	76.5302	176.4484	175.6811	247.1940	228.2885	221.6995	225.2688	207.5384	206.6621	-139.8688	-278.1350	-296.8737	-32.0038	-32.0038	277.4865	277.4865	277.4865	277.4865	277.4865	2086.0553	-455.8950	-455.8950	-455.8950	-455.8950	-23.8939	-23.8939	-23.8939	-23.8939	-23.8939	-23.8939	-23.8939	-23.8939	-23.8939	-23.8939	-23.8939	-23.8939
82.2997	82.2997	82.2997	82.2886	182.2068	261.2905	242.3270	236.7447	230.1557	233.7250	215.9946	-105.5827	-143.5944	-281.8606	-300.5993	-32.8917	306.5605	306.5605	306.5605	306.5605	306.5605	2064.9016	-436.6779	-436.6779	-436.6779	-436.6779	-23.5559	-23.5559	-23.5559	-23.5559	-23.5559	-23.5559	-23.5559	-23.5559	-23.5559	-23.5559	-23.5559	-23.5559
86.0846	86.0846	86.0846	86.0846	86.0735	269.1819	253.8337	249.0582	243.4759	236.8869	240.4562	-65.3154	-108.8165	-146.8282	-285.0944	-303.8331	325.9245	325.9245	325.9245	325.9245	325.9245	2052.8909	-420.0346	-420.0346	-420.0346	-420.0346	-23.2228	-23.2228	-23.2228	-23.2228	-23.2228	-23.2228	-23.2228	-23.2228	-23.2228	-23.2228	-23.2228	-23.2228
88.1261	88.1261	88.1261	88.1261	88.1261	173.5213	258.7462	257.9788	253.2034	247.6211	241.0321	-40.2424	-68.0355	-111.5365	-149.5483	-287.8145	336.3263	336.3263	336.3263	336.3263	336.3263	2035.4026	-407.4071	-407.4071	-407.4071	-407.4071	-22.8947	-22.8947	-22.8947	-22.8947	-22.8947	-22.8947	-22.8947	-22.8947	-22.8947	-22.8947	-22.8947	-22.8947
88.6541	88.6541	88.6541	88.6541	88.6541	174.4142	159.7091	259.6272	258.8599	254.0845	248.5022	-15.5393	-42.5118	-70.3048	-113.8059	-151.8176	338.4970	338.4970	338.4970	338.4970	338.4970	1999.6113	-400.3694	-400.3694	-400.3694	-400.3694	-22.5714	-22.5714	-22.5714	-22.5714	-22.5714	-22.5714	-22.5714	-22.5714	-22.5714	-22.5714	-22.5714	-22.5714
87.8986	87.8986	87.8986	87.8986	87.8986	171.6783	156.9642	156.9531	256.8713	256.1040	251.3285	-3.9339	-17.3218	-44.2943	-72.0873	-115.5884	333.1846	333.1846	333.1846	333.1846	333.1846	1936.0354	-400.3634	-400.3634	-400.3634	-400.3634	-22.2529	-22.2529	-22.2529	-22.2529	-22.2529	-22.2529	-22.2529	-22.2529	-22.2529	-22.2529	-22.2529	-22.2529
86.0886	86.0886	86.0886	86.0886	86.0886	165.8844	151.1138	151.1138	151.1027	251.0209	250.2536	6.4765	-5.2565	-18.6444	-45.6168	-73.4099	321.1874	321.1874	321.1874	321.1874	321.1874	1845.2237	-408.4362	-408.4362	-408.4362	-408.4362	-21.9392	-21.9392	-21.9392	-21.9392	-21.9392	-21.9392	-21.9392	-21.9392	-21.9392	-21.9392	-21.9392	-21.9392
83.4526	83.4526	83.4526	83.4526	83.4526	158.4473	143.6880	143.6880	143.6880	143.6769	243.5951	13.7205	5.5443	-6.1887	-19.5766	-46.5490	303.3879	303.3879	303.3879	303.3879	303.3879	1738.6615	-424.9762	-424.9762	-424.9762	-424.9762	-21.6301	-21.6301	-21.6301	-21.6301	-21.6301	-21.6301	-21.6301	-21.6301	-21.6301	-21.6301	-21.6301	-21.6301
80.2183	80.2183	80.2183	80.2183	80.2183	151.5297	137.0602	137.0602	137.0602	137.0602	137.0602	32.6867	13.0113	4.8352	-6.8978	-20.2857	280.9205	280.9205	280.9205	280.9205	280.9205	1638.8028	-448.3957	-448.3957	-448.3957	-448.3957	-21.3255	-21.3255	-21.3255	-21.3255	-21.3255	-21.3255	-21.3255	-21.3255	-21.3255	-21.3255	-21.3255	-21.3255
76.6133	76.6133	76.6133	76.6133	76.6133	147.6154	133.9699	133.9699	133.9699	133.9699	133.9699	-3.3087	31.9009	12.2255	4.0494	-7.6836	255.1888	255.1888	255.1888	255.1888	255.1888	1574.0634	-474.9998	-474.9998	-474.9998	-474.9998	-21.0255	-21.0255	-21.0255	-21.0255	-21.0255	-21.0255	-21.0255	-21.0255	-21.0255	-21.0255	-21.0255	-21.0255
72.8658	72.8658	72.8658	72.8658	72.8658	148.2793	136.1193	136.1193	136.1193	136.1193	136.1193	-4.6601	-4.6601	30.5495	10.8741	2.6980	227.8320	227.8320	227.8320	227.8320	227.8320	1563.7831	-499.2494	-499.2494	-499.2494	-499.2494	-20.7299	-20.7299	-20.7299	-20.7299	-20.7299	-20.7299	-20.7299	-20.7299	-20.7299	-20.7299	-20.7299	-20.7299
69.2063	69.2063	69.2063	69.2063	69.2063	152.4244	142.1591	142.1591	142.1591	142.1591	142.1591	-7.1527	-7.1527	-7.1527	28.0569	8.3816	200.5897	200.5897	200.5897	200.5897	200.5897	1595.9739	-514.8150	-514.8150	-514.8150	-514.8150	-20.4387	-20.4387	-20.4387	-20.4387	-20.4387	-20.4387	-20.4387	-20.4387	-20.4387	-20.4387	-20.4387	-20.4387
65.3579	65.3579	65.3579	65.3579	65.3579	157.2243	148.9894	148.9894	148.9894	148.9894	148.9894	-12.8869	-12.8869	-12.8869	-12.8869	22.3227	174.9161	174.9161	174.9161	174.9161	174.9161	1660.5570	-517.6065	-517.6065	-517.6065	-517.6065	-20.1488	-20.1488	-20.1488	-20.1488	-20.1488	-20.1488	-20.1488	-20.1488	-20.1488	-20.1488	-20.1488	-20.1488
61.9471	61.9471	61.9471	61.9471	61.9471	161.3831	154.8592	154.8592	154.8592	154.8592	154.8592	-22.8125	-22.8125	-22.8125	-22.8125	-22.8125	151.4245	151.4245	151.4245	151.4245	151.4245	1714.9356	-510.1197	-510.1197	-510.1197	-510.1197	-4.0994	-4.0994	-4.0994	-4.0994	-4.0994	-4.0994	-4.0994	-4.0994	-4.0994	-4.0994	-4.0994	-4.0994
60.1259	60.1259	60.1259	60.1259	60.1259	166.1902	160.7372	160.7372	160.7372	160.7372	160.7372	-36.7282	-36.7282	-36.7282	-36.7282	-36.7282	126.8118	126.8118	126.8118	126.8118	126.8118	1715.6064	-500.9713	-500.9713	-500.9713	-500.9713	93.6419	93.6419	93.6419	93.6419	93.6419	93.6419	93.6419	93.6419	93.6419	93.6419	93.6419	93.6419
60.4447	60.4447	60.4447	60.4447	60.4447	171.4692	166.1838	166.1838	166.1838	166.1838	166.1838	-53.9312	-53.9312	-53.9312	-53.9312	-53.9312	104.2519	104.2519	104.2519	104.2519	104.2519	1638.0775	-491.7018	-491.7018	-491.7018	-491.7018	161.8440	161.8440	161.8440	161.8440	161.8440	161.8440	161.8440	161.8440	161.8440	161.8440	161.8440	161.8440
62.5111	62.5111	62.5111	62.5111	62.5111	177.0081	171.1348	171.1348	171.1348	171.1348	171.1348	-72.9923	-72.9923	-72.9923	-72.9923	-72.9923	91.2294	91.2294	91.2294	91.2294	91.2294	1511.9034	-475.5529	-475.5529	-475.5529	-475.5529	172.6350	172.6350	172.6350	172.6350	172.6350	172.6350	172.6350	172.6350	172.6350	172.6350	172.6350	172.6350
64.7153	64.7153	64.7153	64.7153	64.7153	182.5595	176.0816	176.0816	176.0816	176.0816	176.0816	-90.8963	-90.8963	-90.8963	-90.8963	-90.8963	90.7708	90.7708	90.7708	90.7708	90.7708	1374.0411	-451.5814	-451.5814	-451.5814	-451.5814	164.7923	164.7923	164.7923	164.7923	164.7923	164.7923	164.7923	164.7923	164.7923	164.7923	164.7923	164.7923
67.0674	67.0674	67.0674	67.0674	67.0674	187.9181	180.7441	180.7441	180.7441	180.7441	180.7441	-105.1133	-105.1133	-105.1133	-105.1133	-105.1133	99.6460	99.6460	99.6460	99.6460	99.6460	1260.8533	-422.3730	-422.3730	-422.3730	-422.3730	153.0265	153.0265	153.0265	153.0265	153.0265	153.0265	153.0265	153.0265	153.0265	153.0265	153.0265	153.0265
71.1194	71.1194	71.1194	71.1194	71.1194	192.9260	184.1547	184.1547	184.1547	184.1547	184.1547	-113.5992	-113.5992	-113.5992	-113.5992	-113.5992	111.6476	111.6476	111.6476	111.6476	111.6476	1182.7480	-389.2063	-389.2063	-389.2063	-389.2063	141.0515	141.0515	141.0515	141.0515	141.0515	141.0515	141.0515	141.0515	141.0515	141.0515	141.0515	141.0515
77.1862	77.1862	77.1862	77.1862	77.1862	197.3909	185.9227	185.9227	185.9227	185.9227	185.9227	-115.4644	-115.4644	-115.4644	-115.4644	-115.4644	122.2461	122.2461	122.2461	122.2461	122.2461	1151.4383	-357.7228	-357.7228	-357.7228	-357.7228	129.6876	129.6876	129.6876	129.6876	129.6876	129.6876	129.6876	129.6876	129.6876	129.6876	129.6876	129.6876
84.4452	84.4452	84.4452	84.4452	84.4452	201.0977	186.2422	186.2422	186.2422	186.2422	186.2422	-110.8153	-110.8153	-110.8153	-110.8153	-110.8153	131.8534	131.8534	131.8534	131.8534	131.8534	1148.5844	-333.8741	-333.8741	-333.8741	-333.8741	119.0766	119.0766	119.0766	119.0766	119.0766	119.0766	119.0766	119.0766	119.0766	119.0766	119.0766	119.0766
92.4015	92.4015	92.4015	92.4015	92.4015	204.5624	185.8980	185.8980	185.8980	185.8980	185.8980	-100.4288	-100.4288	-100.4288	-100.4288	-100.4288	138.7198	138.7198	138.7198	138.7198	138.7198	1142.5710	-321.2912	-321.2912	-321.2912	-321.2912	109.2079	109.2079	109.2079	109.2079	109.2079	109.2079	109.2079	109.2079	109.2079	109.2079	109.2079	109.2079
99.3202	99.3202	99.3202	99.3202	99.3202	206.9880	184.9630	184.9630	184.9630	184.9630	184.9630	-86.2278	-86.2278	-86.2278	-86.2278	-86.2278	142.9978	142.9978	142.9978	142.9978	142.9978	1118.9271	-317.0018	-317.0018	-317.0018	-317.0018	100.0390	100.0390	100.0390	100.0390	100.0390	100.0390	100.0390	100.0390	100.0390	100.0390	100.0390	100.0390
103.4632	103.4632	103.4632	103.4632	103.4632	206.8260	182.7242	182.7242	182.7242	182.7242	182.7242	-71.2814	-71.2814	-71.2814	-71.2814	-71.2814	147.2425	147.2425	147.2425	147.2425	147.2425	1091.1599	-315.0412	-315.0412	-315.0412	-315.0412	91.5231	91.5231	91.5231	91.5231	91.5231	91.5231	91.5231	91.5231	91.5231	91.5231	91.5231	91.5231
103.7299	103.7299	103.7299	103.7299	103.7299	203.3995	179.0408	179.0408	179.0408	179.0408	179.0408	-56.9691	-56.9691	-56.9691	-56.9691	-56.9691	150.8362	150.8362	150.8362	150.8362	150.8362	1059.2879	-310.9491	-310.9491	-310.9491	-310.9491	83.6148	83.6148	83.6148	83.6148	83.6148	83.6148	83.6148	83.6148	83.6148	83.6148	83.6148	83.6148
100.9750	100.9750	100.9750	100.9750	100.9750	197.4128	174.1723	174.1723	174.1723	174.1723	174.1723	-44.3115	-44.3115	-44.3115	-44.3115	-44.3115	150.1064	150.1064	150.1064	150.1064	150.1064	1024.6405	-305.3251	-305.3251	-305.3251	-305.3251	76.2716	76.2716	76.2716	76.2716	76.2716	76.2716	76.2716	76.2716	76.2716	76.2716	76.2716	76.2716
97.3297	97.3297	97.3297	97.3297	97.3297	190.3708	168.7041	168.7041	168.7041	168.7041	168.7041	-34.1538	-34.1538	-34.1538	-34.1538	-34.1538	143.8123	143.8123	143.8123	143.8123	143.8123	997.0887	-296.6649	-296.6649	-296.6649	-296.6649	69.4539	69.4539	69.4539	69.4539	69.4539	69.4539	69.4539	69.4539	69.4539	69.4539	69.4539	69.4539
93.7858	93.7858	93.7858	93.7858	93.7858	183.1530	162.8737	162.8737	162.8737	162.8737	162.8737	-26.4421	-26.4421	-26.4421	-26.4421	-26.4421	132.9086	132.9086	132.9086	132.9086	132.9086	976.4535	-285.7496	-285.7496	-285.7496	-285.7496	63.1249	63.1249	63.1249	63.1249	63.1249	63.1249	63.1249	63.1249	63.1249	63.1249	63.1249	63.1249
89.4315	89.4315	89.4315	89.4315	89.4315	175.3994	156.4623	156.4623	156.4623	156.4623	156.4623	-20.2233	-20.2233	-20.2233	-20.2233	-20.2233	123.1246	123.1246	123.1246	123.1246	123.1246	952.8170	-274.5346	-274.5346	-274.5346	-274.5346	57.2502	57.2502	57.2502	57.2502	57.2502	57.2502	57.2502	57.2502	57.2502	57.2502	57.2502	57.2502
84.4409	84.4409	84.4409	84.4409	84.4409	167.3972	149.5497	149.5497	149.5497	149.5497	149.5497	-15.5188	-15.5188	-15.5188	-15.5188	-15.5188	112.9695	112.9695	112.9695	112.9695	112.9695	923.2677	-264.2073	-264.2073	-264.2073	-264.2073	51.7979	51.7979	51.7979	51.7979	51.7979	51.7979	51.7979	51.7979	51.7979	51.7979	51.7979	51.7979
79.0346	79.0346	79.0346	79.0346	79.0346	159.2791	142.3441	142.3441	142.3441	142.3441	142.3441	-12.2094	-12.2094	-12.2094	-12.2094	-12.2094	95.3506	95.3506	95.3506	95.3506	95.3506	891.1627	-254.0596	-254.0596	-254.0596	-254.0596	46.7384	46.7384	46.7384	46.7384	46.7384	46.7384	46.7384	46.7384	46.7384	46.7384	46.7384	46.7384
72.9093	72.9093	72.9093	72.9093	72.9093	150.3687	134.4086	134.4086	134.4086	134.4086	134.4086	-10.0423	-10.0423	-10.0423	-10.0423	-10.0423	68.3545	68.3545	68.3545	68.3545	68.3545	857.8006	-244.2765	-244.2765	-244.2765	-244.2765	42.0440	42.0440	42.0440	42.0440	42.0440	42.0440	42.0440	42.0440	42.0440	42.0440	42.0440	42.0440
66.7196	66.7196	66.7196	66.7196	66.7196	141.3392	126.5276	126.5276	126.5276	126.5276	126.5276	-8.6733	-8.6733	-8.6733	-8.6733	-8.6733	36.3079	36.3079	36.3079	36.3079	36.3079	829.6103	-234.5107	-234.5107	-234.5107	-234.5107	37.6891	37.6891	37.6891	37.6891	37.6891	37.6891	37.6891	37.6891	37.6891	37.6891	37.6891	37.6891
61.6499	61.6499	61.6499	61.6499	61.6499	133.7487	120.1166	120.1166	120.1166	120.1166	120.1166	-7.6668	-7.6668	-7.6668	-7.6668	-7.6668	-2.4521	-2.4521	-2.4521	-2.4521	-2.4521	810.5996	-226.7477	-226.7477	-226.7477	-226.7477	33.6498	33.6498	33.6498	33.6498	33.6498	33.6498	33.6498	33.6498	33.6498	33.6498	33.6498	33.6498
58.2534	58.2534	58.2534	58.2534	58.2534	128.2301	115.7984	115.7984	115.7984	115.7984	115.7984	-6.8022	-6.8022	-6.8022	-6.8022	-6.8022	-35.3345	-35.3345	-35.3345	-35.3345	-35.3345	806.8961	-218.5177	-218.5177	-218.5177	-218.5177	29.9039	29.9039	29.9039	29.9039	29.9039	29.9039	29.9039	29.9039	29.9039	29.9039	29.9039	29.9039
56.0583	56.0583	56.0583	56.0583	56.0583	124.0999	112.8483	112.8483	112.8483	112.8483	112.8483	-5.9486	-5.9486	-5.9486	-5.9486	-5.9486	-45.3858	-45.3858	-45.3858	-45.3858	-45.3858	819.5493	-205.0889	-205.0889	-205.0889	-205.0889	26.4308	26.4308	26.4308	26.4308	26.4308	26.4308	26.4308	26.4308	26.4308	26.4308	26.4308	26.4308
54.3662	54.3662	54.3662	54.3662	54.3662	120.8379	110.8199	110.8199	110.8199	110.8199	110.8199	-5.1404	-5.1404	-5.1404	-5.1404	-5.1404	-24.1149	-24.1149	-24.1149	-24.1149	-24.1149	839.7722	-184.6113	-184.6113	-184.6113	-184.6113	23.2112	23.2112	23.2112	23.2112	23.2112	23.2112	23.2112	23.2112	23.2112	23.2112	23.2112	23.2112
52.2892	52.2892	52.2892	52.2892	52.2892	116.8738	107.9937	107.9937	107.9937	107.9937	107.9937	-4.5011	-4.5011	-4.5011	-4.5011	-4.5011	18.4811	18.4811	18.4811	18.4811	18.4811	861.9496	-160.1866	-160.1866	-160.1866	-160.1866	20.2272	20.2272	20.2272	20.2272	20.2272	20.2272	20.2272	20.2272	20.2272	20.2272	20.2272	20.2272
49.4779	49.4779	49.4779	49.4779	49.4779	110.8586	102.7606	102.7606	102.7606	102.7606	102.7606	-4.2432	-4.2432	-4.2432	-4.2432	-4.2432	71.8553	71.8553	71.8553	71.8553	71.8553	893.3531	-131.4176	-131.4176	-131.4176	-131.4176	17.4624	17.4624	17.4624	17.4624	17.4624	17.4624	17.4624	17.4624	17.4624	17.4624	17.4624	17.4624
45.5387	45.5387	45.5387	45.5387	45.5387	101.9237	94.1359	94.1359	94.1359	94.1359	94.1359	-4.3344	-4.3344	-4.3344	-4.3344	-4.3344	115.7565	115.7565	115.7565	115.7565	115.7565	925.5330	-106.9887	-106.9887	-106.9887	-106.9887	14.9011	14.9011	14.9011	14.9011	14.9011	14.9011	14.9011	14.9011	14.9011	14.9011	14.9011	14.9011
40.8732	40.8732	40.8732	40.8732	40.8732	91.0616	83.2471	83.2471	83.2471	83.2471	83.2471	-4.7026	-4.7026	-4.7026	-4.7026	-4.7026	135.9822	135.9822	135.9822	135.9822	135.9822	943.6972	-97.7460	-97.7460	-97.7460	-97.7460	12.5290	12.5290	12.5290	12.5290	12.5290	12.5290	12.5290	12.5290	12.5290	12.5290	12.5290	12.5290
36.0003	36.0003	36.0003	36.0003	36.0003	79.4605	71.4442	71.4442	71.4442	71.4442	71.4442	-5.2130	-5.2130	-5.2130	-5.2130	-5.2130	121.7177	121.7177	121.7177	121.7177	121.7177	946.0906	-109.3063	-109.3063	-109.3063	-109.3063	10.3329	10.3329	10.3329	10.3329	10.3329	10.3329	10.3329	10.3329	10.3329	10.3329	10.3329	10.3329
31.6901	31.6901	31.6901	31.6901	31.6901	69.0359	60.9022	60.9022	60.9022	60.9022	60.9022	-5.7375	-5.7375	-5.7375	-5.7375	-5.7375	83.0414	83.0414	83.0414	83.0414	83.0414	927.0110	-134.9375	-134.9375	-134.9375	-134.9375	8.3001	8.3001	8.3001	8.3001	8.3001	8.3001	8.3001	8.3001	8.3001	8.3001	8.3001	8.3001
28.3555	28.3555	28.3555	28.3555	28.3555	60.9493	52.9393	52.9393	52.9393	52.9393	52.9393	-6.1536	-6.1536	-6.1536	-6.1536	-6.1536	36.3968	36.3968	36.3968	36.3968	36.3968	874.1991	-167.6058	-167.6058	-167.6058	-167.6058	6.4193	6.4193	6.4193	6.4193	6.4193	6.4193	6.4193	6.4193	6.4193	6.4193	6.4193	6.4193
26.3744	26.3744	26.3744	26.3744	26.3744	56.1873	48.6762	48.6762	48.6762	48.6762	48.6762	-6.3959	-6.3959	-6.3959	-6.3959	-6.3959	-1.0172	-1.0172	-1.0172	-1.0172	-1.0172	792.1621	-193.6790	-193.6790	-193.6790	-193.6790	4.6795	4.6795	4.6795	4.6795	4.6795	4.6795	4.6795	4.6795	4.6795	4.6795	4.6795	4.6795
25.3991	25.3991	25.3991	25.3991	25.3991	53.8929	47.1417	47.1417	47.1417	47.1417	47.1417	-6.4427	-6.4427	-6.4427	-6.4427	-6.4427	-24.7933	-24.7933	-24.7933	-24.7933	-24.7933	700.8493	-203.4963	-203.4963	-203.4963	-203.4963	3.0709	3.0709	3.0709	3.0709	3.0709	3.0709	3.0709	3.0709	3.0709	3.0709	3.0709	3.0709
24.8708	24.8708	24.8708	24.8708	24.8708	52.6170	46.6799	46.6799	46.6799	46.6799	46.6799	-6.3268	-6.3268	-6.3268	-6.3268	-6.3268	-27.5457	-27.5457	-27.5457	-27.5457	-27.5457	623.4961	-189.7379	-189.7379	-189.7379	-189.7379	1.5841	1.5841	1.5841	1.5841	1.5841	1.5841	1.5841	1.5841	1.5841	1.5841	1.5841	1.5841
24.1869	24.1869	24.1869	24.1869	24.1869	50.8979	45.6440	45.6440	45.6440	45.6440	45.6440	-6.1253	-6.1253	-6.1253	-6.1253	-6.1253	-14.8626	-14.8626	-14.8626	-14.8626	-14.8626	570.4747	-159.1614	-159.1614	-159.1614	-159.1614	0.2105	0.2105	0.2105	0.2105	0.2105	0.2105	0.2105	0.2105	0.2105	0.2105	0.2105	0.2105
23.1781	23.1781	23.1781	23.1781	23.1781	48.4341	43.7174	43.7174	43.7174	43.7174	43.7174	-5.9584	-5.9584	-5.9584	-5.9584	-5.9584	0.2054	0.2054	0.2054	0.2054	0.2054	535.8427	-123.2519	-123.2519	-123.2519	-123.2519	-1.0580	-1.0580	-1.0580	-1.0580	-1.0580	-1.0580	-1.0580	-1.0580	-1.0580	-1.0580	-1.0580	-1.0580
21.5842	21.5842	21.5842	21.5842	21.5842	44.6254	40.2286	40.2286	40.2286	40.2286	40.2286	-5.8531	-5.8531	-5.8531	-5.8531	-5.8531	10.3778	10.3778	10.3778	10.3778	10.3778	516.3547	-93.2232	-93.2232	-93.2232	-93.2232	-2.2288	-2.2288	-2.2288	-2.2288	-2.2288	-2.2288	-2.2288	-2.2288	-2.2288	-2.2288	-2.2288	-2.2288
19.6137	19.6137	19.6137	19.6137	19.6137	39.9600	35.7164	35.7164	35.7164	35.7164	35.7164	-5.8165	-5.8165	-5.8165	-5.8165	-5.8165	19.9565	19.9565	19.9565	19.9565	19.9565	505.2494	-71.2154	-71.2154	-71.2154	-71.2154	-3.3089	-3.3089	-3.3089	-3.3089	-3.3089	-3.3089	-3.3089	-3.3089	-3.3089	-3.3089	-3.3089	-3.3089
17.5757	17.5757	17.5757	17.5757	17.5757	35.1559	31.0261	31.0261	31.0261	31.0261	31.0261	-5.8594	-5.8594	-5.8594	-5.8594	-5.8594	27.2347	27.2347	27.2347	27.2347	27.2347	485.0726	-61.8956	-61.8956	-61.8956	-61.8956	-4.3048	-4.3048	-4.3048	-4.3048	-4.3048	-4.3048	-4.3048	-4.3048	-4.3048	-4.3048	-4.3048	-4.3048
15.8721	15.8721	15.8721	15.8721	15.8721	31.1516	27.1578	27.1578	27.1578	27.1578	27.1578	-5.9549	-5.9549	-5.9549	-5.9549	-5.9549	32.0637	32.0637	32.0637	32.0637	32.0637	453.5416	-62.0019	-62.0019	-62.0019	-62.0019	-5.2224	-5.2224	-5.2224	-5.2224	-5.2224	-5.2224	-5.2224	-5.2224	-5.2224	-5.2224	-5.2224	-5.2224
14.6615	14.6615	14.6615	14.6615	14.6615	28.3248	24.4356	24.4356	24.4356	24.4356	24.4356	-6.0382	-6.0382	-6.0382	-6.0382	-6.0382	40.0446	40.0446	40.0446	40.0446	40.0446	425.6976	-63.1470	-63.1470	-63.1470	-63.1470	-6.0674	-6.0674	-6.0674	-6.0674	-6.0674	-6.0674	-6.0674	-6.0674	-6.0674	-6.0674	-6.0674	-6.0674
14.1189	14.1189	14.1189	14.1189	14.1189	27.0874	23.2818	23.2818	23.2818	23.2818	23.2818	-6.0747	-6.0747	-6.0747	-6.0747	-6.0747	47.4566	47.4566	47.4566	47.4566	47.4566	405.1251	-61.4740	-61.4740	-61.4740	-61.4740	-6.8449	-6.8449	-6.8449	-6.8449	-6.8449	-6.8449	-6.8449	-6.8449	-6.8449	-6.8449	-6.8449	-6.8449
14.0492	14.0492	14.0492	14.0492	14.0492	26.9871	23.2511	23.2511	23.2511	23.2511	23.2511	-6.0285	-6.0285	-6.0285	-6.0285	-6.0285	44.1548	44.1548	44.1548	44.1548	44.1548	387.5436	-60.7902	-60.7902	-60.7902	-60.7902	-7.5599	-7.5599	-7.5599	-7.5599	-7.5599	-7.5599	-7.5599	-7.5599	-7.5599	-7.5599	-7.5599	-7.5599
14.2093	14.2093	14.2093	14.2093	14.2093	27.4114	23.7231	23.7231	23.7231	23.7231	23.7231	-5.8170	-5.8170	-5.8170	-5.8170	-5.8170	26.4683	26.4683	26.4683	26.4683	26.4683	371.3325	-60.5615	-60.5615	-60.5615	-60.5615	-8.2167	-8.2167	-8.2167	-8.2167	-8.2167	-8.2167	-8.2167	-8.2167	-8.2167	-8.2167	-8.2167	-8.2167
14.2273	14.2273	14.2273	14.2273	14.2273	27.5328	23.8876	23.8876	23.8876	23.8876	23.8876	-5.4023	-5.4023	-5.4023	-5.4023	-5.4023	-0.4727	-0.4727	-0.4727	-0.4727	-0.4727	357.8393	-60.1598	-60.1598	-60.1598	-60.1598	-8.8196	-8.8196	-8.8196	-8.8196	-8.8196	-8.8196	-8.8196	-8.8196	-8.8196	-8.8196	-8.8196	-8.8196
13.8906	13.8906	13.8906	13.8906	13.8906	26.9453	23.3737	23.3737	23.3737	23.3737	23.3737	-4.7911	-4.7911	-4.7911	-4.7911	-4.7911	-32.9428	-32.9428	-32.9428	-32.9428	-32.9428	346.5212	-62.6515	-62.6515	-62.6515	-62.6515	-9.3724	-9.3724	-9.3724	-9.3724	-9.3724	-9.3724	-9.3724	-9.3724	-9.3724	-9.3724	-9.3724	-9.3724
13.0110	13.0110	13.0110	13.0110	13.0110	25.2429	21.7921	21.7921	21.7921	21.7921	21.7921	-3.9971	-3.9971	-3.9971	-3.9971	-3.9971	-59.6341	-59.6341	-59.6341	-59.6341	-59.6341	341.5069	-64.4814	-64.4814	-64.4814	-64.4814	-9.8788	-9.8788	-9.8788	-9.8788	-9.8788	-9.8788	-9.8788	-9.8788	-9.8788	-9.8788	-9.8788	-9.8788
11.7500	11.7500	11.7500	11.7500	11.7500	22.7478	19.4567	19.4567	19.4567	19.4567	19.4567	-3.0601	-3.0601	-3.0601	-3.0601	-3.0601	-70.3889	-70.3889	-70.3889	-70.3889	-70.3889	347.8504	-58.2911	-58.2911	-58.2911	-58.2911	-10.3421	-10.3421	-10.3421	-10.3421	-10.3421	-10.3421	-10.3421	-10.3421	-10.3421	-10.3421	-10.3421	-10.3421
10.3960	10.3960	10.3960	10.3960	10.3960	20.1401	17.0037	17.0037	17.0037	17.0037	17.0037	-2.0211	-2.0211	-2.0211	-2.0211	-2.0211	-58.6384	-58.6384	-58.6384	-58.6384	-58.6384	369.6180	-41.1212	-41.1212	-41.1212	-41.1212	-10.7655	-10.7655	-10.7655	-10.7655	-10.7655	-10.7655	-10.7655	-10.7655	-10.7655	-10.7655	-10.7655	-10.7655
9.2148	9.2148	9.2148	9.2148	9.2148	17.8849	14.9028	14.9028	14.9028	14.9028	14.9028	-0.9476	-0.9476	-0.9476	-0.9476	-0.9476	-30.8463	-30.8463	-30.8463	-30.8463	-30.8463	396.1982	-16.9636	-16.9636	-16.9636	-16.9636	-11.1518	-11.1518	-11.1518	-11.1518	-11.1518	-11.1518	-11.1518	-11.1518	-11.1518	-11.1518	-11.1518	-11.1518
8.2865	8.2865	8.2865	8.2865	8.2375	15.8610	13.0813	13.0813	13.0813	13.0813	13.0813	0.0667	0.0667	0.0667	0.0667	0.0667	2.3045	2.3045	2.3045	2.3045	2.3045	415.2090	11.1030	11.1030	11.1030	11.1030	-11.5038	-11.5038	-11.5038	-11.5038	-11.5038	-11.5038	-11.5038	-11.5038	-11.5038	-11.5038	-11.5038	-11.5038
7.6384	7.6384	7.6384	7.6384	7.5685	14.2113	11.6943	11.6943	11.6943	11.6943	11.6943	0.9528	0.9528	0.9528	0.9528	0.9528	30.1016	30.1016	30.1016	30.1016	30.1016	413.2985	34.3594	34.3594	34.3594	34.3594	-11.8239	-11.8239	-11.8239	-11.8239	-11.8239	-11.8239	-11.8239	-11.8239	-11.8239	-11.8239	-11.8239	-11.8239
7.1805	7.1805	7.1805	7.1805	7.1309	12.8777	10.6605	10.6605	10.6605	10.6605	10.6605	1.6535	1.6535	1.6535	1.6535	1.6535	50.0692	50.0692	50.0692	50.0692	50.0692	387.9533	45.1984	45.1984	45.1984	45.1984	-12.1145	-12.1145	-12.1145	-12.1145	-12.1145	-12.1145	-12.1145	-12.1145	-12.1145	-12.1145	-12.1145	-12.1145
6.7875	6.7875	6.7875	6.7875	6.7685	11.5711	9.6768	9.6768	9.6768	9.6768	9.6768	2.0540	2.0540	2.0540	2.0540	2.0540	57.5794	57.5794	57.5794	57.5794	57.5794	339.3695	38.6151	38.6151	38.6151	38.6151	-12.3777	-12.3777	-12.3777	-12.3777	-12.3777	-12.3777	-12.3777	-12.3777	-12.3777	-12.3777	-12.3777	-12.3777
6.3621	6.3621	6.3621	6.3621	6.3617	10.2964	8.6975	8.6975	8.6975	8.6975	8.6975	2.1225	2.1225	2.1225	2.1225	2.1225	55.6375	55.6375	55.6375	55.6375	55.6375	283.1025	19.5353	19.5353	19.5353	19.5353	-12.6156	-12.6156	-12.6156	-12.6156	-12.6156	-12.6156	-12.6156	-12.6156	-12.6156	-12.6156	-12.6156	-12.6156
5.9156	5.9156	5.9156	5.9156	5.9269	9.3572	7.9763	7.9763	7.9763	7.9763	7.9763	1.9104	1.9104	1.9104	1.9104	1.9104	51.9889	51.9889	51.9889	51.9889	51.9889	235.2625	-3.5668	-3.5668	-3.5668	-3.5668	-12.8300	-12.8300	-12.8300	-12.8300	-12.8300	-12.8300	-12.8300	-12.8300	-12.8300	-12.8300	-12.8300	-12.8300
5.4165	5.4165	5.4165	5.4165	5.4259	8.8277	7.5565	7.5565	7.5565	7.5565	7.5565	1.4528	1.4528	1.4528	1.4528	1.4528	50.3627	50.3627	50.3627	50.3627	50.3627	209.3923	-22.7868	-22.7868	-22.7868	-22.7868	-13.0227	-13.0227	-13.0227	-13.0227	-13.0227	-13.0227	-13.0227	-13.0227	-13.0227	-13.0227	-13.0227	-13.0227
4.8894	4.8894	4.8894	4.8894	4.8880	8.5939	7.3515	7.3515	7.3515	7.3515	7.3515	0.8190	0.8190	0.8190	0.8190	0.8190	47.3109	47.3109	47.3109	47.3109	47.3109	201.0842	-36.8426	-36.8426	-36.8426	-36.8426	-13.1953	-13.1953	-13.1953	-13.1953	-13.1953	-13.1953	-13.1953	-13.1953	-13.1953	-13.1953	-13.1953	-13.1953
4.3711	4.3711	4.3711	4.3711	4.3569	8.5468	7.3063	7.3063	7.3063	7.3063	7.3063	0.1470	0.1470	0.1470	0.1470	0.1470	43.3352	43.3352	43.3352	43.3352	43.3352	206.9223	-42.4167	-42.4167	-42.4167	-42.4167	-13.3493	-13.3493	-13.3493	-13.3493	-13.3493	-13.3493	-13.3493	-13.3493	-13.3493	-13.3493	-13.3493	-13.3493
3.9094	3.9094	3.9094	3.9094	3.8900	8.4592	7.2349	7.2349	7.2349	7.2349	7.2349	-0.4443	-0.4443	-0.4443	-0.4443	-0.4443	38.6678	38.6678	38.6678	38.6678	38.6678	213.6008	-41.3916	-41.3916	-41.3916	-41.3916	-13.4861	-13.4861	-13.4861	-13.4861	-13.4861	-13.4861	-13.4861	-13.4861	-13.4861	-13.4861	-13.4861	-13.4861
3.5232	3.5232	3.5232	3.5232	3.5098	8.1542	6.9578	6.9578	6.9578	6.9578	6.9578	-0.8550	-0.8550	-0.8550	-0.8550	-0.8550	32.8431	32.8431	32.8431	32.8431	32.8431	207.9499	-39.9517	-39.9517	-39.9517	-39.9517	-13.6070	-13.6070	-13.6070	-13.6070	-13.6070	-13.6070	-13.6070	-13.6070	-13.6070	-13.6070	-13.6070	-13.6070
3.2331	3.2331	3.2331	3.2331	3.2410	7.5022	6.3607	6.3607	6.3607	6.3607	6.3607	-1.0370	-1.0370	-1.0370	-1.0370	-1.0370	26.4805	26.4805	26.4805	26.4805	26.4805	182.6830	-39.6376	-39.6376	-39.6376	-39.6376	-13.7131	-13.7131	-13.7131	-13.7131	-13.7131	-13.7131	-13.7131	-13.7131	-13.7131	-13.7131	-13.7131	-13.7131
3.0154	3.0154	3.0154	3.0154	3.0545	6.6073	5.5408	5.5408	5.5408	5.5408	5.5408	-0.9711	-0.9711	-0.9711	-0.9711	-0.9711	21.0028	21.0028	21.0028	21.0028	21.0028	148.0096	-35.9874	-35.9874	-35.9874	-35.9874	-13.8057	-13.8057	-13.8057	-13.8057	-13.8057	-13.8057	-13.8057	-13.8057	-13.8057	-13.8057	-13.8057	-13.8057
2.8311	2.8311	2.8311	2.8311	2.9031	5.6525	4.6670	4.6670	4.6670	4.6670	4.6670	-0.6811	-0.6811	-0.6811	-0.6811	-0.6811	17.0648	17.0648	17.0648	17.0648	17.0648	114.0842	-28.5022	-28.5022	-28.5022	-28.5022	-13.8857	-13.8857	-13.8857	-13.8857	-13.8857	-13.8857	-13.8857	-13.8857	-13.8857	-13.8857	-13.8857	-13.8857
2.6467	2.6467	2.6467	2.6467	2.7460	4.7931	3.8832	3.8832	3.8832	3.8832	3.8832	-0.2932	-0.2932	-0.2932	-0.2932	-0.2932	14.3480	14.3480	14.3480	14.3480	14.3480	87.8776	-18.4872	-18.4872	-18.4872	-18.4872	-13.9542	-13.9542	-13.9542	-13.9542	-13.9542	-13.9542	-13.9542	-13.9542	-13.9542	-13.9542	-13.9542	-13.9542
2.4411	2.4411	2.4411	2.4411	2.5574	4.1190	3.2737	3.2737	3.2737	3.2737	3.2737	0.1126	0.1126	0.1126	0.1126	0.1126	12.2033	12.2033	12.2033	12.2033	12.2033	72.5290	-7.8617	-7.8617	-7.8617	-7.8617	-14.0119	-14.0119	-14.0119	-14.0119	-14.0119	-14.0119	-14.0119	-14.0119	-14.0119	-14.0119	-14.0119	-14.0119
2.2074	2.2074	2.2074	2.2074	2.3287	3.6453	2.8554	2.8554	2.8554	2.8554	2.8554	0.4547	0.4547	0.4547	0.4547	0.4547	10.0981	10.0981	10.0981	10.0981	10.0981	67.7157	1.6722	1.6722	1.6722	1.6722	-14.0598	-14.0598	-14.0598	-14.0598	-14.0598	-14.0598	-14.0598	-14.0598	-14.0598	-14.0598	-14.0598	-14.0598
1.9520	1.9520	1.9520	1.9520	2.0675	3.3174	2.5817	2.5817	2.5817	2.5817	2.5817	0.6707	0.6707	0.6707	0.6707	0.6707	7.7724	7.7724	7.7724	7.7724	7.7724	70.1725	8.9171	8.9171	8.9171	8.9171	-14.0987	-14.0987	-14.0987	-14.0987	-14.0987	-14.0987	-14.0987	-14.0987	-14.0987	-14.0987	-14.0987	-14.0987
1.6860	1.6860	1.6860	1.6860	1.7865	3.0571	2.3848	2.3848	2.3848	2.3848	2.3848	0.7413	0.7413	0.7413	0.7413	0.7413	5.2776	5.2776	5.2776	5.2776	5.2776	76.0620	13.2533	13.2533	13.2533	13.2533	-14.1291	-14.1291	-14.1291	-14.1291	-14.1291	-14.1291	-14.1291	-14.1291	-14.1291	-14.1291	-14.1291	-14.1291
1.2812	1.2812	1.2812	1.2812	1.3603	1.3603	2.1841	2.1841	2.1841	2.1841	2.1841	0.6440	0.6440	0.6440	0.6440	0.6440	2.9571	2.9571	2.9571	2.9571	2.9571	81.3987	14.6026	14.6026	14.6026	14.6026	-14.1519	-14.1519	-14.1519	-14.1519	-14.1519	-14.1519	-14.1519	-14.1519	-14.1519	-14.1519	-14.1519	-14.1519
1.0504	1.0504	1.0504	1.0504	1.1042	1.1042	1.8950	1.8950	1.8950	1.8950	1.8950	0.3692	0.3692	0.3692	0.3692	0.3692	1.2513	1.2513	1.2513	1.2513	1.2513	82.1476	13.0668	13.0668	13.0668	13.0668	-14.1676	-14.1676	-14.1676	-14.1676	-14.1676	-14.1676	-14.1676	-14.1676	-14.1676	-14.1676	-14.1676	-14.1676
0.8776	0.8776	0.8776	0.8776	0.9047	0.9047	1.4370	1.4370	1.4370	1.4370	1.4370	-0.0829	-0.0829	-0.0829	-0.0829	-0.0829	0.6594	0.6594	0.6594	0.6594	0.6594	74.6118	8.8564	8.8564	8.8564	8.8564	-14.1768	-14.1768	-14.1768	-14.1768	-14.1768	-14.1768	-14.1768	-14.1768	-14.1768	-14.1768	-14.1768	-14.1768
0.7884	0.7884	0.7884	0.7884	0.7900	0.7900	0.7296	0.7296	0.7296	0.7296	0.7296	-0.7124	-0.7124	-0.7124	-0.7124	-0.7124	1.6996	1.6996	1.6996	1.6996	1.6996	55.1306	2.2178	2.2178	2.2178	2.2178	-14.1801	-14.1801	-14.1801	-14.1801	-14.1801	-14.1801	-14.1801	-14.1801	-14.1801	-14.1801	-14.1801	-14.1801
1.8474	1.8474	1.8474	1.8474	1.9347	1.9347	2.8768	2.8768	2.8768	2.8768	2.8768	0.3197	0.3197	0.3197	0.3197	0.3197	4.8711	4.8711	4.8711	4.8711	4.8711	-6.3993	-6.6386	-6.6386	-6.6386	-6.6386	0.0000	0.0000	0.0000	0.0000	0.0000	0.0000	0.0000	0.0000	0.0000	0.0000	0.0000	0.0000
RR HIV after migration (cf before): 1995, 2000, 2010
1.031082	1.008562	1.009686
1.045069	1.012415	1.007509
1.042053	1.011585	1.010246
1.043702	1.012039	1.009756
1.039281	1.010821	1.008256
1.037664	1.008211	1.006827
1.036034	1.008432	1.006042
1.031798	1.009400	1.005430
1.026468	1.006788	1.004390
1.028768	1.005962	1.004927
1.028287	1.007213	1.004574
1.026462	1.005873	1.006424
1.026791	1.003812	1.005605
1.025888	1.006355	1.005048
1.025651	1.009468	1.005257
1.029584	1.010967	1.006955
1.027760	1.013497	1.005201
1.040739	1.012230	1.009041
1.038577	1.018324	1.014944
1.045947	1.019564	1.021131
1.053471	1.021993	1.022485
1.058763	1.020932	1.024211
1.065350	1.025178	1.025388
1.058196	1.023722	1.030194
1.056094	1.026127	1.025640
1.063938	1.025241	1.029965
1.061454	1.019214	1.025338
1.057683	1.024295	1.025540
1.053536	1.021952	1.023217
1.055325	1.019793	1.026018
1.051028	1.019513	1.021871
1.054047	1.018370	1.022154
1.047191	1.018626	1.020232
1.040324	1.018735	1.017099
1.049283	1.021754	1.019500
1.036909	1.016709	1.020099
1.043912	1.016883	1.018089
1.034842	1.014627	1.015338
1.037723	1.016154	1.014783
1.040627	1.013741	1.012238
1.039402	1.011901	1.012104
1.033693	1.011088	1.013040
1.035184	1.014206	1.011210
1.029882	1.010219	1.012685
1.032990	1.010975	1.010574
1.032408	1.014303	1.011959
1.028330	1.011180	1.008851
1.027723	1.015241	1.012018
1.035405	1.011191	1.009798
1.024304	1.008735	1.007934
1.025379	1.008923	1.007258
1.030035	1.009820	1.007499
1.027673	1.006111	1.008755
1.019901	1.009801	1.006977
1.020965	1.003811	1.009608
1.027465	1.007073	1.009110
1.018747	1.008228	1.005807
1.020188	1.003803	1.005352
1.022188	1.006353	1.006974
1.018759	1.004190	1.007631
1.026018	1.005223	1.004100
1.010478	1.006625	1.005546
1.027006	1.006368	1.004430
1.026297	1.007559	1.003956
1.022012	1.008422	1.001283
1.020696	1.004663	1.005911
1.019089	1.003288	1.002855
1.024945	1.005190	1.003536
1.017847	1.006591	1.003410
1.024539	1.002032	1.006062
1.014548	1.003955	1.004036
1.018226	1.000000	1.003262
1.011978	1.002670	1.004874
1.020462	1.002915	1.002903
1.009299	1.005503	1.003224
1.006894	1.008279	1.005662
1.006285	1.003570	1.000000
1.027867	1.006893	1.002939
1.008208	1.012885	1.004021
1.024525	1.004023	1.004920
1.019899	1.009095	1.004082
1.004868	1.012821	1.009148
1.017599	1.012153	1.004845
1.013135	1.009551	1.004832
1.007277	1.008300	1.003142
1.024924	1.005668	1.007239
1.000000	1.011527	1.008821
1.035384	1.000000	1.004955
1.024921	1.000000	1.005416
1.019070	1.014357	1.000000
1.000000	1.013916	1.006377


