Adult + paed ART totals
2000	11	0	792
2001	11	0	1970
2002	11	0	3332
2003	11	60	4984
2004	0	618	5120
2004	6	3739	5936
2004	11	6843	6616
2005	5	12382	8201
2005	6	13062	8465
2005	11	18515	9786
2006	5	24464	11311
2006	6	24136	11565
2006	11	33739	12836
2007	5	42356	14689
2007	6	44083	14998
2007	11	55059	16542
2008	5	68645	19824
2008	6	72159	20371
2008	7	73804	20917
2008	8	77030	21464
2008	9	79846	22011
2008	10	82919	22558
2008	11	86190	23105
2009	0	89306	23668
2009	1	92653	24230
2009	2	89018	24793
2009	3	91051	25355
2009	4	93281	25918
2009	5	95373	26480
2009	6	85220	27043
2009	7	89706	27605
2009	8	93702	28168
2009	9	98280	28730
2009	10	104471	29293
2009	11	108239	29855
2010	0	112697	30425
2010	1	113297	30996
2010	2	115466	31566
2010	3	117145	32137
2010	4	118752	32707
2010	5	123913	33278
2010	6	132366	33848
2010	7	135738	34419
2010	8	139313	34989
2010	8	147541	34989
2010	9	142547	35559
2010	10	148336	36130
2010	11	151878	36700
2011	8	181377	36560
2011	8	188372	36560
2012	0	208273	36434
2012	1	214051	36354
2012	2	219084	36275
2012	3	223355	36196
2012	4	227697	36117
2012	5	228212	36038
2012	6	230956	35959
2012	7	234054	35880
2012	8	236953	35801
2012	9	240757	35722
2012	10	247424	35643
2012	11	250667	35563
2013	0	256661	35521
2013	1	261144	35479
2013	2	265115	35437
2013	3	271283	35395
2013	4	273856	35353
2013	5	275349	35311
2013	6	279278	35269
2013	7	283291	35227
2013	8	288364	35185
2013	9	289518	35143
2013	10	292354	35101
2013	11	294744	35059
2014	0	297569	34954
2014	1	298036	34849
2014	2	302417	34743
2014	3	305466	34638
2014	4	307703	34533
2014	5	307576	34428
2014	6	309287	34323
2014	7	311810	34217
2014	8	319517	34112
2014	9	321138	34007
2014	10	325279	33902
2014	11	329645	33796
2015	0	334877	33675
2015	1	339749	33553
2015	2	342372	33432
2015	3	347489	33310
2015	4	350752	33189
2015	5	351177	33067
2015	6	352472	32946
2015	7	356714	32824
2015	8	361175	32703
2015	9	364465	32581
2015	10	365609	32460
2015	11	369123	32338
2016	0	371030	32454
2016	1	375483	32569
2016	2	382100	32684
2016	3	389089	32800
2016	4	395291	32915
2016	5	395854	33031
2016	6	401565	33146
2016	7	406329	33261
2016	8	414733	33377
2016	9	409067	33492
2016	10	415212	33607
2016	11	416579	33723
2017	0	421647	33690
2017	1	424308	33658
2017	2	429574	33626
2017	3	435114	33593
2017	4	439299	33561
2017	5	436332	33529
2017	6	437312	33496
2017	7	447133	33464
2017	8	452072	33432
2017	9	454421	33399
2017	10	457709	33367
2017	11	462787	33335
2018	0	466689	33484
2018	1	470526	33634
2018	2	471344	33784
2018	3	476473	33934
2018	4	487235	34083
2018	5	483945	34233
2018	6	487098	34383
2018	7	488611	34533
2018	8	493879	34683
2018	9	495539	34832
2018	10	501526	34982
2018	11	502739	35132
2019	0	508562	35331
2019	1	511826	35530
2019	2	516030	35729
2019	3	521806	35928
2019	4	523525	36128
2019	5	520186	36327
2019	6	523398	36526
2019	7	525267	36725
2019	8	531135	36924
2019	9	536370	37123
2019	10	534424	37322
2019	11	528678	37522
2020	0	531728	37633
2020	1	531806	37744
2020	2	532265	37855
2020	3	535368	37966
2020	4	540035	38077
2020	5	536752	38188
2020	6	537285	38300
2020	7	539104	38411
2020	8	543572	38522
2020	9	549709	38633
2020	10	552187	38744
2020	11	553655	38855
2021	0	558743	38975
2021	1	561667	39094
2021	2	562674	39213
2021	3	566639	39332
2021	4	565594	39451
2021	5	562658	39570
2021	6	561073	39689
2021	7	563047	39808
2021	8	567839	39928
2021	9	569426	40047
2021	10	571866	40166
2021	11	572937	40285
2022	0	575096	40414
2022	1	578972	40543
2022	2	583752	40672
2022	3	587685	40802
2022	4	585482	40931
2022	5	586711	41060
2022	6	588423	41189
2022	7	590804	41318
2022	8	594015	41448
Paed ART totals
2000	11	0	66
2001	11	0	163
2002	11	0	276
2003	11	0	413
2004	0	43	424
2004	5	264	481
2004	6	279	492
2004	11	615	549
2005	5	1054	680
2005	6	1101	664
2005	11	1468	767
2006	5	1354	887
2006	6	1900	855
2006	11	2610	949
2007	5	3141	1086
2007	6	3294	1041
2007	11	4170	1148
2008	5	4737	1376
2008	6	5344	1307
2008	11	6657	1482
2009	5	8160	1698
2009	6	8107	1592
2009	11	9797	1758
2010	0	10201	1791
2010	1	10255	1825
2010	2	10451	1858
2010	3	10603	1892
2010	4	11174	1925
2010	5	11659	1959
2010	6	12455	1814
2010	7	12812	1845
2010	8	13044	1876
2010	9	13198	1906
2010	10	13267	1937
2010	11	13478	1967
2011	8	10824	1767
2012	0	14024	1761
2012	1	14395	1757
2012	2	14604	1753
2012	3	15089	1750
2012	4	15299	1746
2012	5	15306	1742
2012	6	15333	1549
2012	7	15637	1545
2012	8	15741	1542
2012	9	15415	1538
2012	10	15695	1535
2012	11	15940	1532
2013	0	16258	1530
2013	1	16138	1528
2013	2	16386	1526
2013	3	16853	1524
2013	4	16731	1523
2013	5	16805	1521
2013	6	17305	1333
2013	7	17413	1332
2013	8	17236	1330
2013	9	17402	1328
2013	10	17281	1327
2013	11	17685	1325
2014	0	17563	1321
2014	1	17443	1317
2014	2	17608	1313
2014	3	17688	1309
2014	4	17794	1305
2014	5	17692	1301
2014	6	17563	1117
2014	7	17710	1113
2014	8	18280	1110
2014	9	18228	1106
2014	10	18480	1103
2014	11	18552	1099
2015	0	18587	1096
2015	1	18869	1092
2015	2	18901	1088
2015	3	19071	1084
2015	4	19211	1080
2015	5	19104	1076
2015	6	19040	898
2015	7	19018	895
2015	8	19605	892
2015	9	19397	888
2015	10	19527	885
2015	11	19667	882
2016	0	19718	885
2016	1	19886	888
2016	2	19946	891
2016	3	20101	894
2016	4	20099	897
2016	5	20076	901
2016	6	21007	729
2016	7	19623	732
2016	8	20323	734
2016	9	20000	737
2016	10	20295	739
2016	11	20130	742
2017	0	20101	741
2017	1	19867	740
2017	2	20024	740
2017	3	19983	739
2017	4	20107	738
2017	5	19901	738
2017	6	19698	601
2017	7	19820	600
2017	8	19939	599
2017	9	19959	599
2017	10	19983	598
2017	11	19971	598
2018	0	19933	600
2018	1	20000	603
2018	2	19788	606
2018	3	19950	608
2018	4	20807	611
2018	5	20557	614
2018	6	19601	535
2018	7	19504	537
2018	8	19571	540
2018	9	19529	542
2018	10	19619	544
2018	11	20134	547
2019	0	19560	550
2019	1	19385	553
2019	2	19492	556
2019	3	19544	559
2019	4	19376	562
2019	5	19186	565
2019	6	18958	513
2019	7	18716	515
2019	8	18867	518
2019	9	18741	521
2019	10	18616	524
2019	11	18312	527
2020	0	18159	528
2020	1	17918	530
2020	2	18067	531
2020	3	17823	533
2020	4	17629	534
2020	5	17493	536
2020	6	17304	441
2020	7	17204	443
2020	8	17284	444
2020	9	17105	445
2020	10	17672	447
2020	11	16993	448
2021	0	17037	449
2021	1	17056	451
2021	2	16752	452
2021	3	16773	453
2021	4	16619	455
2021	5	16542	456
2021	6	16137	388
2021	7	16098	389
2021	8	16224	390
2021	9	15394	391
2021	10	15377	393
2021	11	15304	394
2022	0	15003	395
2022	1	15014	396
2022	2	15009	398
2022	3	15167	399
2022	4	15237	400
2022	5	15094	401
2022	6	14660	403
2022	7	16978	404
2022	8	14608	405
LastDateCum, AnnSwitchingCumToCurr
2009.080	0.1401
Paed age distribution
0.10	0.09	0.08	0.11	0.12	0.14	0.15	0.16	0.18	0.21
0.45	0.44	0.40	0.38	0.35	0.35	0.32	0.29	0.30	0.32
Paed age distribution on ART
0.3112	0.2708	0.2411	0.2166	0.2055	0.1920	0.1766	0.1640
0.4145	0.4161	0.4147	0.4080	0.3876	0.3667	0.3490	0.3394
Adult male age distribution on ART
0.01896	0.02068	0.02236	0.02359	0.02430	0.02493	0.02594
0.06450	0.06169	0.06096	0.05853	0.05622	0.05037	0.04793
0.13548	0.13412	0.13038	0.12414	0.11730	0.11077	0.10161
0.17926	0.16983	0.16472	0.16569	0.16443	0.15771	0.15535
0.17744	0.18004	0.17728	0.17259	0.16801	0.16749	0.16229
0.13330	0.13237	0.13742	0.13915	0.14351	0.14604	0.15284
0.11043	0.11021	0.10584	0.10413	0.10283	0.10650	0.10798
0.07887	0.08135	0.08311	0.08535	0.08812	0.08901	0.09039
0.07889	0.08429	0.09029	0.09754	0.10472	0.11677	0.12462
Adult female age distribution on ART
0.07711	0.07801	0.07876	0.07646	0.07188	0.06483	0.06087
0.14923	0.14425	0.14085	0.13591	0.13101	0.12256	0.11703
0.18643	0.18334	0.17920	0.17462	0.16808	0.16266	0.15595
0.17606	0.16976	0.16430	0.16578	0.16639	0.16423	0.16642
0.13640	0.13996	0.14038	0.13862	0.13936	0.14246	0.14124
0.09803	0.09799	0.10203	0.10448	0.10696	0.11060	0.11720
0.07039	0.07277	0.07294	0.07473	0.07801	0.08333	0.08393
0.04499	0.04742	0.05085	0.05431	0.05786	0.06033	0.06284
0.03951	0.04318	0.04712	0.05195	0.05806	0.06685	0.07191
2012 ARV metabolite data (M then F, mean and SD)	
0.2999	0.0699
0.3279	0.0357
2017 ARV metabolite data (M then F, mean and SD)	
0.5935	0.0705
0.7177	0.0357
2022 ARV metabolite data (M then F, mean and SD)	
0.8020	0.0579
0.8340	0.0258
Fraction of adult ART patients who are male (mean, SD)
2012	0.3700	0.0200
2015	0.2754	0.0100
2016	0.2741	0.0100
2017	0.2702	0.0100
2018	0.2683	0.0100
2019	0.2707	0.0100
2020	0.2729	0.0100
2021	0.2720	0.0100


