cholIMIS 0
	              0	              0	              0	              0	              0	              0	              0	              0	              0	              0	              0
	              0	              0	              0	              0	              0	              0	              0	              0	              0	              0	              0
	              0	              0	              0	              0	              0	              0	              0	              0	              0	              0	              0
	              0	              0	              0	              0	              0	              0	              0	              0	              0	              0	              0
	              0	              0	              0	              0	              0	              0	              0	              0	              0	              0	              0
	              0	              0	              0	              0	              0	              0	              0	              0	              0	              0	              0
	              0	              0	              0	              0	              0	              0	              0	              0	              0	              0	              0
	              0	              0	              0	              0	              0	              0	              0	              0	              0	              0	              0
	              0	              0	              0	              0	              0	              0	              0	              0	              0	              0	              0
	              0	              0	              0	              0	              0	              0	              0	              0	              0	              0	              0
	              0	              0	              0	              0	              0	              0	              0	              0	              0	              0	              0
cholIMIS 1
	       0.437732	       0.167906	     -0.0121405	    -0.00958988	     -0.0366339	     -0.0093756	     -0.0236599	      0.0520715	       -0.25304	       0.165219	     -0.0273611
	              0	       0.815237	    -0.00383377	    -0.00850066	     -0.0156641	    -0.00181877	     -0.0103754	       0.038804	      -0.107016	      0.0724675	     -0.0206688
	              0	              0	       0.239673	   -0.000417217	     0.00424625	     0.00369617	     0.00596514	    -0.00716108	       0.004046	     -0.0319337	   -0.000862038
	              0	              0	              0	       0.215367	       0.008814	    -0.00169382	     0.00498319	     -0.0243136	      0.0832849	     -0.0385239	     0.00149926
	              0	              0	              0	              0	       0.080941	      0.0137628	      0.0232832	      -0.053116	       0.273197	       -0.15124	      0.0195944
	              0	              0	              0	              0	              0	      0.0831175	     0.00225332	     -0.0138548	      0.0532672	      -0.032023	     0.00239017
	              0	              0	              0	              0	              0	              0	      0.0579731	     -0.0198654	       0.114014	      -0.068027	     0.00800619
	              0	              0	              0	              0	              0	              0	              0	       0.243875	     -0.0660471	      0.0390098	     0.00318247
	              0	              0	              0	              0	              0	              0	              0	              0	       0.873796	     -0.0372953	   -0.000295076
	              0	              0	              0	              0	              0	              0	              0	              0	              0	       0.311398	     -0.0104756
	              0	              0	              0	              0	              0	              0	              0	              0	              0	              0	       0.235577
cholIMIS 2
	        0.36476	      0.0289858	    -0.00545875	     0.00443423	     -0.0071008	    -0.00157809	    -0.00791059	    -0.00945837	     -0.0267792	     -0.0190014	      0.0212646
	              0	        0.84176	      0.0246601	     -0.0503441	      0.0120274	      0.0110807	      0.0118248	      0.0865853	     0.00874118	       0.110369	     -0.0641225
	              0	              0	       0.237741	     -0.0218311	     0.00277017	     0.00144999	     0.00720672	       0.038015	      0.0115752	      0.0350572	     -0.0176489
	              0	              0	              0	       0.246309	     -0.0136436	     -0.0131245	     -0.0182233	      -0.118314	     -0.0411836	      -0.118065	      0.0970823
	              0	              0	              0	              0	      0.0643333	      0.0160403	      0.0227038	       0.100377	       0.109718	       0.104262	     -0.0736342
	              0	              0	              0	              0	              0	      0.0818071	     0.00775898	       0.023773	      0.0201707	      0.0226102	       -0.02583
	              0	              0	              0	              0	              0	              0	      0.0588303	      0.0868656	     0.00762077	      0.0774307	     -0.0575369
	              0	              0	              0	              0	              0	              0	              0	       0.271147	     -0.0369496	      0.0990347	       -0.06145
	              0	              0	              0	              0	              0	              0	              0	              0	       0.738315	    -0.00947289	     -0.0111464
	              0	              0	              0	              0	              0	              0	              0	              0	              0	       0.299297	     -0.0519444
	              0	              0	              0	              0	              0	              0	              0	              0	              0	              0	       0.255597
cholIMIS 3
	       0.271979	      0.0516222	     -0.0701673	      0.0706674	     0.00811975	      0.0147603	    -0.00297639	     -0.0617696	      -0.150655	      -0.100664	      0.0955488
	              0	       0.577187	      0.0119013	    -0.00831665	     -0.0160547	     -0.0123707	     -0.0174342	      0.0484245	      0.0794531	      -0.100386	      0.0784287
	              0	              0	       0.120137	     -0.0215116	    -0.00167415	    -0.00469639	    0.000778257	       0.021025	      0.0319656	      0.0149691	     -0.0137088
	              0	              0	              0	       0.112886	     0.00253783	     0.00143426	    -0.00251345	     -0.0328918	     -0.0452999	     -0.0444157	      0.0478717
	              0	              0	              0	              0	      0.0418005	      0.0200257	     0.00788242	     0.00387727	     -0.0518767	     0.00233162	    -0.00148707
	              0	              0	              0	              0	              0	      0.0385514	     0.00148406	     -0.0130887	     -0.0178624	     -0.0046467	     0.00581316
	              0	              0	              0	              0	              0	              0	      0.0290608	      0.0117699	     0.00772877	      0.0655993	     -0.0552979
	              0	              0	              0	              0	              0	              0	              0	       0.125203	      0.0192057	      0.0222173	     -0.0117325
	              0	              0	              0	              0	              0	              0	              0	              0	       0.346972	      0.0128056	     -0.0130635
	              0	              0	              0	              0	              0	              0	              0	              0	              0	       0.169321	     -0.0663576
	              0	              0	              0	              0	              0	              0	              0	              0	              0	              0	       0.124136
cholIMIS 4
	       0.147505	      0.0616686	     -0.0455995	      0.0382206	      0.0119109	     0.00449213	     0.00856155	     -0.0243319	      -0.140484	     -0.0661624	      0.0746259
	              0	       0.439123	     -0.0321805	       0.040049	      0.0116826	     0.00695581	     0.00434014	     -0.0431544	      0.0627722	     -0.0325035	      0.0142876
	              0	              0	      0.0807927	     -0.0424638	    -0.00296798	   -0.000640224	    -0.00739802	      0.0346301	       0.121576	     0.00447188	     -0.0136424
	              0	              0	              0	      0.0754877	      0.0116271	     0.00786503	     0.00543445	     -0.0495417	     -0.0533124	    -0.00974637	    -0.00930032
	              0	              0	              0	              0	      0.0344798	      0.0178532	     0.00912265	     -0.0226679	      0.0147278	     -0.0216464	     -0.0199861
	              0	              0	              0	              0	              0	      0.0226072	     0.00112509	     -0.0178196	      0.0441614	      0.0187288	     -0.0336451
	              0	              0	              0	              0	              0	              0	      0.0228101	     0.00199918	     -0.0786594	      0.0285803	    -0.00919185
	              0	              0	              0	              0	              0	              0	              0	      0.0816697	     -0.0158531	    -0.00882192	      0.0326414
	              0	              0	              0	              0	              0	              0	              0	              0	       0.230427	      0.0217754	      -0.035054
	              0	              0	              0	              0	              0	              0	              0	              0	              0	       0.105733	      -0.058535
	              0	              0	              0	              0	              0	              0	              0	              0	              0	              0	      0.0838582
cholIMIS 5
	       0.124031	      0.0705512	    -0.00239336	     -0.0110429	     -0.0180118	    0.000173032	      0.0127983	      0.0117829	     -0.0429898	      0.0231038	     -0.0212275
	              0	       0.355013	     -0.0144047	      0.0185689	   -0.000115805	      0.0114382	      0.0112929	     -0.0301504	      0.0573383	      0.0304848	     -0.0573687
	              0	              0	      0.0433513	     -0.0358648	    -0.00568779	    -0.00378706	    -0.00163411	      0.0506357	      0.0356861	     -0.0120867	     -0.0219986
	              0	              0	              0	      0.0324067	     0.00927882	     0.00415433	    -0.00140104	     -0.0317449	     -0.0270207	    -0.00667038	    -0.00492888
	              0	              0	              0	              0	      0.0479736	       0.025004	      0.0323332	     -0.0149025	      -0.240459	      -0.013274	    -0.00963618
	              0	              0	              0	              0	              0	      0.0157959	      0.0180718	     -0.0253124	     -0.0430736	      0.0347461	     -0.0170514
	              0	              0	              0	              0	              0	              0	      0.0182372	    -0.00101854	     -0.0834613	      0.0163971	     0.00411761
	              0	              0	              0	              0	              0	              0	              0	      0.0439982	      0.0446479	     -0.0218936	      0.0047501
	              0	              0	              0	              0	              0	              0	              0	              0	       0.164928	     0.00832748	     -0.0171088
	              0	              0	              0	              0	              0	              0	              0	              0	              0	      0.0564789	     -0.0435092
	              0	              0	              0	              0	              0	              0	              0	              0	              0	              0	      0.0549119
cholIMIS 6
	       0.118291	      -0.107407	     0.00747809	     -0.0179442	      -0.010225	   -0.000956837	      0.0132105	      0.0337485	      -0.132853	     -0.0295952	      0.0320804
	              0	       0.648716	     -0.0171855	      0.0296709	      0.0298712	      0.0225526	      0.0237934	     -0.0428213	      0.0407079	     -0.0190972	     -0.0481214
	              0	              0	      0.0423945	     -0.0326047	    -0.00144597	    0.000901606	      0.0055921	      0.0403474	      0.0263761	       -0.02588	     0.00699925
	              0	              0	              0	      0.0366744	      0.0158212	     0.00465558	    -0.00435234	     -0.0385357	     -0.0958436	     -0.0275826	      0.0292945
	              0	              0	              0	              0	      0.0382874	     0.00967411	      0.0029808	      0.0101073	      -0.265986	      -0.100243	      0.0779088
	              0	              0	              0	              0	              0	      0.0146665	      0.0134677	      -0.012853	      0.0479266	      0.0232281	     -0.0295225
	              0	              0	              0	              0	              0	              0	      0.0185123	     0.00765806	    0.000842472	     0.00795966	     -0.0114392
	              0	              0	              0	              0	              0	              0	              0	      0.0552172	     -0.0338098	     -0.0313759	    -0.00348997
	              0	              0	              0	              0	              0	              0	              0	              0	       0.221877	      0.0232122	     -0.0296335
	              0	              0	              0	              0	              0	              0	              0	              0	              0	      0.0652196	     -0.0492541
	              0	              0	              0	              0	              0	              0	              0	              0	              0	              0	      0.0585838
cholIMIS 7
	       0.113714	     -0.0498221	     0.00408179	    -0.00433562	    -0.00954949	     0.00210993	      0.0114209	    -0.00539303	      -0.035407	      0.0175946	    -0.00954409
	              0	       0.423036	    -0.00788845	      0.0128407	     0.00314818	     0.00993296	      0.0167792	     -0.0237547	        0.18463	       0.012229	      -0.047692
	              0	              0	      0.0400173	     -0.0440236	   -0.000835602	      0.0104318	      0.0339895	      0.0666092	     -0.0189722	    -0.00284026	     -0.0399005
	              0	              0	              0	      0.0278917	     0.00204795	    -0.00135666	     -0.0177553	     -0.0540896	      0.0498385	     0.00152696	      0.0350931
	              0	              0	              0	              0	      0.0269631	      0.0109397	       0.015638	       0.025956	      -0.220545	     -0.0418946	    -0.00675628
	              0	              0	              0	              0	              0	       0.015168	      0.0201549	     -0.0191734	     -0.0367658	      0.0348733	     -0.0321541
	              0	              0	              0	              0	              0	              0	      0.0207004	      0.0251026	      0.0284285	     0.00875247	     -0.0302733
	              0	              0	              0	              0	              0	              0	              0	       0.053297	      -0.115368	     -0.0360218	    -0.00829832
	              0	              0	              0	              0	              0	              0	              0	              0	       0.256361	      0.0294546	     -0.0397264
	              0	              0	              0	              0	              0	              0	              0	              0	              0	      0.0610288	       -0.06081
	              0	              0	              0	              0	              0	              0	              0	              0	              0	              0	      0.0411076
cholIMIS 8
	       0.117238	     -0.0942005	     0.00652762	    -0.00580446	     0.00164167	    -0.00297948	     0.00283486	      0.0177525	      -0.137905	      -0.065672	      0.0629416
	              0	       0.371075	    -0.00974962	     0.00909711	    0.000527773	      0.0034018	      0.0103084	     -0.0157301	       0.150243	    -0.00599575	     -0.0159394
	              0	              0	      0.0353507	     -0.0376023	    0.000534004	     0.00773141	      0.0166028	      0.0338687	     -0.0498018	      -0.021822	     0.00998772
	              0	              0	              0	      0.0293338	    -0.00878756	     0.00692847	     -0.0123996	     -0.0496878	    -0.00615635	    -0.00879005	     0.00936021
	              0	              0	              0	              0	       0.021869	     0.00256802	      0.0047194	     -0.0106805	      -0.112469	     -0.0187867	      0.0281415
	              0	              0	              0	              0	              0	      0.0126091	      0.0162642	     -0.0206283	     -0.0774247	      0.0262006	     -0.0206799
	              0	              0	              0	              0	              0	              0	      0.0142812	    -0.00316747	     0.00418481	     0.00817588	    -0.00333144
	              0	              0	              0	              0	              0	              0	              0	      0.0676808	     0.00553831	     -0.0741183	     0.00383448
	              0	              0	              0	              0	              0	              0	              0	              0	       0.206442	      0.0139513	     -0.0194304
	              0	              0	              0	              0	              0	              0	              0	              0	              0	      0.0652218	     -0.0747753
	              0	              0	              0	              0	              0	              0	              0	              0	              0	              0	      0.0279493
cholIMIS 9
	        0.12376	      0.0383157	     -0.0105747	     0.00203143	    -0.00980022	      -0.005518	    -0.00114896	      0.0016865	     -0.0578656	     -0.0279447	      0.0416239
	              0	        0.40144	     -0.0120625	      0.0213575	      0.0140135	     0.00982237	     0.00904631	     -0.0214481	      0.0423204	      0.0054655	     -0.0563215
	              0	              0	      0.0416282	     -0.0259742	    -0.00305352	    -0.00107735	   -0.000458191	      0.0267969	     -0.0141444	     -0.0113286	     0.00606847
	              0	              0	              0	      0.0429201	      0.0104787	     0.00312248	     -0.0102319	      -0.047511	     -0.0260538	     -0.0158932	      0.0175353
	              0	              0	              0	              0	      0.0322169	     0.00926113	     0.00417638	    -0.00926304	     -0.0986695	     -0.0186328	    -0.00539741
	              0	              0	              0	              0	              0	      0.0197292	      0.0177197	     0.00679553	       0.129123	      0.0285726	     -0.0780931
	              0	              0	              0	              0	              0	              0	      0.0244965	      0.0216538	      -0.010679	       0.029463	     -0.0471499
	              0	              0	              0	              0	              0	              0	              0	      0.0594794	      0.0469582	     -0.0161198	     -0.0301702
	              0	              0	              0	              0	              0	              0	              0	              0	       0.246575	      0.0120332	     -0.0319533
	              0	              0	              0	              0	              0	              0	              0	              0	              0	       0.066639	     -0.0442615
	              0	              0	              0	              0	              0	              0	              0	              0	              0	              0	       0.066893
cholIMIS 10
	       0.101653	      -0.134403	     -0.0060751	      0.0156236	    -0.00806597	      0.0111635	      0.0180831	    -0.00972685	      0.0863476	      0.0213638	     -0.0354086
	              0	       0.464393	      0.0207361	     -0.0257387	      0.0109705	     -0.0080236	    -0.00694009	      0.0144649	      -0.108845	     -0.0655377	      0.0467982
	              0	              0	      0.0348147	     -0.0374597	     0.00321422	    -0.00387802	     0.00108635	      0.0385611	     -0.0886521	      -0.024439	      0.0257129
	              0	              0	              0	      0.0301718	    -0.00731541	      0.0121379	     0.00738349	     -0.0276432	       0.156044	     0.00394331	     -0.0220472
	              0	              0	              0	              0	      0.0197153	   -0.000467047	    -0.00153166	    -0.00514965	      -0.131885	    -0.00958081	      0.0154088
	              0	              0	              0	              0	              0	       0.019204	       0.029319	     0.00358478	       0.122569	      0.0203089	     -0.0577436
	              0	              0	              0	              0	              0	              0	      0.0157073	      0.0213721	      0.0481597	     0.00433444	     -0.0209706
	              0	              0	              0	              0	              0	              0	              0	      0.0525532	     -0.0390373	     -0.0480715	    -0.00637372
	              0	              0	              0	              0	              0	              0	              0	              0	       0.274125	      0.0272335	     -0.0303652
	              0	              0	              0	              0	              0	              0	              0	              0	              0	      0.0576525	     -0.0517168
	              0	              0	              0	              0	              0	              0	              0	              0	              0	              0	      0.0327718
cholIMIS 11
	       0.303984	      -0.104284	      -0.012457	      -0.017782	     0.00821361	     -0.0144354	       0.027571	      0.0572385	      -0.169356	     -0.0540069	      0.0707685
	              0	       0.237251	     -0.0195003	      0.0206618	    -0.00461131	     0.00265226	      0.0119574	     -0.0341776	     -0.0166731	     0.00384318	      0.0131644
	              0	              0	      0.0343393	     -0.0307582	     0.00676715	    0.000816793	    -0.00672432	      0.0566715	       0.134593	      -0.029124	     -0.0297017
	              0	              0	              0	      0.0208598	     0.00276146	     0.00106309	     -0.0058281	     -0.0250685	     -0.0469812	    -0.00498276	     0.00887173
	              0	              0	              0	              0	       0.015723	     0.00241312	    -0.00149612	     0.00426441	     -0.0175723	     -0.0135069	    -0.00319975
	              0	              0	              0	              0	              0	     0.00868739	     0.00657116	     -0.0104178	    -0.00831097	       0.017875	     -0.0206867
	              0	              0	              0	              0	              0	              0	      0.0154046	    -0.00412682	     -0.0418924	      0.0127975	     0.00493276
	              0	              0	              0	              0	              0	              0	              0	       0.035516	      0.0821803	     -0.0178799	     -0.0185033
	              0	              0	              0	              0	              0	              0	              0	              0	       0.126918	    -0.00333453	    -0.00631805
	              0	              0	              0	              0	              0	              0	              0	              0	              0	      0.0406903	     -0.0393706
	              0	              0	              0	              0	              0	              0	              0	              0	              0	              0	      0.0347192
cholIMIS 12
	       0.122944	      -0.153082	     -0.0104622	   -0.000407297	    -0.00287862	   -0.000537203	      0.0116597	      0.0016045	     -0.0753545	    -0.00306961	      0.0405723
	              0	       0.330743	     0.00949749	    -0.00266277	     0.00418746	     0.00329523	     0.00324536	   -0.000210722	      0.0179372	      -0.026121	     -0.0132246
	              0	              0	      0.0339228	     -0.0279217	     0.00291669	    -0.00458236	    -0.00704752	      0.0345605	     -0.0289762	     -0.0581518	      0.0383597
	              0	              0	              0	      0.0284347	     -0.0054705	     0.00482861	    -0.00766142	     -0.0254755	      0.0553794	     -0.0373039	     0.00866483
	              0	              0	              0	              0	       0.024408	    -0.00200254	    -0.00136758	     0.00252582	      -0.114986	     -0.0276184	        0.02058
	              0	              0	              0	              0	              0	      0.0152411	      0.0208457	     -0.0101675	      0.0293861	      0.0307312	     -0.0374323
	              0	              0	              0	              0	              0	              0	      0.0132925	      0.0150967	      0.0686594	    -0.00295279	     -0.0122885
	              0	              0	              0	              0	              0	              0	              0	       0.065957	      0.0364421	     -0.0628846	     -0.0167022
	              0	              0	              0	              0	              0	              0	              0	              0	       0.231955	      0.0126574	     -0.0229709
	              0	              0	              0	              0	              0	              0	              0	              0	              0	      0.0690596	     -0.0753717
	              0	              0	              0	              0	              0	              0	              0	              0	              0	              0	      0.0323478
cholIMIS 13
	         0.1448	     -0.0127905	     -0.0259713	      0.0126723	    -0.00656345	     0.00143259	      0.0107345	     -0.0212176	       0.014554	      0.0244968	      0.0117856
	              0	       0.313879	    -0.00839799	     0.00170537	    0.000170361	    -0.00614859	    -0.00285267	     0.00941652	     -0.0531236	     -0.0104732	     -0.0112089
	              0	              0	      0.0350641	     -0.0361284	    -0.00123837	    -0.00506433	    -0.00233467	        0.04044	     -0.0981078	     -0.0244562	      0.0159847
	              0	              0	              0	      0.0333211	    -0.00086027	      0.0130135	    -0.00323823	      -0.060898	      0.0679253	    -0.00664399	    -0.00137268
	              0	              0	              0	              0	      0.0231629	     0.00134321	     0.00251858	     0.00867807	     -0.0680748	     -0.0186809	   -0.000208353
	              0	              0	              0	              0	              0	      0.0178999	      0.0228808	     -0.0168181	       0.118695	      0.0239191	     -0.0269906
	              0	              0	              0	              0	              0	              0	      0.0148637	     0.00378049	      0.0188024	       0.010794	     -0.0123174
	              0	              0	              0	              0	              0	              0	              0	      0.0529005	      0.0224534	     -0.0441043	     -0.0168588
	              0	              0	              0	              0	              0	              0	              0	              0	        0.21849	     0.00844369	     -0.0125352
	              0	              0	              0	              0	              0	              0	              0	              0	              0	      0.0559845	     -0.0621538
	              0	              0	              0	              0	              0	              0	              0	              0	              0	              0	      0.0304578
