Male migration
475.7783	471.9244	481.7516	423.0685	418.4955	185.3813	-161.9720	-224.1008	-834.8573	-1416.0482	-5080.0953	-2748.7504	-2748.7504	-2748.7504	-2748.7504	-2748.7504	-1719.5216	-1719.5216	-1719.5216	-1719.5216	-1719.5216	-5507.4749	-2745.1824	-2745.1824	-2745.1824	-2745.1824	135.7266	135.7266	135.7266	135.7266	135.7266	135.7266	135.7266	135.7266	135.7266	135.7266	135.7266	135.7266
30.0115	485.4352	481.5813	491.4086	432.7254	428.1524	127.8728	-162.6785	-224.8072	-835.5637	-1416.7546	-758.8571	-827.7981	-827.7981	-827.7981	-827.7981	-1354.4350	-1354.4350	-1354.4350	-1354.4350	-1354.4350	-4278.4163	-1423.5464	-1423.5464	-1423.5464	-1423.5464	135.1470	135.1470	135.1470	135.1470	135.1470	135.1470	135.1470	135.1470	135.1470	135.1470	135.1470	135.1470
37.3444	37.3252	492.7489	488.8950	498.7223	440.0391	362.4369	129.3227	-161.2286	-223.3573	-834.1139	740.0044	1169.1796	1098.5432	1098.5432	1098.5432	-1070.8530	-1070.8530	-1070.8530	-1070.8530	-1070.8530	-3144.4694	-183.4149	-183.4149	-183.4149	-183.4149	134.5776	134.5776	134.5776	134.5776	134.5776	134.5776	134.5776	134.5776	134.5776	134.5776	134.5776	134.5776
42.6177	42.6177	42.5986	498.0223	494.1684	503.9956	370.2272	365.6543	132.5400	-158.0112	-220.1399	464.0947	397.6692	826.8444	755.0066	755.0066	-562.3477	-562.3477	-562.3477	-562.3477	-562.3477	-2885.9473	185.8514	185.8514	185.8514	185.8514	134.0181	134.0181	134.0181	134.0181	134.0181	134.0181	134.0181	134.0181	134.0181	134.0181	134.0181	134.0181
46.1537	46.1537	46.1537	46.1346	501.5583	497.7043	433.5066	374.8234	370.2505	137.1363	-153.4150	127.7598	153.9870	87.5615	516.7367	444.1915	-253.3036	-253.3036	-253.3036	-253.3036	-253.3036	-2785.6578	392.3971	392.3971	392.3971	392.3971	133.4685	133.4685	133.4685	133.4685	133.4685	133.4685	133.4685	133.4685	133.4685	133.4685	133.4685	133.4685
48.2621	48.2621	48.2621	48.2621	48.2429	503.6666	429.2671	439.0944	380.4112	375.8383	142.7240	238.4629	-145.4327	-119.2055	-185.6310	243.5442	-89.8965	-89.8965	-89.8965	-89.8965	-89.8965	-2783.7198	486.6000	486.6000	486.6000	486.6000	132.9284	132.9284	132.9284	132.9284	132.9284	132.9284	132.9284	132.9284	132.9284	132.9284	132.9284	132.9284
49.2458	49.2458	49.2458	49.2458	49.2458	49.2266	439.3117	435.4578	445.2850	386.6019	382.0289	100.7491	7.6531	-376.2425	-350.0153	-416.4408	-20.0499	-20.0499	-20.0499	-20.0499	-20.0499	-2822.4558	517.0900	517.0900	517.0900	517.0900	132.3978	132.3978	132.3978	132.3978	132.3978	132.3978	132.3978	132.3978	132.3978	132.3978	132.3978	132.3978
49.3870	49.3870	49.3870	49.3870	49.3870	49.3870	-9.7116	445.7121	441.8582	451.6854	393.0023	-110.5251	-84.7805	-177.8765	-561.7721	-535.5448	3.5406	3.5406	3.5406	3.5406	3.5406	-2850.2563	527.7961	527.7961	527.7961	527.7961	131.8765	131.8765	131.8765	131.8765	131.8765	131.8765	131.8765	131.8765	131.8765	131.8765	131.8765	131.8765
48.9337	48.9337	48.9337	48.9337	48.9337	48.9337	-3.4827	-3.5018	451.9219	448.0679	457.8952	-11.8460	-242.9675	-217.2229	-310.3189	-694.2145	18.9718	18.9718	18.9718	18.9718	18.9718	-2827.0700	553.3687	553.3687	553.3687	553.3687	131.3642	131.3642	131.3642	131.3642	131.3642	131.3642	131.3642	131.3642	131.3642	131.3642	131.3642	131.3642
48.0303	48.0303	48.0303	48.0303	48.0303	48.0303	2.1141	2.1141	2.0950	457.5187	453.6647	-71.0435	-85.8002	-316.9217	-291.1770	-384.2730	36.7184	36.7184	36.7184	36.7184	36.7184	-2747.5185	600.6220	600.6220	600.6220	600.6220	130.8610	130.8610	130.8610	130.8610	130.8610	130.8610	130.8610	130.8610	130.8610	130.8610	130.8610	130.8610
46.7113	46.7113	46.7113	46.7113	46.7113	46.7113	6.6522	6.6522	6.6522	6.6331	462.0568	-101.8174	-84.6371	-99.3938	-330.5153	-304.7706	36.9453	36.9453	36.9453	36.9453	36.9453	-2644.1825	645.7038	645.7038	645.7038	645.7038	130.3665	130.3665	130.3665	130.3665	130.3665	130.3665	130.3665	130.3665	130.3665	130.3665	130.3665	130.3665
44.9146	44.9146	44.9146	44.9146	44.9146	44.9146	9.6655	9.6655	9.6655	9.6655	9.6655	-68.0180	-62.5115	-45.3313	-60.0879	-291.2094	-31.6977	-31.6977	-31.6977	-31.6977	-31.6977	-2588.6087	632.1770	632.1770	632.1770	632.1770	129.8807	129.8807	129.8807	129.8807	129.8807	129.8807	129.8807	129.8807	129.8807	129.8807	129.8807	129.8807
42.5369	42.5369	42.5369	42.5369	42.5369	42.5369	10.6790	10.6790	10.6790	10.6790	10.6790	-215.8292	4.9523	10.4589	27.6391	12.8825	-238.5663	-238.5663	-238.5663	-238.5663	-238.5663	-2674.2254	484.4581	484.4581	484.4581	484.4581	129.4034	129.4034	129.4034	129.4034	129.4034	129.4034	129.4034	129.4034	129.4034	129.4034	129.4034	129.4034
39.5918	39.5918	39.5918	39.5918	39.5918	39.5918	9.2427	9.2427	9.2427	9.2427	9.2427	-143.2155	-143.2155	77.5661	83.0726	100.2529	-629.8894	-629.8894	-629.8894	-629.8894	-629.8894	-2964.5839	149.0917	149.0917	149.0917	149.0917	128.9344	128.9344	128.9344	128.9344	128.9344	128.9344	128.9344	128.9344	128.9344	128.9344	128.9344	128.9344
36.4375	36.4375	36.4375	36.4375	36.4375	36.4375	4.9795	4.9795	4.9795	4.9795	4.9795	-112.5081	-112.5081	-112.5081	108.2734	113.7800	-1167.3426	-1167.3426	-1167.3426	-1167.3426	-1167.3426	-3416.3201	-343.2521	-343.2521	-343.2521	-343.2521	128.4737	128.4737	128.4737	128.4737	128.4737	128.4737	128.4737	128.4737	128.4737	128.4737	128.4737	128.4737
32.7843	32.7843	32.7843	32.7843	32.7843	32.7843	2.1893	2.1893	2.1893	2.1893	2.1893	-208.5117	-208.5117	-208.5117	-208.5117	12.2698	-1752.3192	-1752.3192	-1752.3192	-1752.3192	-1752.3192	-3939.3228	-900.4085	-900.4085	-900.4085	-900.4085	-1103.1170	-1103.1170	-1103.1170	-1103.1170	-1103.1170	-1103.1170	-1103.1170	-1103.1170	-1103.1170	-1103.1170	-1103.1170	-1103.1170
29.6929	29.6929	29.6929	29.6929	29.6929	29.6929	-3.1002	-3.1002	-3.1002	-3.1002	-3.1002	-460.5423	-460.5423	-460.5423	-460.5423	-460.5423	-2305.1914	-2305.1914	-2305.1914	-2305.1914	-2305.1914	-4419.5083	-1445.6256	-1445.6256	-1445.6256	-1445.6256	-1103.4507	-1103.4507	-1103.4507	-1103.4507	-1103.4507	-1103.4507	-1103.4507	-1103.4507	-1103.4507	-1103.4507	-1103.4507	-1103.4507
28.7932	28.7932	28.7932	28.7932	28.7932	28.7932	-19.7334	-19.7334	-19.7334	-19.7334	-19.7334	-849.7701	-849.7701	-849.7701	-849.7701	-849.7701	-2886.8425	-2886.8425	-2886.8425	-2886.8425	-2886.8425	-4838.0212	-2005.9213	-2005.9213	-2005.9213	-2005.9213	-1103.6833	-1103.6833	-1103.6833	-1103.6833	-1103.6833	-1103.6833	-1103.6833	-1103.6833	-1103.6833	-1103.6833	-1103.6833	-1103.6833
30.8727	30.8727	30.8727	30.8727	30.8727	30.8727	-51.0274	-51.0274	-51.0274	-51.0274	-51.0274	-1349.7905	-1349.7905	-1349.7905	-1349.7905	-1349.7905	-3394.3267	-3394.3267	-3394.3267	-3394.3267	-3394.3267	-5097.8939	-2507.7424	-2507.7424	-2507.7424	-2507.7424	-1103.9083	-1103.9083	-1103.9083	-1103.9083	-1103.9083	-1103.9083	-1103.9083	-1103.9083	-1103.9083	-1103.9083	-1103.9083	-1103.9083
35.1117	35.1117	35.1117	35.1117	35.1117	35.1117	-91.7250	-91.7250	-91.7250	-91.7250	-91.7250	-1929.2041	-1929.2041	-1929.2041	-1929.2041	-1929.2041	-3675.7480	-3675.7480	-3675.7480	-3675.7480	-3675.7480	-5146.6874	-2867.7436	-2867.7436	-2867.7436	-2867.7436	-1104.1258	-1104.1258	-1104.1258	-1104.1258	-1104.1258	-1104.1258	-1104.1258	-1104.1258	-1104.1258	-1104.1258	-1104.1258	-1104.1258
40.0854	40.0854	40.0854	40.0854	40.0854	40.0854	-137.1351	-137.1351	-137.1351	-137.1351	-137.1351	-2500.5186	-2500.5186	-2500.5186	-2500.5186	-2500.5186	-3701.3118	-3701.3118	-3701.3118	-3701.3118	-3701.3118	-5022.9875	-3081.9153	-3081.9153	-3081.9153	-3081.9153	-1104.3360	-1104.3360	-1104.3360	-1104.3360	-1104.3360	-1104.3360	-1104.3360	-1104.3360	-1104.3360	-1104.3360	-1104.3360	-1104.3360
44.5159	44.5159	44.5159	44.5159	44.5159	44.5159	-176.6059	-176.6059	-176.6059	-176.6059	-176.6059	-2984.2340	-2984.2340	-2984.2340	-2984.2340	-2984.2340	-3504.1112	-3504.1112	-3504.1112	-3504.1112	-3504.1112	-4775.0591	-3145.3224	-3145.3224	-3145.3224	-3145.3224	-1104.5390	-1104.5390	-1104.5390	-1104.5390	-1104.5390	-1104.5390	-1104.5390	-1104.5390	-1104.5390	-1104.5390	-1104.5390	-1104.5390
48.2286	48.2286	48.2286	48.2286	48.2286	48.2286	-201.4392	-201.4392	-201.4392	-201.4392	-201.4392	-3308.8426	-3308.8426	-3308.8426	-3308.8426	-3308.8426	-3113.0851	-3113.0851	-3113.0851	-3113.0851	-3113.0851	-4422.6536	-3052.7332	-3052.7332	-3052.7332	-3052.7332	-1104.7349	-1104.7349	-1104.7349	-1104.7349	-1104.7349	-1104.7349	-1104.7349	-1104.7349	-1104.7349	-1104.7349	-1104.7349	-1104.7349
50.6835	50.6835	50.6835	50.6835	50.6835	50.6835	-205.4811	-205.4811	-205.4811	-205.4811	-205.4811	-3440.8110	-3440.8110	-3440.8110	-3440.8110	-3440.8110	-2610.3801	-2610.3801	-2610.3801	-2610.3801	-2610.3801	-3996.9856	-2808.3954	-2808.3954	-2808.3954	-2808.3954	-1104.9238	-1104.9238	-1104.9238	-1104.9238	-1104.9238	-1104.9238	-1104.9238	-1104.9238	-1104.9238	-1104.9238	-1104.9238	-1104.9238
52.1251	52.1251	52.1251	52.1251	52.1251	52.1251	-193.7891	-193.7891	-193.7891	-193.7891	-193.7891	-3375.6215	-3375.6215	-3375.6215	-3375.6215	-3375.6215	-2066.2737	-2066.2737	-2066.2737	-2066.2737	-2066.2737	-3489.5734	-2419.5945	-2419.5945	-2419.5945	-2419.5945	-1105.1059	-1105.1059	-1105.1059	-1105.1059	-1105.1059	-1105.1059	-1105.1059	-1105.1059	-1105.1059	-1105.1059	-1105.1059	-1105.1059
53.3214	53.3214	53.3214	53.3214	53.3214	53.3214	-177.2419	-177.2419	-177.2419	-177.2419	-177.2419	-3122.1509	-3122.1509	-3122.1509	-3122.1509	-3122.1509	-1603.0741	-1603.0741	-1603.0741	-1603.0741	-1603.0741	-2929.4662	-1964.1634	-1964.1634	-1964.1634	-1964.1634	-1105.2812	-1105.2812	-1105.2812	-1105.2812	-1105.2812	-1105.2812	-1105.2812	-1105.2812	-1105.2812	-1105.2812	-1105.2812	-1105.2812
54.5633	54.5633	54.5633	54.5633	54.5633	54.5633	-162.8463	-162.8463	-162.8463	-162.8463	-162.8463	-2730.0906	-2730.0906	-2730.0906	-2730.0906	-2730.0906	-1252.4878	-1252.4878	-1252.4878	-1252.4878	-1252.4878	-2371.8919	-1512.1083	-1512.1083	-1512.1083	-1512.1083	-1105.4500	-1105.4500	-1105.4500	-1105.4500	-1105.4500	-1105.4500	-1105.4500	-1105.4500	-1105.4500	-1105.4500	-1105.4500	-1105.4500
55.3663	55.3663	55.3663	55.3663	55.3663	55.3663	-148.2495	-148.2495	-148.2495	-148.2495	-148.2495	-2289.9477	-2289.9477	-2289.9477	-2289.9477	-2289.9477	-937.9187	-937.9187	-937.9187	-937.9187	-937.9187	-1847.9818	-1062.4365	-1062.4365	-1062.4365	-1062.4365	-1105.6123	-1105.6123	-1105.6123	-1105.6123	-1105.6123	-1105.6123	-1105.6123	-1105.6123	-1105.6123	-1105.6123	-1105.6123	-1105.6123
55.6946	55.6946	55.6946	55.6946	55.6946	55.6946	-135.5490	-135.5490	-135.5490	-135.5490	-135.5490	-1842.5549	-1842.5549	-1842.5549	-1842.5549	-1842.5549	-651.6711	-651.6711	-651.6711	-651.6711	-651.6711	-1409.4816	-664.5631	-664.5631	-664.5631	-664.5631	17.9548	17.9548	17.9548	17.9548	17.9548	17.9548	17.9548	17.9548	17.9548	17.9548	17.9548	17.9548
55.5521	55.5521	55.5521	55.5521	55.5521	55.5521	-124.3365	-124.3365	-124.3365	-124.3365	-124.3365	-1422.4041	-1422.4041	-1422.4041	-1422.4041	-1422.4041	-431.9986	-431.9986	-431.9986	-431.9986	-431.9986	-1080.3800	-350.6411	-350.6411	-350.6411	-350.6411	520.8626	520.8626	520.8626	520.8626	520.8626	520.8626	520.8626	520.8626	520.8626	520.8626	520.8626	520.8626
55.2675	55.2675	55.2675	55.2675	55.2675	55.2675	-111.5236	-111.5236	-111.5236	-111.5236	-111.5236	-1065.1719	-1065.1719	-1065.1719	-1065.1719	-1065.1719	-240.8708	-240.8708	-240.8708	-240.8708	-240.8708	-837.2581	-102.6638	-102.6638	-102.6638	-102.6638	508.1473	508.1473	508.1473	508.1473	508.1473	508.1473	508.1473	508.1473	508.1473	508.1473	508.1473	508.1473
54.6145	54.6145	54.6145	54.6145	54.6145	54.6145	-97.3387	-97.3387	-97.3387	-97.3387	-97.3387	-780.8512	-780.8512	-780.8512	-780.8512	-780.8512	-65.7846	-65.7846	-65.7846	-65.7846	-65.7846	-642.2460	100.8704	100.8704	100.8704	100.8704	491.1114	491.1114	491.1114	491.1114	491.1114	491.1114	491.1114	491.1114	491.1114	491.1114	491.1114	491.1114
53.0182	53.0182	53.0182	53.0182	53.0182	53.0182	-85.5322	-85.5322	-85.5322	-85.5322	-85.5322	-553.7519	-553.7519	-553.7519	-553.7519	-553.7519	66.6502	66.6502	66.6502	66.6502	66.6502	-471.9505	267.2426	267.2426	267.2426	267.2426	474.2264	474.2264	474.2264	474.2264	474.2264	474.2264	474.2264	474.2264	474.2264	474.2264	474.2264	474.2264
50.2801	50.2801	50.2801	50.2801	50.2801	50.2801	-77.2255	-77.2255	-77.2255	-77.2255	-77.2255	-389.8287	-389.8287	-389.8287	-389.8287	-389.8287	156.5079	156.5079	156.5079	156.5079	156.5079	-309.3333	402.9330	402.9330	402.9330	402.9330	457.5226	457.5226	457.5226	457.5226	457.5226	457.5226	457.5226	457.5226	457.5226	457.5226	457.5226	457.5226
46.7570	46.7570	46.7570	46.7570	46.7570	46.7570	-71.5466	-71.5466	-71.5466	-71.5466	-71.5466	-287.1086	-287.1086	-287.1086	-287.1086	-287.1086	211.7868	211.7868	211.7868	211.7868	211.7868	-181.3804	487.9328	487.9328	487.9328	487.9328	440.9985	440.9985	440.9985	440.9985	440.9985	440.9985	440.9985	440.9985	440.9985	440.9985	440.9985	440.9985
42.6563	42.6563	42.6563	42.6563	42.6563	42.6563	-66.8822	-66.8822	-66.8822	-66.8822	-66.8822	-237.3633	-237.3633	-237.3633	-237.3633	-237.3633	251.1694	251.1694	251.1694	251.1694	251.1694	-91.1672	536.0771	536.0771	536.0771	536.0771	424.6521	424.6521	424.6521	424.6521	424.6521	424.6521	424.6521	424.6521	424.6521	424.6521	424.6521	424.6521
38.7719	38.7719	38.7719	38.7719	38.7719	38.7719	-61.7853	-61.7853	-61.7853	-61.7853	-61.7853	-224.3424	-224.3424	-224.3424	-224.3424	-224.3424	278.0425	278.0425	278.0425	278.0425	278.0425	-37.8352	557.6059	557.6059	557.6059	557.6059	408.4815	408.4815	408.4815	408.4815	408.4815	408.4815	408.4815	408.4815	408.4815	408.4815	408.4815	408.4815
35.8883	35.8883	35.8883	35.8883	35.8883	35.8883	-56.1682	-56.1682	-56.1682	-56.1682	-56.1682	-223.7744	-223.7744	-223.7744	-223.7744	-223.7744	278.7473	278.7473	278.7473	278.7473	278.7473	-22.2202	545.5677	545.5677	545.5677	545.5677	392.4848	392.4848	392.4848	392.4848	392.4848	392.4848	392.4848	392.4848	392.4848	392.4848	392.4848	392.4848
34.4914	34.4914	34.4914	34.4914	34.4914	34.4914	-49.5003	-49.5003	-49.5003	-49.5003	-49.5003	-224.7738	-224.7738	-224.7738	-224.7738	-224.7738	253.3342	253.3342	253.3342	253.3342	253.3342	-32.3710	513.7399	513.7399	513.7399	513.7399	376.6601	376.6601	376.6601	376.6601	376.6601	376.6601	376.6601	376.6601	376.6601	376.6601	376.6601	376.6601
34.1322	34.1322	34.1322	34.1322	34.1322	34.1322	-42.2405	-42.2405	-42.2405	-42.2405	-42.2405	-219.9260	-219.9260	-219.9260	-219.9260	-219.9260	212.5043	212.5043	212.5043	212.5043	212.5043	-46.6157	483.2352	483.2352	483.2352	483.2352	361.0056	361.0056	361.0056	361.0056	361.0056	361.0056	361.0056	361.0056	361.0056	361.0056	361.0056	361.0056
34.2272	34.2272	34.2272	34.2272	34.2272	34.2272	-35.0520	-35.0520	-35.0520	-35.0520	-35.0520	-205.3614	-205.3614	-205.3614	-205.3614	-205.3614	160.5401	160.5401	160.5401	160.5401	160.5401	-43.6505	466.0179	466.0179	466.0179	466.0179	345.5194	345.5194	345.5194	345.5194	345.5194	345.5194	345.5194	345.5194	345.5194	345.5194	345.5194	345.5194
33.8917	33.8917	33.8917	33.8917	33.8917	33.8917	-28.8067	-28.8067	-28.8067	-28.8067	-28.8067	-183.6038	-183.6038	-183.6038	-183.6038	-183.6038	108.9242	108.9242	108.9242	108.9242	108.9242	-23.3397	467.1149	467.1149	467.1149	467.1149	330.1999	330.1999	330.1999	330.1999	330.1999	330.1999	330.1999	330.1999	330.1999	330.1999	330.1999	330.1999
32.6578	32.6578	32.6578	32.6578	32.6578	32.6578	-23.8713	-23.8713	-23.8713	-23.8713	-23.8713	-163.5698	-163.5698	-163.5698	-163.5698	-163.5698	71.2436	71.2436	71.2436	71.2436	71.2436	-4.8907	482.0219	482.0219	482.0219	482.0219	315.0451	315.0451	315.0451	315.0451	315.0451	315.0451	315.0451	315.0451	315.0451	315.0451	315.0451	315.0451
30.1023	30.1023	30.1023	30.1023	30.1023	30.1023	-20.6386	-20.6386	-20.6386	-20.6386	-20.6386	-144.9484	-144.9484	-144.9484	-144.9484	-144.9484	53.5603	53.5603	53.5603	53.5603	53.5603	7.3658	511.2267	511.2267	511.2267	511.2267	300.0534	300.0534	300.0534	300.0534	300.0534	300.0534	300.0534	300.0534	300.0534	300.0534	300.0534	300.0534
26.6609	26.6609	26.6609	26.6609	26.6609	26.6609	-18.7066	-18.7066	-18.7066	-18.7066	-18.7066	-127.5093	-127.5093	-127.5093	-127.5093	-127.5093	48.5471	48.5471	48.5471	48.5471	48.5471	25.3977	558.0840	558.0840	558.0840	558.0840	285.2229	285.2229	285.2229	285.2229	285.2229	285.2229	285.2229	285.2229	285.2229	285.2229	285.2229	285.2229
22.9277	22.9277	22.9277	22.9277	22.9277	22.9277	-17.4382	-17.4382	-17.4382	-17.4382	-17.4382	-111.2282	-111.2282	-111.2282	-111.2282	-111.2282	42.2289	42.2289	42.2289	42.2289	42.2289	31.7900	608.5989	608.5989	608.5989	608.5989	270.5520	270.5520	270.5520	270.5520	270.5520	270.5520	270.5520	270.5520	270.5520	270.5520	270.5520	270.5520
19.7116	19.7116	19.7116	19.7116	19.7116	19.7116	-16.1551	-16.1551	-16.1551	-16.1551	-16.1551	-96.1675	-96.1675	-96.1675	-96.1675	-96.1675	30.4883	30.4883	30.4883	30.4883	30.4883	43.3467	653.8423	653.8423	653.8423	653.8423	256.0389	256.0389	256.0389	256.0389	256.0389	256.0389	256.0389	256.0389	256.0389	256.0389	256.0389	256.0389
17.4031	17.4031	17.4031	17.4031	17.4031	17.4031	-14.6582	-14.6582	-14.6582	-14.6582	-14.6582	-82.4771	-82.4771	-82.4771	-82.4771	-82.4771	16.5189	16.5189	16.5189	16.5189	16.5189	101.2301	700.7444	700.7444	700.7444	700.7444	241.6820	241.6820	241.6820	241.6820	241.6820	241.6820	241.6820	241.6820	241.6820	241.6820	241.6820	241.6820
16.3924	16.3924	16.3924	16.3924	16.3924	16.3924	-12.6434	-12.6434	-12.6434	-12.6434	-12.6434	-70.0233	-70.0233	-70.0233	-70.0233	-70.0233	7.7982	7.7982	7.7982	7.7982	7.7982	215.7242	742.5533	742.5533	742.5533	742.5533	227.4796	227.4796	227.4796	227.4796	227.4796	227.4796	227.4796	227.4796	227.4796	227.4796	227.4796	227.4796
16.3448	16.3448	16.3448	16.3448	16.3448	16.3448	-10.3134	-10.3134	-10.3134	-10.3134	-10.3134	-58.6401	-58.6401	-58.6401	-58.6401	-58.6401	17.0673	17.0673	17.0673	17.0673	17.0673	356.7279	770.3358	770.3358	770.3358	770.3358	213.4300	213.4300	213.4300	213.4300	213.4300	213.4300	213.4300	213.4300	213.4300	213.4300	213.4300	213.4300
16.6011	16.6011	16.6011	16.6011	16.6011	16.6011	-8.0092	-8.0092	-8.0092	-8.0092	-8.0092	-48.1002	-48.1002	-48.1002	-48.1002	-48.1002	51.1881	51.1881	51.1881	51.1881	51.1881	502.3685	780.4581	780.4581	780.4581	780.4581	199.5316	199.5316	199.5316	199.5316	199.5316	199.5316	199.5316	199.5316	199.5316	199.5316	199.5316	199.5316
16.6597	16.6597	16.6597	16.6597	16.6597	16.6597	-6.1182	-6.1182	-6.1182	-6.1182	-6.1182	-38.2341	-38.2341	-38.2341	-38.2341	-38.2341	103.5361	103.5361	103.5361	103.5361	103.5361	611.5171	777.3098	777.3098	777.3098	777.3098	185.7828	185.7828	185.7828	185.7828	185.7828	185.7828	185.7828	185.7828	185.7828	185.7828	185.7828	185.7828
16.5704	16.5704	16.5704	16.5704	16.5704	16.5704	-4.7337	-4.7337	-4.7337	-4.7337	-4.7337	-28.9302	-28.9302	-28.9302	-28.9302	-28.9302	161.1651	161.1651	161.1651	161.1651	161.1651	652.0767	766.0301	766.0301	766.0301	766.0301	172.1820	172.1820	172.1820	172.1820	172.1820	172.1820	172.1820	172.1820	172.1820	172.1820	172.1820	172.1820
16.1568	16.1568	16.1568	16.1568	16.1568	16.1568	-4.0027	-4.0027	-4.0027	-4.0027	-4.0027	-20.0871	-20.0871	-20.0871	-20.0871	-20.0871	213.2943	213.2943	213.2943	213.2943	213.2943	605.7911	753.7801	753.7801	753.7801	753.7801	158.7276	158.7276	158.7276	158.7276	158.7276	158.7276	158.7276	158.7276	158.7276	158.7276	158.7276	158.7276
15.5015	15.5015	15.5015	15.5015	15.5015	15.5015	-3.7288	-3.7288	-3.7288	-3.7288	-3.7288	-11.6677	-11.6677	-11.6677	-11.6677	-11.6677	258.0049	258.0049	258.0049	258.0049	258.0049	500.2612	742.8763	742.8763	742.8763	742.8763	145.4180	145.4180	145.4180	145.4180	145.4180	145.4180	145.4180	145.4180	145.4180	145.4180	145.4180	145.4180
14.8759	14.8759	14.8759	14.8759	14.8759	14.8759	-3.8056	-3.8056	-3.8056	-3.8056	-3.8056	-3.6465	-3.6465	-3.6465	-3.6465	-3.6465	293.9898	293.9898	293.9898	293.9898	293.9898	382.4159	739.9275	739.9275	739.9275	739.9275	132.2517	132.2517	132.2517	132.2517	132.2517	132.2517	132.2517	132.2517	132.2517	132.2517	132.2517	132.2517
14.3651	14.3651	14.3651	14.3651	14.3651	14.3651	-3.7683	-3.7683	-3.7683	-3.7683	-3.7683	3.8878	3.8878	3.8878	3.8878	3.8878	318.4163	318.4163	318.4163	318.4163	318.4163	287.8246	737.6191	737.6191	737.6191	737.6191	119.2272	119.2272	119.2272	119.2272	119.2272	119.2272	119.2272	119.2272	119.2272	119.2272	119.2272	119.2272
13.7813	13.7813	13.7813	13.7813	13.7813	13.7813	-3.1607	-3.1607	-3.1607	-3.1607	-3.1607	10.7314	10.7314	10.7314	10.7314	10.7314	329.3919	329.3919	329.3919	329.3919	329.3919	216.4541	723.6484	723.6484	723.6484	723.6484	106.3429	106.3429	106.3429	106.3429	106.3429	106.3429	106.3429	106.3429	106.3429	106.3429	106.3429	106.3429
13.1041	13.1041	13.1041	13.1041	13.1041	13.1041	-1.7082	-1.7082	-1.7082	-1.7082	-1.7082	16.7941	16.7941	16.7941	16.7941	16.7941	324.5278	324.5278	324.5278	324.5278	324.5278	177.8912	688.5925	688.5925	688.5925	688.5925	93.5973	93.5973	93.5973	93.5973	93.5973	93.5973	93.5973	93.5973	93.5973	93.5973	93.5973	93.5973
12.3568	12.3568	12.3568	12.3568	12.3568	12.3568	0.2904	0.2904	0.2904	0.2904	0.2904	21.9862	21.9862	21.9862	21.9862	21.9862	302.6246	302.6246	302.6246	302.6246	302.6246	160.4871	634.0396	634.0396	634.0396	634.0396	80.9891	80.9891	80.9891	80.9891	80.9891	80.9891	80.9891	80.9891	80.9891	80.9891	80.9891	80.9891
11.5762	11.5762	11.5762	11.5762	11.5762	11.5762	2.4880	2.4880	2.4880	2.4880	2.4880	26.1527	26.1527	26.1527	26.1527	26.1527	267.4048	267.4048	267.4048	267.4048	267.4048	132.4062	562.1825	562.1825	562.1825	562.1825	68.5166	68.5166	68.5166	68.5166	68.5166	68.5166	68.5166	68.5166	68.5166	68.5166	68.5166	68.5166
10.8001	10.8001	10.8001	10.8001	10.8001	10.8001	4.2918	4.2918	4.2918	4.2918	4.2918	29.2223	29.2223	29.2223	29.2223	29.2223	228.6962	228.6962	228.6962	228.6962	228.6962	89.9634	485.0342	485.0342	485.0342	485.0342	56.1785	56.1785	56.1785	56.1785	56.1785	56.1785	56.1785	56.1785	56.1785	56.1785	56.1785	56.1785
10.0389	10.0389	10.0389	10.0389	10.0389	10.0389	5.3287	5.3287	5.3287	5.3287	5.3287	31.2075	31.2075	31.2075	31.2075	31.2075	197.0603	197.0603	197.0603	197.0603	197.0603	60.3009	414.3196	414.3196	414.3196	414.3196	43.9732	43.9732	43.9732	43.9732	43.9732	43.9732	43.9732	43.9732	43.9732	43.9732	43.9732	43.9732
9.3100	9.3100	9.3100	9.3100	9.3100	9.3100	5.2939	5.2939	5.2939	5.2939	5.2939	32.1120	32.1120	32.1120	32.1120	32.1120	176.7532	176.7532	176.7532	176.7532	176.7532	50.6245	359.4213	359.4213	359.4213	359.4213	31.8995	31.8995	31.8995	31.8995	31.8995	31.8995	31.8995	31.8995	31.8995	31.8995	31.8995	31.8995
8.6045	8.6045	8.6045	8.6045	8.6045	8.6045	4.4735	4.4735	4.4735	4.4735	4.4735	31.9851	31.9851	31.9851	31.9851	31.9851	158.9424	158.9424	158.9424	158.9424	158.9424	54.7275	316.5926	316.5926	316.5926	316.5926	19.9559	19.9559	19.9559	19.9559	19.9559	19.9559	19.9559	19.9559	19.9559	19.9559	19.9559	19.9559
7.9233	7.9233	7.9233	7.9233	7.9233	7.9233	3.3767	3.3767	3.3767	3.3767	3.3767	30.6817	30.6817	30.6817	30.6817	30.6817	137.1935	137.1935	137.1935	137.1935	137.1935	73.1546	282.4619	282.4619	282.4619	282.4619	8.1410	8.1410	8.1410	8.1410	8.1410	8.1410	8.1410	8.1410	8.1410	8.1410	8.1410	8.1410
7.2350	7.2350	7.2350	7.2350	7.2350	7.2350	2.4571	2.4571	2.4571	2.4571	2.4571	28.2470	28.2470	28.2470	28.2470	28.2470	106.2290	106.2290	106.2290	106.2290	106.2290	89.8124	248.5185	248.5185	248.5185	248.5185	-3.5466	-3.5466	-3.5466	-3.5466	-3.5466	-3.5466	-3.5466	-3.5466	-3.5466	-3.5466	-3.5466	-3.5466
6.5056	6.5056	6.5056	6.5056	6.5056	6.5056	1.7616	1.7616	1.7616	1.7616	1.7616	24.9164	24.9164	24.9164	24.9164	24.9164	64.0327	64.0327	64.0327	64.0327	64.0327	83.6286	207.8016	207.8016	207.8016	207.8016	-15.1083	-15.1083	-15.1083	-15.1083	-15.1083	-15.1083	-15.1083	-15.1083	-15.1083	-15.1083	-15.1083	-15.1083
5.7186	5.7186	5.7186	5.7186	5.7186	5.7186	1.4728	1.4728	1.4728	1.4728	1.4728	20.9506	20.9506	20.9506	20.9506	20.9506	12.5006	12.5006	12.5006	12.5006	12.5006	44.4677	156.6683	156.6683	156.6683	156.6683	-26.5453	-26.5453	-26.5453	-26.5453	-26.5453	-26.5453	-26.5453	-26.5453	-26.5453	-26.5453	-26.5453	-26.5453
4.9065	4.9065	4.9065	4.9065	4.9065	4.9065	1.4868	1.4868	1.4868	1.4868	1.4868	16.6704	16.6704	16.6704	16.6704	16.6704	-38.8644	-38.8644	-38.8644	-38.8644	-38.8644	-14.4145	102.7235	102.7235	102.7235	102.7235	-37.8590	-37.8590	-37.8590	-37.8590	-37.8590	-37.8590	-37.8590	-37.8590	-37.8590	-37.8590	-37.8590	-37.8590
4.0889	4.0889	4.0889	4.0889	4.0889	4.0889	1.5040	1.5040	1.5040	1.5040	1.5040	12.5759	12.5759	12.5759	12.5759	12.5759	-82.2792	-82.2792	-82.2792	-82.2792	-82.2792	-75.3816	51.1990	51.1990	51.1990	51.1990	-49.0507	-49.0507	-49.0507	-49.0507	-49.0507	-49.0507	-49.0507	-49.0507	-49.0507	-49.0507	-49.0507	-49.0507
3.3363	3.3363	3.3363	3.3363	3.3363	3.3363	1.4069	1.4069	1.4069	1.4069	1.4069	9.0094	9.0094	9.0094	9.0094	9.0094	-111.2034	-111.2034	-111.2034	-111.2034	-111.2034	-122.7394	10.3748	10.3748	10.3748	10.3748	-60.1218	-60.1218	-60.1218	-60.1218	-60.1218	-60.1218	-60.1218	-60.1218	-60.1218	-60.1218	-60.1218	-60.1218
2.7176	2.7176	2.7176	2.7176	2.7176	2.7176	1.3654	1.3654	1.3654	1.3654	1.3654	6.1550	6.1550	6.1550	6.1550	6.1550	-125.6837	-125.6837	-125.6837	-125.6837	-125.6837	-155.5970	-15.6706	-15.6706	-15.6706	-15.6706	-71.0734	-71.0734	-71.0734	-71.0734	-71.0734	-71.0734	-71.0734	-71.0734	-71.0734	-71.0734	-71.0734	-71.0734
2.2762	2.2762	2.2762	2.2762	2.2762	2.2762	1.3806	1.3806	1.3806	1.3806	1.3806	4.1579	4.1579	4.1579	4.1579	4.1579	-123.4920	-123.4920	-123.4920	-123.4920	-123.4920	-167.1994	-22.3452	-22.3452	-22.3452	-22.3452	-81.9070	-81.9070	-81.9070	-81.9070	-81.9070	-81.9070	-81.9070	-81.9070	-81.9070	-81.9070	-81.9070	-81.9070
1.9740	1.9740	1.9740	1.9740	1.9740	1.9740	1.4312	1.4312	1.4312	1.4312	1.4312	3.0155	3.0155	3.0155	3.0155	3.0155	-105.8664	-105.8664	-105.8664	-105.8664	-105.8664	-159.8890	-12.2693	-12.2693	-12.2693	-12.2693	-92.6236	-92.6236	-92.6236	-92.6236	-92.6236	-92.6236	-92.6236	-92.6236	-92.6236	-92.6236	-92.6236	-92.6236
1.7381	1.7381	1.7381	1.7381	1.7381	1.7381	1.5261	1.5261	1.5261	1.5261	1.5261	2.5409	2.5409	2.5409	2.5409	2.5409	-81.2358	-81.2358	-81.2358	-81.2358	-81.2358	-146.8092	6.6363	6.6363	6.6363	6.6363	-103.2247	-103.2247	-103.2247	-103.2247	-103.2247	-103.2247	-103.2247	-103.2247	-103.2247	-103.2247	-103.2247	-103.2247
1.5109	1.5109	1.5109	1.5109	1.5109	1.5109	1.6079	1.6079	1.6079	1.6079	1.6079	2.4305	2.4305	2.4305	2.4305	2.4305	-58.1853	-58.1853	-58.1853	-58.1853	-58.1853	-133.2386	25.6265	25.6265	25.6265	25.6265	-113.7114	-113.7114	-113.7114	-113.7114	-113.7114	-113.7114	-113.7114	-113.7114	-113.7114	-113.7114	-113.7114	-113.7114
1.2957	1.2957	1.2957	1.2957	1.2957	1.2957	1.5939	1.5939	1.5939	1.5939	1.5939	2.2642	2.2642	2.2642	2.2642	2.2642	-36.2401	-36.2401	-36.2401	-36.2401	-36.2401	-111.0306	43.1181	43.1181	43.1181	43.1181	-124.0849	-124.0849	-124.0849	-124.0849	-124.0849	-124.0849	-124.0849	-124.0849	-124.0849	-124.0849	-124.0849	-124.0849
1.0716	1.0716	1.0716	1.0716	1.0716	1.0716	1.4423	1.4423	1.4423	1.4423	1.4423	1.9097	1.9097	1.9097	1.9097	1.9097	-22.0132	-22.0132	-22.0132	-22.0132	-22.0132	-82.2459	53.4279	53.4279	53.4279	53.4279	-134.3465	-134.3465	-134.3465	-134.3465	-134.3465	-134.3465	-134.3465	-134.3465	-134.3465	-134.3465	-134.3465	-134.3465
0.8487	0.8487	0.8487	0.8487	0.8487	0.8487	1.1940	1.1940	1.1940	1.1940	1.1940	1.3178	1.3178	1.3178	1.3178	1.3178	-19.6126	-19.6126	-19.6126	-19.6126	-19.6126	-52.2259	55.5440	55.5440	55.5440	55.5440	-144.4973	-144.4973	-144.4973	-144.4973	-144.4973	-144.4973	-144.4973	-144.4973	-144.4973	-144.4973	-144.4973	-144.4973
0.4877	0.4877	0.4877	0.4877	0.4877	0.4877	0.7574	0.7574	0.7574	0.7574	0.7574	0.2556	0.2556	0.2556	0.2556	0.2556	-28.1992	-28.1992	-28.1992	-28.1992	-28.1992	-26.1719	51.2978	51.2978	51.2978	51.2978	-154.5385	-154.5385	-154.5385	-154.5385	-154.5385	-154.5385	-154.5385	-154.5385	-154.5385	-154.5385	-154.5385	-154.5385
0.3919	0.3919	0.3919	0.3919	0.3919	0.3919	0.5779	0.5779	0.5779	0.5779	0.5779	-0.5490	-0.5490	-0.5490	-0.5490	-0.5490	-41.7969	-41.7969	-41.7969	-41.7969	-41.7969	-5.9163	44.9360	44.9360	44.9360	44.9360	-164.4713	-164.4713	-164.4713	-164.4713	-164.4713	-164.4713	-164.4713	-164.4713	-164.4713	-164.4713	-164.4713	-164.4713
0.3165	0.3165	0.3165	0.3165	0.3165	0.3165	0.4378	0.4378	0.4378	0.4378	0.4378	-1.2854	-1.2854	-1.2854	-1.2854	-1.2854	-53.8732	-53.8732	-53.8732	-53.8732	-53.8732	8.5656	40.3351	40.3351	40.3351	40.3351	-174.2969	-174.2969	-174.2969	-174.2969	-174.2969	-174.2969	-174.2969	-174.2969	-174.2969	-174.2969	-174.2969	-174.2969
0.2575	0.2575	0.2575	0.2575	0.2575	0.2575	0.3444	0.3444	0.3444	0.3444	0.3444	-1.8405	-1.8405	-1.8405	-1.8405	-1.8405	-60.1768	-60.1768	-60.1768	-60.1768	-60.1768	17.8885	39.4177	39.4177	39.4177	39.4177	-184.0163	-184.0163	-184.0163	-184.0163	-184.0163	-184.0163	-184.0163	-184.0163	-184.0163	-184.0163	-184.0163	-184.0163
0.2129	0.2129	0.2129	0.2129	0.2129	0.2129	0.2912	0.2912	0.2912	0.2912	0.2912	-2.1219	-2.1219	-2.1219	-2.1219	-2.1219	-59.5554	-59.5554	-59.5554	-59.5554	-59.5554	22.7162	41.7696	41.7696	41.7696	41.7696	-193.6308	-193.6308	-193.6308	-193.6308	-193.6308	-193.6308	-193.6308	-193.6308	-193.6308	-193.6308	-193.6308	-193.6308
0.1817	0.1817	0.1817	0.1817	0.1817	0.1817	0.2673	0.2673	0.2673	0.2673	0.2673	-2.1086	-2.1086	-2.1086	-2.1086	-2.1086	-53.1895	-53.1895	-53.1895	-53.1895	-53.1895	23.0459	45.5151	45.5151	45.5151	45.5151	-203.1413	-203.1413	-203.1413	-203.1413	-203.1413	-203.1413	-203.1413	-203.1413	-203.1413	-203.1413	-203.1413	-203.1413
0.1629	0.1629	0.1629	0.1629	0.1629	0.1629	0.2594	0.2594	0.2594	0.2594	0.2594	-1.7663	-1.7663	-1.7663	-1.7663	-1.7663	-44.2785	-44.2785	-44.2785	-44.2785	-44.2785	18.1497	47.5760	47.5760	47.5760	47.5760	-212.5492	-212.5492	-212.5492	-212.5492	-212.5492	-212.5492	-212.5492	-212.5492	-212.5492	-212.5492	-212.5492	-212.5492
0.1557	0.1557	0.1557	0.1557	0.1557	0.1557	0.2529	0.2529	0.2529	0.2529	0.2529	-1.0798	-1.0798	-1.0798	-1.0798	-1.0798	-36.6950	-36.6950	-36.6950	-36.6950	-36.6950	7.0579	44.4735	44.4735	44.4735	44.4735	-221.8553	-221.8553	-221.8553	-221.8553	-221.8553	-221.8553	-221.8553	-221.8553	-221.8553	-221.8553	-221.8553	-221.8553
0.1595	0.1595	0.1595	0.1595	0.1595	0.1595	0.2344	0.2344	0.2344	0.2344	0.2344	-0.0492	-0.0492	-0.0492	-0.0492	-0.0492	-34.5561	-34.5561	-34.5561	-34.5561	-34.5561	-11.4393	32.6476	32.6476	32.6476	32.6476	-231.0609	-231.0609	-231.0609	-231.0609	-231.0609	-231.0609	-231.0609	-231.0609	-231.0609	-231.0609	-231.0609	-231.0609
0.1734	0.1734	0.1734	0.1734	0.1734	0.1734	0.1904	0.1904	0.1904	0.1904	0.1904	1.3255	1.3255	1.3255	1.3255	1.3255	-42.0935	-42.0935	-42.0935	-42.0935	-42.0935	-38.6120	8.4780	8.4780	8.4780	8.4780	-240.1669	-240.1669	-240.1669	-240.1669	-240.1669	-240.1669	-240.1669	-240.1669	-240.1669	-240.1669	-240.1669	-240.1669
0.2777	0.2777	0.2777	0.2777	0.2777	0.2777	0.4015	0.4015	0.4015	0.4015	0.4015	-1.2261	-1.2261	-1.2261	-1.2261	-1.2261	-31.4341	-31.4341	-31.4341	-31.4341	-31.4341	0.0225	0.3949	0.3949	0.3949	0.3949	0.0000	0.0000	0.0000	0.0000	0.0000	0.0000	0.0000	0.0000	0.0000	0.0000	0.0000	0.0000
Female migration
384.4280	316.0933	301.5015	165.3772	79.2019	-203.0819	-604.4115	-810.7707	-1846.9774	-3084.7800	-8240.1569	-3821.7875	-3821.7875	-3821.7875	-3821.7875	-3821.7875	-2147.1075	-2147.1075	-2147.1075	-2147.1075	-2147.1075	-5443.4085	-2523.4252	-2523.4252	-2523.4252	-2523.4252	-2.8728	-2.8728	-2.8728	-2.8728	-2.8728	-2.8728	-2.8728	-2.8728	-2.8728	-2.8728	-2.8728	-2.8728
28.5925	397.5533	329.2186	314.6268	178.5025	92.3272	-199.2122	-589.8477	-796.2069	-1832.4136	-3070.2162	-739.4651	-1076.0843	-1076.0843	-1076.0843	-1076.0843	-1319.7184	-1319.7184	-1319.7184	-1319.7184	-1319.7184	-4321.4967	-1373.3907	-1373.3907	-1373.3907	-1373.3907	-2.8712	-2.8712	-2.8712	-2.8712	-2.8712	-2.8712	-2.8712	-2.8712	-2.8712	-2.8712	-2.8712	-2.8712
38.3510	38.3146	407.2754	338.9407	324.3489	188.2246	97.3188	-184.9649	-575.6004	-781.9596	-1818.1663	1551.5311	2009.1665	1679.0165	1679.0165	1679.0165	-564.7646	-564.7646	-564.7646	-564.7646	-564.7646	-3267.3914	-295.7916	-295.7916	-295.7916	-295.7916	-2.8696	-2.8696	-2.8696	-2.8696	-2.8696	-2.8696	-2.8696	-2.8696	-2.8696	-2.8696	-2.8696	-2.8696
45.2336	45.2336	45.1973	414.1581	345.8234	331.2316	196.8820	110.7067	-171.5771	-562.2126	-768.5717	1036.0852	1061.8418	1519.4771	1194.9186	1194.9186	-325.5593	-325.5593	-325.5593	-325.5593	-325.5593	-2958.7702	34.7467	34.7467	34.7467	34.7467	-2.8681	-2.8681	-2.8681	-2.8681	-2.8681	-2.8681	-2.8681	-2.8681	-2.8681	-2.8681	-2.8681	-2.8681
49.8406	49.8406	49.8406	49.8043	418.7651	350.4304	344.9920	208.8677	122.6924	-159.5914	-550.2269	426.4700	595.6960	621.4527	1079.0880	759.2432	-206.5838	-206.5838	-206.5838	-206.5838	-206.5838	-2802.8035	214.1057	214.1057	214.1057	214.1057	-2.8665	-2.8665	-2.8665	-2.8665	-2.8665	-2.8665	-2.8665	-2.8665	-2.8665	-2.8665	-2.8665	-2.8665
52.7562	52.7562	52.7562	52.7562	52.7199	421.6807	369.5858	354.9940	218.8697	132.6943	-149.5894	418.7316	41.2602	210.4862	236.2429	693.8782	-164.8737	-164.8737	-164.8737	-164.8737	-164.8737	-2750.1391	295.0013	295.0013	295.0013	295.0013	-2.8649	-2.8649	-2.8649	-2.8649	-2.8649	-2.8649	-2.8649	-2.8649	-2.8649	-2.8649	-2.8649	-2.8649
54.5442	54.5442	54.5442	54.5442	54.5442	54.5078	445.3958	377.0611	362.4693	226.3450	140.1697	211.3318	94.8720	-282.5993	-113.3733	-87.6167	-159.3936	-159.3936	-159.3936	-159.3936	-159.3936	-2753.0418	328.2207	328.2207	328.2207	328.2207	-2.8634	-2.8634	-2.8634	-2.8634	-2.8634	-2.8634	-2.8634	-2.8634	-2.8634	-2.8634	-2.8634	-2.8634
55.7072	55.7072	55.7072	55.7072	55.7072	55.7072	80.9572	449.9180	381.5833	366.9915	230.8672	3.3557	-47.0787	-163.5384	-541.0098	-371.7838	-154.9279	-154.9279	-154.9279	-154.9279	-154.9279	-2768.0389	359.3543	359.3543	359.3543	359.3543	-2.8618	-2.8618	-2.8618	-2.8618	-2.8618	-2.8618	-2.8618	-2.8618	-2.8618	-2.8618	-2.8618	-2.8618
56.6462	56.6462	56.6462	56.6462	56.6462	56.6462	82.3297	82.2933	451.2541	382.9195	368.3276	45.5855	-182.5593	-232.9937	-349.4535	-726.9248	-125.8744	-125.8744	-125.8744	-125.8744	-125.8744	-2760.3369	423.7560	423.7560	423.7560	423.7560	-2.8603	-2.8603	-2.8603	-2.8603	-2.8603	-2.8603	-2.8603	-2.8603	-2.8603	-2.8603	-2.8603	-2.8603
57.4567	57.4567	57.4567	57.4567	57.4567	57.4567	80.8279	80.8279	80.7916	449.7524	381.4177	-86.2551	-64.2611	-292.4059	-342.8403	-459.3000	-75.4718	-75.4718	-75.4718	-75.4718	-75.4718	-2721.1805	526.0694	526.0694	526.0694	526.0694	-2.8587	-2.8587	-2.8587	-2.8587	-2.8587	-2.8587	-2.8587	-2.8587	-2.8587	-2.8587	-2.8587	-2.8587
57.9082	57.9082	57.9082	57.9082	57.9082	57.9082	77.4564	77.4564	77.4564	77.4200	446.3808	-98.9198	-120.6996	-98.7056	-326.8503	-377.2848	-37.6651	-37.6651	-37.6651	-37.6651	-37.6651	-2670.6525	637.1167	637.1167	637.1167	637.1167	-2.8572	-2.8572	-2.8572	-2.8572	-2.8572	-2.8572	-2.8572	-2.8572	-2.8572	-2.8572	-2.8572	-2.8572
57.4852	57.4852	57.4852	57.4852	57.4852	57.4852	73.7254	73.7254	73.7254	73.7254	73.7254	-118.7840	-70.3652	-92.1451	-70.1510	-298.2958	-72.9265	-72.9265	-72.9265	-72.9265	-72.9265	-2660.3490	691.8461	691.8461	691.8461	691.8461	-2.8557	-2.8557	-2.8557	-2.8557	-2.8557	-2.8557	-2.8557	-2.8557	-2.8557	-2.8557	-2.8557	-2.8557
55.5502	55.5502	55.5502	55.5502	55.5502	55.5502	71.3780	71.3780	71.3780	71.3780	71.3780	-298.6278	-53.2265	-4.8077	-26.5876	-4.5935	-252.7908	-252.7908	-252.7908	-252.7908	-252.7908	-2761.0292	604.1740	604.1740	604.1740	604.1740	-2.8542	-2.8542	-2.8542	-2.8542	-2.8542	-2.8542	-2.8542	-2.8542	-2.8542	-2.8542	-2.8542	-2.8542
51.8116	51.8116	51.8116	51.8116	51.8116	51.8116	71.4982	71.4982	71.4982	71.4982	71.4982	-236.6939	-236.6939	8.7074	57.1262	35.3464	-615.5490	-615.5490	-615.5490	-615.5490	-615.5490	-3024.2267	312.5372	312.5372	312.5372	312.5372	-2.8526	-2.8526	-2.8526	-2.8526	-2.8526	-2.8526	-2.8526	-2.8526	-2.8526	-2.8526	-2.8526	-2.8526
46.9961	46.9961	46.9961	46.9961	46.9961	46.9961	73.2335	73.2335	73.2335	73.2335	73.2335	-225.6897	-225.6897	-225.6897	19.7116	68.1304	-1102.8432	-1102.8432	-1102.8432	-1102.8432	-1102.8432	-3424.1383	-151.7171	-151.7171	-151.7171	-151.7171	-12.6815	-12.6815	-12.6815	-12.6815	-12.6815	-12.6815	-12.6815	-12.6815	-12.6815	-12.6815	-12.6815	-12.6815
41.2664	41.2664	41.2664	41.2664	41.2664	41.2664	75.4055	75.4055	75.4055	75.4055	75.4055	-347.5059	-347.5059	-347.5059	-347.5059	-102.1046	-1597.5486	-1597.5486	-1597.5486	-1597.5486	-1597.5486	-3885.6073	-687.8821	-687.8821	-687.8821	-687.8821	-1081.6469	-1081.6469	-1081.6469	-1081.6469	-1081.6469	-1081.6469	-1081.6469	-1081.6469	-1081.6469	-1081.6469	-1081.6469	-1081.6469
36.3761	36.3761	36.3761	36.3761	36.3761	36.3761	76.2955	76.2955	76.2955	76.2955	76.2955	-621.8504	-621.8504	-621.8504	-621.8504	-621.8504	-2033.8536	-2033.8536	-2033.8536	-2033.8536	-2033.8536	-4327.0670	-1215.4100	-1215.4100	-1215.4100	-1215.4100	-1081.1913	-1081.1913	-1081.1913	-1081.1913	-1081.1913	-1081.1913	-1081.1913	-1081.1913	-1081.1913	-1081.1913	-1081.1913	-1081.1913
34.3626	34.3626	34.3626	34.3626	34.3626	34.3626	75.0963	75.0963	75.0963	75.0963	75.0963	-1016.7322	-1016.7322	-1016.7322	-1016.7322	-1016.7322	-2482.8462	-2482.8462	-2482.8462	-2482.8462	-2482.8462	-4748.0899	-1760.2536	-1760.2536	-1760.2536	-1760.2536	-1080.7331	-1080.7331	-1080.7331	-1080.7331	-1080.7331	-1080.7331	-1080.7331	-1080.7331	-1080.7331	-1080.7331	-1080.7331	-1080.7331
36.3718	36.3718	36.3718	36.3718	36.3718	36.3718	71.0384	71.0384	71.0384	71.0384	71.0384	-1501.3696	-1501.3696	-1501.3696	-1501.3696	-1501.3696	-2884.1015	-2884.1015	-2884.1015	-2884.1015	-2884.1015	-5073.0857	-2252.8945	-2252.8945	-2252.8945	-2252.8945	-1080.2752	-1080.2752	-1080.2752	-1080.2752	-1080.2752	-1080.2752	-1080.2752	-1080.2752	-1080.2752	-1080.2752	-1080.2752	-1080.2752
41.2983	41.2983	41.2983	41.2983	41.2983	41.2983	65.0447	65.0447	65.0447	65.0447	65.0447	-2051.3877	-2051.3877	-2051.3877	-2051.3877	-2051.3877	-3132.6579	-3132.6579	-3132.6579	-3132.6579	-3132.6579	-5241.2739	-2620.0332	-2620.0332	-2620.0332	-2620.0332	-1079.8174	-1079.8174	-1079.8174	-1079.8174	-1079.8174	-1079.8174	-1079.8174	-1079.8174	-1079.8174	-1079.8174	-1079.8174	-1079.8174
47.0994	47.0994	47.0994	47.0994	47.0994	47.0994	58.5218	58.5218	58.5218	58.5218	58.5218	-2586.1584	-2586.1584	-2586.1584	-2586.1584	-2586.1584	-3223.4415	-3223.4415	-3223.4415	-3223.4415	-3223.4415	-5267.9682	-2859.0379	-2859.0379	-2859.0379	-2859.0379	-1079.3599	-1079.3599	-1079.3599	-1079.3599	-1079.3599	-1079.3599	-1079.3599	-1079.3599	-1079.3599	-1079.3599	-1079.3599	-1079.3599
52.0979	52.0979	52.0979	52.0979	52.0979	52.0979	52.9950	52.9950	52.9950	52.9950	52.9950	-3033.9600	-3033.9600	-3033.9600	-3033.9600	-3033.9600	-3159.1907	-3159.1907	-3159.1907	-3159.1907	-3159.1907	-5158.0193	-2955.7188	-2955.7188	-2955.7188	-2955.7188	-1078.9025	-1078.9025	-1078.9025	-1078.9025	-1078.9025	-1078.9025	-1078.9025	-1078.9025	-1078.9025	-1078.9025	-1078.9025	-1078.9025
56.2552	56.2552	56.2552	56.2552	56.2552	56.2552	48.9863	48.9863	48.9863	48.9863	48.9863	-3331.9769	-3331.9769	-3331.9769	-3331.9769	-3331.9769	-2930.8261	-2930.8261	-2930.8261	-2930.8261	-2930.8261	-4918.5917	-2909.3355	-2909.3355	-2909.3355	-2909.3355	-1078.4454	-1078.4454	-1078.4454	-1078.4454	-1078.4454	-1078.4454	-1078.4454	-1078.4454	-1078.4454	-1078.4454	-1078.4454	-1078.4454
58.9141	58.9141	58.9141	58.9141	58.9141	58.9141	47.2208	47.2208	47.2208	47.2208	47.2208	-3450.0034	-3450.0034	-3450.0034	-3450.0034	-3450.0034	-2566.4564	-2566.4564	-2566.4564	-2566.4564	-2566.4564	-4540.2957	-2700.2252	-2700.2252	-2700.2252	-2700.2252	-1077.9884	-1077.9884	-1077.9884	-1077.9884	-1077.9884	-1077.9884	-1077.9884	-1077.9884	-1077.9884	-1077.9884	-1077.9884	-1077.9884
60.3506	60.3506	60.3506	60.3506	60.3506	60.3506	47.3131	47.3131	47.3131	47.3131	47.3131	-3384.3330	-3384.3330	-3384.3330	-3384.3330	-3384.3330	-2109.3817	-2109.3817	-2109.3817	-2109.3817	-2109.3817	-3996.4836	-2303.4524	-2303.4524	-2303.4524	-2303.4524	-1077.5317	-1077.5317	-1077.5317	-1077.5317	-1077.5317	-1077.5317	-1077.5317	-1077.5317	-1077.5317	-1077.5317	-1077.5317	-1077.5317
61.6965	61.6965	61.6965	61.6965	61.6965	61.6965	47.3105	47.3105	47.3105	47.3105	47.3105	-3142.7381	-3142.7381	-3142.7381	-3142.7381	-3142.7381	-1654.9010	-1654.9010	-1654.9010	-1654.9010	-1654.9010	-3328.6024	-1780.2598	-1780.2598	-1780.2598	-1780.2598	-1077.0751	-1077.0751	-1077.0751	-1077.0751	-1077.0751	-1077.0751	-1077.0751	-1077.0751	-1077.0751	-1077.0751	-1077.0751	-1077.0751
63.1008	63.1008	63.1008	63.1008	63.1008	63.1008	47.4043	47.4043	47.4043	47.4043	47.4043	-2770.6130	-2770.6130	-2770.6130	-2770.6130	-2770.6130	-1259.4823	-1259.4823	-1259.4823	-1259.4823	-1259.4823	-2634.2383	-1222.8066	-1222.8066	-1222.8066	-1222.8066	-341.5853	-341.5853	-341.5853	-341.5853	-341.5853	-341.5853	-341.5853	-341.5853	-341.5853	-341.5853	-341.5853	-341.5853
63.5484	63.5484	63.5484	63.5484	63.5484	63.5484	49.7397	49.7397	49.7397	49.7397	49.7397	-2350.9740	-2350.9740	-2350.9740	-2350.9740	-2350.9740	-888.2031	-888.2031	-888.2031	-888.2031	-888.2031	-1965.9299	-655.9000	-655.9000	-655.9000	-655.9000	208.0771	208.0771	208.0771	208.0771	208.0771	208.0771	208.0771	208.0771	208.0771	208.0771	208.0771	208.0771
62.8349	62.8349	62.8349	62.8349	62.8349	62.8349	54.8475	54.8475	54.8475	54.8475	54.8475	-1921.9170	-1921.9170	-1921.9170	-1921.9170	-1921.9170	-572.7762	-572.7762	-572.7762	-572.7762	-572.7762	-1421.6018	-168.5462	-168.5462	-168.5462	-168.5462	210.0869	210.0869	210.0869	210.0869	210.0869	210.0869	210.0869	210.0869	210.0869	210.0869	210.0869	210.0869
61.2353	61.2353	61.2353	61.2353	61.2353	61.2353	61.6739	61.6739	61.6739	61.6739	61.6739	-1515.9395	-1515.9395	-1515.9395	-1515.9395	-1515.9395	-355.6813	-355.6813	-355.6813	-355.6813	-355.6813	-1045.0692	185.0763	185.0763	185.0763	185.0763	205.0314	205.0314	205.0314	205.0314	205.0314	205.0314	205.0314	205.0314	205.0314	205.0314	205.0314	205.0314
59.0616	59.0616	59.0616	59.0616	59.0616	59.0616	69.6030	69.6030	69.6030	69.6030	69.6030	-1166.5466	-1166.5466	-1166.5466	-1166.5466	-1166.5466	-213.1841	-213.1841	-213.1841	-213.1841	-213.1841	-818.8166	403.7545	403.7545	403.7545	403.7545	199.9300	199.9300	199.9300	199.9300	199.9300	199.9300	199.9300	199.9300	199.9300	199.9300	199.9300	199.9300
56.8374	56.8374	56.8374	56.8374	56.8374	56.8374	76.3243	76.3243	76.3243	76.3243	76.3243	-883.7455	-883.7455	-883.7455	-883.7455	-883.7455	-113.4291	-113.4291	-113.4291	-113.4291	-113.4291	-682.7898	532.5449	532.5449	532.5449	532.5449	194.8518	194.8518	194.8518	194.8518	194.8518	194.8518	194.8518	194.8518	194.8518	194.8518	194.8518	194.8518
54.9062	54.9062	54.9062	54.9062	54.9062	54.9062	79.5422	79.5422	79.5422	79.5422	79.5422	-654.0458	-654.0458	-654.0458	-654.0458	-654.0458	-53.6527	-53.6527	-53.6527	-53.6527	-53.6527	-587.5917	620.2347	620.2347	620.2347	620.2347	189.7974	189.7974	189.7974	189.7974	189.7974	189.7974	189.7974	189.7974	189.7974	189.7974	189.7974	189.7974
53.5499	53.5499	53.5499	53.5499	53.5499	53.5499	77.8271	77.8271	77.8271	77.8271	77.8271	-483.8370	-483.8370	-483.8370	-483.8370	-483.8370	-8.1133	-8.1133	-8.1133	-8.1133	-8.1133	-491.4567	702.2790	702.2790	702.2790	702.2790	184.7667	184.7667	184.7667	184.7667	184.7667	184.7667	184.7667	184.7667	184.7667	184.7667	184.7667	184.7667
52.5506	52.5506	52.5506	52.5506	52.5506	52.5506	72.4392	72.4392	72.4392	72.4392	72.4392	-372.0521	-372.0521	-372.0521	-372.0521	-372.0521	30.3266	30.3266	30.3266	30.3266	30.3266	-423.9275	750.1865	750.1865	750.1865	750.1865	179.7596	179.7596	179.7596	179.7596	179.7596	179.7596	179.7596	179.7596	179.7596	179.7596	179.7596	179.7596
51.6480	51.6480	51.6480	51.6480	51.6480	51.6480	65.9507	65.9507	65.9507	65.9507	65.9507	-312.2490	-312.2490	-312.2490	-312.2490	-312.2490	82.6658	82.6658	82.6658	82.6658	82.6658	-381.9631	779.8923	779.8923	779.8923	779.8923	174.7761	174.7761	174.7761	174.7761	174.7761	174.7761	174.7761	174.7761	174.7761	174.7761	174.7761	174.7761
50.3678	50.3678	50.3678	50.3678	50.3678	50.3678	60.1557	60.1557	60.1557	60.1557	60.1557	-289.7611	-289.7611	-289.7611	-289.7611	-289.7611	137.4515	137.4515	137.4515	137.4515	137.4515	-362.6027	790.4508	790.4508	790.4508	790.4508	169.8160	169.8160	169.8160	169.8160	169.8160	169.8160	169.8160	169.8160	169.8160	169.8160	169.8160	169.8160
48.4275	48.4275	48.4275	48.4275	48.4275	48.4275	54.6914	54.6914	54.6914	54.6914	54.6914	-281.6978	-281.6978	-281.6978	-281.6978	-281.6978	168.7150	168.7150	168.7150	168.7150	168.7150	-369.2300	760.1082	760.1082	760.1082	760.1082	164.8792	164.8792	164.8792	164.8792	164.8792	164.8792	164.8792	164.8792	164.8792	164.8792	164.8792	164.8792
45.6040	45.6040	45.6040	45.6040	45.6040	45.6040	50.1614	50.1614	50.1614	50.1614	50.1614	-277.8538	-277.8538	-277.8538	-277.8538	-277.8538	158.2130	158.2130	158.2130	158.2130	158.2130	-389.7493	695.0183	695.0183	695.0183	695.0183	159.9655	159.9655	159.9655	159.9655	159.9655	159.9655	159.9655	159.9655	159.9655	159.9655	159.9655	159.9655
42.1892	42.1892	42.1892	42.1892	42.1892	42.1892	46.4105	46.4105	46.4105	46.4105	46.4105	-270.9113	-270.9113	-270.9113	-270.9113	-270.9113	111.5128	111.5128	111.5128	111.5128	111.5128	-399.5496	627.0569	627.0569	627.0569	627.0569	155.0750	155.0750	155.0750	155.0750	155.0750	155.0750	155.0750	155.0750	155.0750	155.0750	155.0750	155.0750
38.5357	38.5357	38.5357	38.5357	38.5357	38.5357	42.4121	42.4121	42.4121	42.4121	42.4121	-256.4224	-256.4224	-256.4224	-256.4224	-256.4224	30.2989	30.2989	30.2989	30.2989	30.2989	-388.5511	573.3573	573.3573	573.3573	573.3573	150.2075	150.2075	150.2075	150.2075	150.2075	150.2075	150.2075	150.2075	150.2075	150.2075	150.2075	150.2075
35.1855	35.1855	35.1855	35.1855	35.1855	35.1855	38.2501	38.2501	38.2501	38.2501	38.2501	-235.7892	-235.7892	-235.7892	-235.7892	-235.7892	-60.3794	-60.3794	-60.3794	-60.3794	-60.3794	-361.4208	544.3122	544.3122	544.3122	544.3122	145.3629	145.3629	145.3629	145.3629	145.3629	145.3629	145.3629	145.3629	145.3629	145.3629	145.3629	145.3629
32.4647	32.4647	32.4647	32.4647	32.4647	32.4647	35.1369	35.1369	35.1369	35.1369	35.1369	-216.2637	-216.2637	-216.2637	-216.2637	-216.2637	-140.1016	-140.1016	-140.1016	-140.1016	-140.1016	-335.5952	533.8502	533.8502	533.8502	533.8502	140.5411	140.5411	140.5411	140.5411	140.5411	140.5411	140.5411	140.5411	140.5411	140.5411	140.5411	140.5411
30.6594	30.6594	30.6594	30.6594	30.6594	30.6594	33.4179	33.4179	33.4179	33.4179	33.4179	-197.0275	-197.0275	-197.0275	-197.0275	-197.0275	-181.1550	-181.1550	-181.1550	-181.1550	-181.1550	-314.4368	546.8378	546.8378	546.8378	546.8378	135.7420	135.7420	135.7420	135.7420	135.7420	135.7420	135.7420	135.7420	135.7420	135.7420	135.7420	135.7420
29.5579	29.5579	29.5579	29.5579	29.5579	29.5579	32.7249	32.7249	32.7249	32.7249	32.7249	-177.6254	-177.6254	-177.6254	-177.6254	-177.6254	-175.2599	-175.2599	-175.2599	-175.2599	-175.2599	-283.5036	589.9030	589.9030	589.9030	589.9030	130.9655	130.9655	130.9655	130.9655	130.9655	130.9655	130.9655	130.9655	130.9655	130.9655	130.9655	130.9655
28.6499	28.6499	28.6499	28.6499	28.6499	28.6499	32.4304	32.4304	32.4304	32.4304	32.4304	-157.9785	-157.9785	-157.9785	-157.9785	-157.9785	-127.9882	-127.9882	-127.9882	-127.9882	-127.9882	-240.9586	648.3733	648.3733	648.3733	648.3733	126.2115	126.2115	126.2115	126.2115	126.2115	126.2115	126.2115	126.2115	126.2115	126.2115	126.2115	126.2115
27.6688	27.6688	27.6688	27.6688	27.6688	27.6688	31.9552	31.9552	31.9552	31.9552	31.9552	-138.5392	-138.5392	-138.5392	-138.5392	-138.5392	-61.8641	-61.8641	-61.8641	-61.8641	-61.8641	-194.3423	704.3876	704.3876	704.3876	704.3876	121.4800	121.4800	121.4800	121.4800	121.4800	121.4800	121.4800	121.4800	121.4800	121.4800	121.4800	121.4800
26.8047	26.8047	26.8047	26.8047	26.8047	26.8047	31.1997	31.1997	31.1997	31.1997	31.1997	-120.2911	-120.2911	-120.2911	-120.2911	-120.2911	4.3548	4.3548	4.3548	4.3548	4.3548	-143.7943	761.2568	761.2568	761.2568	761.2568	116.7707	116.7707	116.7707	116.7707	116.7707	116.7707	116.7707	116.7707	116.7707	116.7707	116.7707	116.7707
26.0029	26.0029	26.0029	26.0029	26.0029	26.0029	29.9138	29.9138	29.9138	29.9138	29.9138	-103.3688	-103.3688	-103.3688	-103.3688	-103.3688	52.4768	52.4768	52.4768	52.4768	52.4768	-105.0787	799.8674	799.8674	799.8674	799.8674	112.0836	112.0836	112.0836	112.0836	112.0836	112.0836	112.0836	112.0836	112.0836	112.0836	112.0836	112.0836
25.2449	25.2449	25.2449	25.2449	25.2449	25.2449	28.2137	28.2137	28.2137	28.2137	28.2137	-87.8394	-87.8394	-87.8394	-87.8394	-87.8394	87.8913	87.8913	87.8913	87.8913	87.8913	-95.4186	802.5586	802.5586	802.5586	802.5586	107.4187	107.4187	107.4187	107.4187	107.4187	107.4187	107.4187	107.4187	107.4187	107.4187	107.4187	107.4187
24.6178	24.6178	24.6178	24.6178	24.6178	24.6178	26.6678	26.6678	26.6678	26.6678	26.6678	-73.6644	-73.6644	-73.6644	-73.6644	-73.6644	110.3652	110.3652	110.3652	110.3652	110.3652	-134.1471	763.6684	763.6684	763.6684	763.6684	102.7757	102.7757	102.7757	102.7757	102.7757	102.7757	102.7757	102.7757	102.7757	102.7757	102.7757	102.7757
24.0426	24.0426	24.0426	24.0426	24.0426	24.0426	25.2526	25.2526	25.2526	25.2526	25.2526	-60.7378	-60.7378	-60.7378	-60.7378	-60.7378	126.8156	126.8156	126.8156	126.8156	126.8156	-194.1279	700.6042	700.6042	700.6042	700.6042	98.1547	98.1547	98.1547	98.1547	98.1547	98.1547	98.1547	98.1547	98.1547	98.1547	98.1547	98.1547
23.3204	23.3204	23.3204	23.3204	23.3204	23.3204	23.3675	23.3675	23.3675	23.3675	23.3675	-48.8870	-48.8870	-48.8870	-48.8870	-48.8870	153.5221	153.5221	153.5221	153.5221	153.5221	-230.2504	633.2538	633.2538	633.2538	633.2538	93.5556	93.5556	93.5556	93.5556	93.5556	93.5556	93.5556	93.5556	93.5556	93.5556	93.5556	93.5556
22.3690	22.3690	22.3690	22.3690	22.3690	22.3690	20.8672	20.8672	20.8672	20.8672	20.8672	-38.1044	-38.1044	-38.1044	-38.1044	-38.1044	186.8480	186.8480	186.8480	186.8480	186.8480	-211.9724	583.0217	583.0217	583.0217	583.0217	88.9781	88.9781	88.9781	88.9781	88.9781	88.9781	88.9781	88.9781	88.9781	88.9781	88.9781	88.9781
21.2576	21.2576	21.2576	21.2576	21.2576	21.2576	18.0091	18.0091	18.0091	18.0091	18.0091	-28.4130	-28.4130	-28.4130	-28.4130	-28.4130	201.9392	201.9392	201.9392	201.9392	201.9392	-150.2250	552.5155	552.5155	552.5155	552.5155	84.4223	84.4223	84.4223	84.4223	84.4223	84.4223	84.4223	84.4223	84.4223	84.4223	84.4223	84.4223
20.0955	20.0955	20.0955	20.0955	20.0955	20.0955	14.9499	14.9499	14.9499	14.9499	14.9499	-20.0064	-20.0064	-20.0064	-20.0064	-20.0064	187.5785	187.5785	187.5785	187.5785	187.5785	-47.3129	546.3444	546.3444	546.3444	546.3444	79.8880	79.8880	79.8880	79.8880	79.8880	79.8880	79.8880	79.8880	79.8880	79.8880	79.8880	79.8880
19.0082	19.0082	19.0082	19.0082	19.0082	19.0082	12.2577	12.2577	12.2577	12.2577	12.2577	-13.0012	-13.0012	-13.0012	-13.0012	-13.0012	148.3043	148.3043	148.3043	148.3043	148.3043	53.7219	553.2598	553.2598	553.2598	553.2598	75.3752	75.3752	75.3752	75.3752	75.3752	75.3752	75.3752	75.3752	75.3752	75.3752	75.3752	75.3752
18.0348	18.0348	18.0348	18.0348	18.0348	18.0348	10.4860	10.4860	10.4860	10.4860	10.4860	-7.4366	-7.4366	-7.4366	-7.4366	-7.4366	87.3655	87.3655	87.3655	87.3655	87.3655	99.9091	552.2364	552.2364	552.2364	552.2364	70.8837	70.8837	70.8837	70.8837	70.8837	70.8837	70.8837	70.8837	70.8837	70.8837	70.8837	70.8837
17.2289	17.2289	17.2289	17.2289	17.2289	17.2289	9.9808	9.9808	9.9808	9.9808	9.9808	-3.2494	-3.2494	-3.2494	-3.2494	-3.2494	25.3746	25.3746	25.3746	25.3746	25.3746	65.2728	536.4365	536.4365	536.4365	536.4365	66.4134	66.4134	66.4134	66.4134	66.4134	66.4134	66.4134	66.4134	66.4134	66.4134	66.4134	66.4134
16.5388	16.5388	16.5388	16.5388	16.5388	16.5388	10.4247	10.4247	10.4247	10.4247	10.4247	-0.3034	-0.3034	-0.3034	-0.3034	-0.3034	-12.9202	-12.9202	-12.9202	-12.9202	-12.9202	-14.7136	521.3269	521.3269	521.3269	521.3269	61.9644	61.9644	61.9644	61.9644	61.9644	61.9644	61.9644	61.9644	61.9644	61.9644	61.9644	61.9644
15.9050	15.9050	15.9050	15.9050	15.9050	15.9050	11.1757	11.1757	11.1757	11.1757	11.1757	1.5615	1.5615	1.5615	1.5615	1.5615	-6.4536	-6.4536	-6.4536	-6.4536	-6.4536	-105.7286	515.5401	515.5401	515.5401	515.5401	57.5364	57.5364	57.5364	57.5364	57.5364	57.5364	57.5364	57.5364	57.5364	57.5364	57.5364	57.5364
15.2209	15.2209	15.2209	15.2209	15.2209	15.2209	11.7855	11.7855	11.7855	11.7855	11.7855	2.5542	2.5542	2.5542	2.5542	2.5542	32.5085	32.5085	32.5085	32.5085	32.5085	-172.5185	516.1260	516.1260	516.1260	516.1260	53.1294	53.1294	53.1294	53.1294	53.1294	53.1294	53.1294	53.1294	53.1294	53.1294	53.1294	53.1294
14.4192	14.4192	14.4192	14.4192	14.4192	14.4192	12.3390	12.3390	12.3390	12.3390	12.3390	2.9323	2.9323	2.9323	2.9323	2.9323	79.5822	79.5822	79.5822	79.5822	79.5822	-197.6953	519.7599	519.7599	519.7599	519.7599	48.7433	48.7433	48.7433	48.7433	48.7433	48.7433	48.7433	48.7433	48.7433	48.7433	48.7433	48.7433
13.4461	13.4461	13.4461	13.4461	13.4461	13.4461	12.6816	12.6816	12.6816	12.6816	12.6816	2.8867	2.8867	2.8867	2.8867	2.8867	108.5663	108.5663	108.5663	108.5663	108.5663	-175.8182	512.9889	512.9889	512.9889	512.9889	44.3779	44.3779	44.3779	44.3779	44.3779	44.3779	44.3779	44.3779	44.3779	44.3779	44.3779	44.3779
12.3587	12.3587	12.3587	12.3587	12.3587	12.3587	12.8436	12.8436	12.8436	12.8436	12.8436	2.5618	2.5618	2.5618	2.5618	2.5618	109.7268	109.7268	109.7268	109.7268	109.7268	-139.4722	480.2054	480.2054	480.2054	480.2054	40.0333	40.0333	40.0333	40.0333	40.0333	40.0333	40.0333	40.0333	40.0333	40.0333	40.0333	40.0333
11.2294	11.2294	11.2294	11.2294	11.2294	11.2294	13.0567	13.0567	13.0567	13.0567	13.0567	1.9326	1.9326	1.9326	1.9326	1.9326	72.3643	72.3643	72.3643	72.3643	72.3643	-120.5946	414.0015	414.0015	414.0015	414.0015	35.7093	35.7093	35.7093	35.7093	35.7093	35.7093	35.7093	35.7093	35.7093	35.7093	35.7093	35.7093
10.1671	10.1671	10.1671	10.1671	10.1671	10.1671	13.3017	13.3017	13.3017	13.3017	13.3017	0.9548	0.9548	0.9548	0.9548	0.9548	10.7678	10.7678	10.7678	10.7678	10.7678	-137.4634	327.9278	327.9278	327.9278	327.9278	31.4059	31.4059	31.4059	31.4059	31.4059	31.4059	31.4059	31.4059	31.4059	31.4059	31.4059	31.4059
9.2329	9.2329	9.2329	9.2329	9.2329	9.2329	13.2959	13.2959	13.2959	13.2959	13.2959	-0.4355	-0.4355	-0.4355	-0.4355	-0.4355	-52.8238	-52.8238	-52.8238	-52.8238	-52.8238	-187.2421	238.1895	238.1895	238.1895	238.1895	27.1228	27.1228	27.1228	27.1228	27.1228	27.1228	27.1228	27.1228	27.1228	27.1228	27.1228	27.1228
8.4811	8.4811	8.4811	8.4811	8.4811	8.4811	12.9545	12.9545	12.9545	12.9545	12.9545	-2.1154	-2.1154	-2.1154	-2.1154	-2.1154	-98.5380	-98.5380	-98.5380	-98.5380	-98.5380	-263.4875	165.7107	165.7107	165.7107	165.7107	22.8601	22.8601	22.8601	22.8601	22.8601	22.8601	22.8601	22.8601	22.8601	22.8601	22.8601	22.8601
7.8633	7.8633	7.8633	7.8633	7.8633	7.8633	12.3462	12.3462	12.3462	12.3462	12.3462	-3.9265	-3.9265	-3.9265	-3.9265	-3.9265	-125.3325	-125.3325	-125.3325	-125.3325	-125.3325	-343.3728	119.2705	119.2705	119.2705	119.2705	18.6177	18.6177	18.6177	18.6177	18.6177	18.6177	18.6177	18.6177	18.6177	18.6177	18.6177	18.6177
7.3401	7.3401	7.3401	7.3401	7.3401	7.3401	11.6688	11.6688	11.6688	11.6688	11.6688	-5.5896	-5.5896	-5.5896	-5.5896	-5.5896	-132.0476	-132.0476	-132.0476	-132.0476	-132.0476	-404.6691	102.3707	102.3707	102.3707	102.3707	14.3954	14.3954	14.3954	14.3954	14.3954	14.3954	14.3954	14.3954	14.3954	14.3954	14.3954	14.3954
6.7961	6.7961	6.7961	6.7961	6.7961	6.7961	10.9791	10.9791	10.9791	10.9791	10.9791	-6.9161	-6.9161	-6.9161	-6.9161	-6.9161	-123.3834	-123.3834	-123.3834	-123.3834	-123.3834	-427.8743	107.6231	107.6231	107.6231	107.6231	10.1932	10.1932	10.1932	10.1932	10.1932	10.1932	10.1932	10.1932	10.1932	10.1932	10.1932	10.1932
6.1364	6.1364	6.1364	6.1364	6.1364	6.1364	10.1543	10.1543	10.1543	10.1543	10.1543	-7.8081	-7.8081	-7.8081	-7.8081	-7.8081	-104.7130	-104.7130	-104.7130	-104.7130	-104.7130	-407.7734	126.6583	126.6583	126.6583	126.6583	6.0110	6.0110	6.0110	6.0110	6.0110	6.0110	6.0110	6.0110	6.0110	6.0110	6.0110	6.0110
5.3001	5.3001	5.3001	5.3001	5.3001	5.3001	9.1914	9.1914	9.1914	9.1914	9.1914	-8.2081	-8.2081	-8.2081	-8.2081	-8.2081	-81.4350	-81.4350	-81.4350	-81.4350	-81.4350	-342.2222	148.7238	148.7238	148.7238	148.7238	1.8487	1.8487	1.8487	1.8487	1.8487	1.8487	1.8487	1.8487	1.8487	1.8487	1.8487	1.8487
4.3658	4.3658	4.3658	4.3658	4.3658	4.3658	8.1449	8.1449	8.1449	8.1449	8.1449	-8.1444	-8.1444	-8.1444	-8.1444	-8.1444	-52.9392	-52.9392	-52.9392	-52.9392	-52.9392	-246.4014	170.8862	170.8862	170.8862	170.8862	-2.2938	-2.2938	-2.2938	-2.2938	-2.2938	-2.2938	-2.2938	-2.2938	-2.2938	-2.2938	-2.2938	-2.2938
3.3828	3.3828	3.3828	3.3828	3.3828	3.3828	7.0170	7.0170	7.0170	7.0170	7.0170	-7.7821	-7.7821	-7.7821	-7.7821	-7.7821	-23.2731	-23.2731	-23.2731	-23.2731	-23.2731	-148.3707	186.2878	186.2878	186.2878	186.2878	-6.4165	-6.4165	-6.4165	-6.4165	-6.4165	-6.4165	-6.4165	-6.4165	-6.4165	-6.4165	-6.4165	-6.4165
2.5334	2.5334	2.5334	2.5334	2.5334	2.5334	5.9362	5.9362	5.9362	5.9362	5.9362	-7.3223	-7.3223	-7.3223	-7.3223	-7.3223	2.4657	2.4657	2.4657	2.4657	2.4657	-70.4592	192.4105	192.4105	192.4105	192.4105	-10.5196	-10.5196	-10.5196	-10.5196	-10.5196	-10.5196	-10.5196	-10.5196	-10.5196	-10.5196	-10.5196	-10.5196
1.9887	1.9887	1.9887	1.9887	1.9887	1.9887	5.0680	5.0680	5.0680	5.0680	5.0680	-7.0023	-7.0023	-7.0023	-7.0023	-7.0023	23.1448	23.1448	23.1448	23.1448	23.1448	-13.7563	191.2404	191.2404	191.2404	191.2404	-14.6032	-14.6032	-14.6032	-14.6032	-14.6032	-14.6032	-14.6032	-14.6032	-14.6032	-14.6032	-14.6032	-14.6032
1.8548	1.8548	1.8548	1.8548	1.8548	1.8548	4.5035	4.5035	4.5035	4.5035	4.5035	-6.8907	-6.8907	-6.8907	-6.8907	-6.8907	34.7209	34.7209	34.7209	34.7209	34.7209	14.7755	184.0079	184.0079	184.0079	184.0079	-18.6672	-18.6672	-18.6672	-18.6672	-18.6672	-18.6672	-18.6672	-18.6672	-18.6672	-18.6672	-18.6672	-18.6672
2.0176	2.0176	2.0176	2.0176	2.0176	2.0176	4.1687	4.1687	4.1687	4.1687	4.1687	-6.9900	-6.9900	-6.9900	-6.9900	-6.9900	35.0748	35.0748	35.0748	35.0748	35.0748	21.1616	171.7121	171.7121	171.7121	171.7121	-22.7119	-22.7119	-22.7119	-22.7119	-22.7119	-22.7119	-22.7119	-22.7119	-22.7119	-22.7119	-22.7119	-22.7119
2.1803	2.1803	2.1803	2.1803	2.1803	2.1803	3.8253	3.8253	3.8253	3.8253	3.8253	-7.3559	-7.3559	-7.3559	-7.3559	-7.3559	27.3123	27.3123	27.3123	27.3123	27.3123	20.6074	160.0377	160.0377	160.0377	160.0377	-26.7373	-26.7373	-26.7373	-26.7373	-26.7373	-26.7373	-26.7373	-26.7373	-26.7373	-26.7373	-26.7373	-26.7373
2.3482	2.3482	2.3482	2.3482	2.3482	2.3482	3.5309	3.5309	3.5309	3.5309	3.5309	-7.7222	-7.7222	-7.7222	-7.7222	-7.7222	17.1026	17.1026	17.1026	17.1026	17.1026	23.9070	151.8443	151.8443	151.8443	151.8443	-30.7435	-30.7435	-30.7435	-30.7435	-30.7435	-30.7435	-30.7435	-30.7435	-30.7435	-30.7435	-30.7435	-30.7435
2.3743	2.3743	2.3743	2.3743	2.3743	2.3743	3.1751	3.1751	3.1751	3.1751	3.1751	-8.0045	-8.0045	-8.0045	-8.0045	-8.0045	9.5964	9.5964	9.5964	9.5964	9.5964	35.8017	147.6399	147.6399	147.6399	147.6399	-34.7305	-34.7305	-34.7305	-34.7305	-34.7305	-34.7305	-34.7305	-34.7305	-34.7305	-34.7305	-34.7305	-34.7305
2.2323	2.2323	2.2323	2.2323	2.2323	2.2323	2.7507	2.7507	2.7507	2.7507	2.7507	-8.0607	-8.0607	-8.0607	-8.0607	-8.0607	7.6921	7.6921	7.6921	7.6921	7.6921	55.1972	146.3276	146.3276	146.3276	146.3276	-38.6985	-38.6985	-38.6985	-38.6985	-38.6985	-38.6985	-38.6985	-38.6985	-38.6985	-38.6985	-38.6985	-38.6985
1.9585	1.9585	1.9585	1.9585	1.9585	1.9585	2.2967	2.2967	2.2967	2.2967	2.2967	-7.7812	-7.7812	-7.7812	-7.7812	-7.7812	11.6309	11.6309	11.6309	11.6309	11.6309	75.8854	145.6619	145.6619	145.6619	145.6619	-42.6475	-42.6475	-42.6475	-42.6475	-42.6475	-42.6475	-42.6475	-42.6475	-42.6475	-42.6475	-42.6475	-42.6475
1.6099	1.6099	1.6099	1.6099	1.6099	1.6099	1.8674	1.8674	1.8674	1.8674	1.8674	-7.1334	-7.1334	-7.1334	-7.1334	-7.1334	20.0289	20.0289	20.0289	20.0289	20.0289	90.4354	143.4968	143.4968	143.4968	143.4968	-46.5776	-46.5776	-46.5776	-46.5776	-46.5776	-46.5776	-46.5776	-46.5776	-46.5776	-46.5776	-46.5776	-46.5776
1.2562	1.2562	1.2562	1.2562	1.2562	1.2562	1.5262	1.5262	1.5262	1.5262	1.5262	-6.0775	-6.0775	-6.0775	-6.0775	-6.0775	30.1749	30.1749	30.1749	30.1749	30.1749	90.9128	137.9758	137.9758	137.9758	137.9758	-50.4890	-50.4890	-50.4890	-50.4890	-50.4890	-50.4890	-50.4890	-50.4890	-50.4890	-50.4890	-50.4890	-50.4890
0.9711	0.9711	0.9711	0.9711	0.9711	0.9711	1.3397	1.3397	1.3397	1.3397	1.3397	-4.5966	-4.5966	-4.5966	-4.5966	-4.5966	38.9151	38.9151	38.9151	38.9151	38.9151	69.2153	127.3388	127.3388	127.3388	127.3388	-54.3816	-54.3816	-54.3816	-54.3816	-54.3816	-54.3816	-54.3816	-54.3816	-54.3816	-54.3816	-54.3816	-54.3816
0.8243	0.8243	0.8243	0.8243	0.8243	0.8243	1.3714	1.3714	1.3714	1.3714	1.3714	-2.6909	-2.6909	-2.6909	-2.6909	-2.6909	43.0167	43.0167	43.0167	43.0167	43.0167	17.7487	110.0697	110.0697	110.0697	110.0697	-58.2556	-58.2556	-58.2556	-58.2556	-58.2556	-58.2556	-58.2556	-58.2556	-58.2556	-58.2556	-58.2556	-58.2556
0.8852	0.8852	0.8852	0.8852	0.8852	0.8852	1.6847	1.6847	1.6847	1.6847	1.6847	-0.3602	-0.3602	-0.3602	-0.3602	-0.3602	39.1812	39.1812	39.1812	39.1812	39.1812	-71.0383	84.6950	84.6950	84.6950	84.6950	-62.1110	-62.1110	-62.1110	-62.1110	-62.1110	-62.1110	-62.1110	-62.1110	-62.1110	-62.1110	-62.1110	-62.1110
1.8489	1.8489	1.8489	1.8489	1.8489	1.8489	2.5965	2.5965	2.5965	2.5965	2.5965	-6.9528	-6.9528	-6.9528	-6.9528	-6.9528	-32.5303	-32.5303	-32.5303	-32.5303	-32.5303	-11.6243	-7.0074	-7.0074	-7.0074	-7.0074	0.0000	0.0000	0.0000	0.0000	0.0000	0.0000	0.0000	0.0000	0.0000	0.0000	0.0000	0.0000
RR HIV after migration (cf before): 1995, 2000, 2010
1.002829	0.999552	0.998965
1.003196	0.999494	0.999198
1.003123	0.999506	0.999151
1.002650	0.999581	0.999280
1.002830	0.999552	0.999288
1.002644	0.999601	0.999403
1.002444	0.999612	0.999464
1.002221	0.999622	0.999495
1.002017	0.999636	0.999490
1.001914	0.999679	0.999520
1.001789	0.999666	0.999387
1.002020	0.999644	0.999505
1.001932	0.999711	0.999533
1.002049	0.999601	0.999461
1.002010	0.999621	0.999499
1.002145	0.999491	0.999468
1.002649	0.999459	0.999335
1.003161	0.999311	0.999106
1.003922	0.999046	0.998905
1.004332	0.998767	0.998586
1.005334	0.998663	0.998215
1.005576	0.998445	0.997932
1.006229	0.998564	0.997712
1.007140	0.998473	0.997771
1.007502	0.998397	0.997616
1.007232	0.998507	0.997670
1.007139	0.998460	0.997737
1.007493	0.998477	0.997726
1.007385	0.998553	0.997495
1.006831	0.998728	0.997712
1.006615	0.998538	0.997574
1.006542	0.998751	0.997869
1.006835	0.998668	0.997754
1.005944	0.998873	0.997963
1.006138	0.998590	0.998067
1.006011	0.998956	0.998342
1.005028	0.998998	0.997988
1.004713	0.999023	0.998380
1.004739	0.998960	0.998520
1.005102	0.999078	0.998628
1.004824	0.999046	0.998431
1.004302	0.999134	0.998776
1.004027	0.999125	0.998804
1.004529	0.999120	0.998908
1.003439	0.999228	0.998887
1.003820	0.999251	0.999042
1.003204	0.999215	0.998957
1.003390	0.999226	0.998979
1.003399	0.999364	0.999074
1.003447	0.999293	0.999210
1.003002	0.999350	0.999178
1.003378	0.999483	0.999277
1.002985	0.999502	0.999312
1.003356	0.999412	0.999366
1.002835	0.999398	0.999455
1.003095	0.999492	0.999518
1.002397	0.999359	0.999205
1.002883	0.999459	0.999345
1.002270	0.999568	0.999298
1.002267	0.999550	0.999502
1.002074	0.999550	0.999633
1.001988	0.999546	0.999649
1.002420	0.999531	0.999492
1.001632	0.999539	0.999454
1.001963	0.999555	0.999510
1.001705	0.999513	0.999625
1.001768	0.999623	0.999400
1.001805	0.999618	0.999517
1.002109	0.999543	0.999484
1.002132	0.999545	0.999644
1.001698	0.999585	0.999583
1.001329	0.999768	0.999661
1.001160	0.999768	0.999722
1.001391	0.999635	0.999665
1.001631	0.999707	0.999709
1.001211	0.999764	0.999604
1.001236	0.999644	0.999674
1.001471	0.999625	0.999478
1.001161	0.999692	0.999568
1.002624	0.999622	0.999573
1.001477	0.999679	0.999854
1.001893	0.999714	0.999614
1.001318	0.999367	0.999489
1.001996	0.999615	0.999611
1.001165	0.999327	0.999550
1.001626	0.999318	1.000000
1.003078	0.999519	0.999582
1.001660	0.999851	0.999613
1.000574	1.000000	0.999612
1.002306	0.999315	0.999482
1.000496	0.999848	0.999873



