	       0.550302	       0.242148	     -0.0351755	     -0.0312058	      0.0499847	     -0.0478085	     -0.0158517	       0.279333	       0.582074	       0.226911
	              0	       0.893469	     -0.0110839	    -0.00454775	      0.0180831	     -0.0144497	    -0.00644662	       0.102675	       0.163126	      0.0861579
	              0	              0	       0.256527	    -0.00139539	    -0.00611654	     0.00337331	     0.00408409	     -0.0264904	     -0.0372413	     -0.0255681
	              0	              0	              0	       0.223572	     -0.0055784	     0.00976085	     0.00216587	     -0.0527973	     -0.0937614	     -0.0384275
	              0	              0	              0	              0	      0.0789714	     -0.0325359	     -0.0109878	       0.182283	       0.274326	        0.14593
	              0	              0	              0	              0	              0	      0.0898778	     0.00146266	     -0.0708306	      -0.116207	       -0.05959
	              0	              0	              0	              0	              0	              0	      0.0575011	     -0.0193984	     -0.0459058	     -0.0203342
	              0	              0	              0	              0	              0	              0	              0	       0.291626	       0.176421	      0.0691848
	              0	              0	              0	              0	              0	              0	              0	              0	       0.922585	      0.0442274
	              0	              0	              0	              0	              0	              0	              0	              0	              0	       0.305874
