cholIMIS 0
	              0	              0	              0	              0	              0	              0	              0	              0	              0	              0
	              0	              0	              0	              0	              0	              0	              0	              0	              0	              0
	              0	              0	              0	              0	              0	              0	              0	              0	              0	              0
	              0	              0	              0	              0	              0	              0	              0	              0	              0	              0
	              0	              0	              0	              0	              0	              0	              0	              0	              0	              0
	              0	              0	              0	              0	              0	              0	              0	              0	              0	              0
	              0	              0	              0	              0	              0	              0	              0	              0	              0	              0
	              0	              0	              0	              0	              0	              0	              0	              0	              0	              0
	              0	              0	              0	              0	              0	              0	              0	              0	              0	              0
	              0	              0	              0	              0	              0	              0	              0	              0	              0	              0
cholIMIS 1
	       0.550302	       0.242148	     -0.0351755	     -0.0312058	      0.0499847	     -0.0478085	     -0.0158517	       0.279333	       0.582074	       0.226911
	              0	       0.893469	     -0.0110839	    -0.00454775	      0.0180831	     -0.0144497	    -0.00644662	       0.102675	       0.163126	      0.0861579
	              0	              0	       0.256527	    -0.00139539	    -0.00611654	     0.00337331	     0.00408409	     -0.0264904	     -0.0372413	     -0.0255681
	              0	              0	              0	       0.223572	     -0.0055784	     0.00976085	     0.00216587	     -0.0527973	     -0.0937614	     -0.0384275
	              0	              0	              0	              0	      0.0789714	     -0.0325359	     -0.0109878	       0.182283	       0.274326	        0.14593
	              0	              0	              0	              0	              0	      0.0898778	     0.00146266	     -0.0708306	      -0.116207	       -0.05959
	              0	              0	              0	              0	              0	              0	      0.0575011	     -0.0193984	     -0.0459058	     -0.0203342
	              0	              0	              0	              0	              0	              0	              0	       0.291626	       0.176421	      0.0691848
	              0	              0	              0	              0	              0	              0	              0	              0	       0.922585	      0.0442274
	              0	              0	              0	              0	              0	              0	              0	              0	              0	       0.305874
cholIMIS 2
	       0.359257	      -0.155305	     -0.0135859	     -0.0238428	     0.00423025	     -0.0240999	     -0.0148698	       0.147353	       0.424352	      0.0571689
	              0	        1.04588	     -0.0227893	      -0.013685	      0.0518479	      0.0304646	     0.00452033	      0.0263443	      -0.554789	       0.179962
	              0	              0	       0.172721	    -0.00442893	    -0.00670564	     0.00323255	    -0.00115835	     0.00122696	     -0.0567042	     -0.0108523
	              0	              0	              0	       0.164936	    -0.00110827	     0.00275018	     0.00280032	     -0.0372336	     -0.0325749	     -0.0384959
	              0	              0	              0	              0	      0.0600843	    -0.00892494	     0.00134251	      0.0658273	      0.0481834	        0.10919
	              0	              0	              0	              0	              0	      0.0709322	      0.0025842	     -0.0741646	      -0.293869	     -0.0184176
	              0	              0	              0	              0	              0	              0	      0.0426571	     -0.0307441	     -0.0756472	     -0.0036545
	              0	              0	              0	              0	              0	              0	              0	       0.212227	       0.166349	      0.0304019
	              0	              0	              0	              0	              0	              0	              0	              0	       0.717782	    -0.00610082
	              0	              0	              0	              0	              0	              0	              0	              0	              0	       0.219611
cholIMIS 3
	       0.291712	     -0.0238756	     -0.0620342	      0.0422421	     -0.0173829	    -0.00237447	     0.00991372	      0.0108023	       0.178899	       0.118203
	              0	       0.595815	     0.00220814	     -0.0189553	      0.0174278	     0.00927308	    -0.00524574	      0.0279217	      -0.186881	      0.0437797
	              0	              0	       0.170538	     -0.0503597	      0.0187739	    -0.00355956	     -0.0131094	      0.0476856	     -0.0165076	     -0.0688888
	              0	              0	              0	       0.159262	     -0.0220832	      0.0044689	      0.0127781	     -0.0579405	       0.010162	      0.0544891
	              0	              0	              0	              0	      0.0524481	    -0.00910729	     -0.0119998	      0.0778433	      0.0315701	     -0.0159427
	              0	              0	              0	              0	              0	      0.0555239	    -0.00106446	      -0.045255	      -0.158109	    -0.00808907
	              0	              0	              0	              0	              0	              0	      0.0365276	     -0.0214605	     -0.0274635	      0.0451524
	              0	              0	              0	              0	              0	              0	              0	       0.176289	      0.0905121	     0.00856549
	              0	              0	              0	              0	              0	              0	              0	              0	       0.566014	      0.0118261
	              0	              0	              0	              0	              0	              0	              0	              0	              0	       0.219956
cholIMIS 4
	         0.2475	     -0.0994061	      0.0415903	     -0.0129005	    9.36581e-05	     -0.0205002	     -0.0217247	     -0.0385003	      -0.451877	       0.011013
	              0	       0.398815	      0.0800233	     -0.0676664	     0.00724453	     0.00774563	    -0.00959365	      0.0240989	       -0.12563	    -0.00481237
	              0	              0	       0.111405	     -0.0570685	     0.00436844	    -0.00386359	     -0.0146172	    0.000219646	       -0.17228	     -0.0270254
	              0	              0	              0	      0.0681042	    -0.00369968	    0.000233224	     0.00395888	    -0.00938489	      0.0202488	   -6.92105e-05
	              0	              0	              0	              0	      0.0213866	    -0.00545109	    -0.00545076	      0.0225105	     -0.0429084	     -0.0183517
	              0	              0	              0	              0	              0	      0.0229524	     0.00159136	    -0.00875564	      0.0310488	     0.00922583
	              0	              0	              0	              0	              0	              0	      0.0162241	     0.00161215	      0.0919839	      0.0150508
	              0	              0	              0	              0	              0	              0	              0	      0.0764944	       0.099322	     -0.0066447
	              0	              0	              0	              0	              0	              0	              0	              0	       0.290452	     0.00499301
	              0	              0	              0	              0	              0	              0	              0	              0	              0	      0.0990603
cholIMIS 5
	        0.16177	      -0.120031	     -0.0279081	      0.0402848	   -0.000914567	    -0.00449971	     -0.0144691	    -0.00923931	      -0.364324	     -0.0221822
	              0	       0.235166	      0.0193981	     -0.0139321	    0.000195026	     0.00779664	    -0.00292074	     0.00823614	     -0.0873188	    -0.00596537
	              0	              0	      0.0511655	     -0.0295671	    6.91755e-05	    -0.00122478	    -0.00353181	     0.00401268	     -0.0178306	     0.00372232
	              0	              0	              0	      0.0469116	    -0.00136926	     0.00468237	    -0.00672099	     -0.0156389	       -0.18416	     -0.0198488
	              0	              0	              0	              0	      0.0230091	    -0.00636741	    -0.00384139	     0.00864892	     -0.0476255	     -0.0161764
	              0	              0	              0	              0	              0	       0.016544	    -0.00630322	    -0.00895772	      -0.169099	     -0.0123236
	              0	              0	              0	              0	              0	              0	      0.0183165	     -0.0115198	       0.218369	      0.0286713
	              0	              0	              0	              0	              0	              0	              0	      0.0534198	      0.0578623	     -0.0154691
	              0	              0	              0	              0	              0	              0	              0	              0	       0.251848	      0.0124527
	              0	              0	              0	              0	              0	              0	              0	              0	              0	      0.0621261
cholIMIS 6
	       0.131301	      -0.108115	     -0.0223295	      0.0278335	    -0.00892731	    -0.00249422	     0.00752689	     -0.0274643	     -0.0419684	      0.0156121
	              0	        0.26107	      0.0227938	     -0.0164203	     0.00266448	      0.0023188	     0.00476434	    -0.00945835	       0.136936	     0.00494115
	              0	              0	      0.0408081	     -0.0273092	     -0.0061475	     0.00147045	    0.000172925	    -0.00771179	       0.058995	      0.0163003
	              0	              0	              0	      0.0302123	    -0.00650757	     0.00692225	     0.00412454	      -0.028826	      -0.127834	    -0.00733695
	              0	              0	              0	              0	      0.0199814	    -0.00574462	     -0.0126992	      0.0130191	     -0.0109895	     -0.0171422
	              0	              0	              0	              0	              0	      0.0127771	   -0.000257019	    -0.00664644	      -0.143531	     -0.0030227
	              0	              0	              0	              0	              0	              0	      0.0215586	     -0.0161346	        0.16889	      0.0170552
	              0	              0	              0	              0	              0	              0	              0	      0.0439679	     -0.0238587	     -0.0403087
	              0	              0	              0	              0	              0	              0	              0	              0	       0.340239	   -0.000713609
	              0	              0	              0	              0	              0	              0	              0	              0	              0	      0.0409869
cholIMIS 7
	       0.174624	      -0.147345	     -0.0173634	      0.0156685	     -0.0171366	    0.000937074	     0.00976251	     -0.0467336	       0.304959	      0.0468615
	              0	       0.306864	    0.000166527	     0.00269478	      0.0122297	    -0.00162385	    -0.00983289	    -0.00526379	      0.0884109	     -0.0123862
	              0	              0	      0.0349523	     -0.0243241	     -0.0128518	     0.00328367	     0.00521403	    -0.00714456	      0.0658468	      0.0183239
	              0	              0	              0	      0.0282532	     0.00367915	     0.00173516	    -0.00372054	    -0.00912423	     -0.0710209	        -0.0176
	              0	              0	              0	              0	      0.0296041	     -0.0048544	    -0.00828402	      0.0156989	     -0.0549178	     -0.0215305
	              0	              0	              0	              0	              0	      0.0119924	     0.00570004	     -0.0121547	     -0.0220903	    0.000324106
	              0	              0	              0	              0	              0	              0	      0.0164633	     -0.0278743	       0.234299	      0.0345969
	              0	              0	              0	              0	              0	              0	              0	      0.0486396	      -0.185848	     -0.0357465
	              0	              0	              0	              0	              0	              0	              0	              0	        0.37528	     0.00819795
	              0	              0	              0	              0	              0	              0	              0	              0	              0	      0.0454347
cholIMIS 8
	       0.159952	      0.0312481	      -0.030946	      0.0380465	     -0.0023769	     0.00108429	     0.00028999	     -0.0374338	       0.103416	      0.0161052
	              0	       0.332466	     0.00320191	      0.0013822	     0.00955342	     0.00531477	     0.00554469	    -0.00882602	     -0.0134273	     -0.0163395
	              0	              0	       0.029689	     -0.0239955	    -0.00455058	     9.5681e-05	     0.00304089	    -0.00138096	     -0.0254869	     0.00422918
	              0	              0	              0	      0.0196746	     0.00229816	    0.000639414	     -0.0150682	     0.00530558	      -0.152039	     -0.0285973
	              0	              0	              0	              0	      0.0176658	    -0.00169801	    -0.00935887	      0.0135668	     -0.0660232	     -0.0159652
	              0	              0	              0	              0	              0	     0.00968606	      0.0169654	     -0.0172089	      0.0349218	      0.0101909
	              0	              0	              0	              0	              0	              0	      0.0225275	     -0.0191767	       0.116109	      0.0161535
	              0	              0	              0	              0	              0	              0	              0	      0.0339837	       -0.10254	     -0.0361185
	              0	              0	              0	              0	              0	              0	              0	              0	       0.267589	      0.0043642
	              0	              0	              0	              0	              0	              0	              0	              0	              0	      0.0258883
cholIMIS 9
	       0.153854	      -0.026269	     -0.0261019	      0.0265272	     0.00361173	     -0.0028044	     0.00143786	     -0.0315103	     0.00912357	      0.0104032
	              0	       0.318975	      0.0025489	     0.00792215	     0.00551912	     0.00143568	    -0.00804347	     -0.0112678	      0.0378368	      -0.013091
	              0	              0	      0.0356102	     -0.0280701	    -0.00929789	     0.00388051	     0.00099781	     0.00529789	       0.107884	     0.00563132
	              0	              0	              0	      0.0313605	    -0.00754605	      0.0116549	    -0.00184038	     -0.0312609	      0.0936447	     -0.0161117
	              0	              0	              0	              0	      0.0268032	    -0.00502237	    -0.00839217	     0.00708432	     -0.0518592	     -0.0104093
	              0	              0	              0	              0	              0	      0.0138307	      0.0109115	     -0.0165899	      0.0299312	     0.00878961
	              0	              0	              0	              0	              0	              0	      0.0174778	     -0.0117854	      0.0115398	      0.0143088
	              0	              0	              0	              0	              0	              0	              0	      0.0461202	      -0.129881	     -0.0468513
	              0	              0	              0	              0	              0	              0	              0	              0	       0.350262	     0.00644325
	              0	              0	              0	              0	              0	              0	              0	              0	              0	      0.0338619
cholIMIS 10
	       0.132081	     -0.0137045	     -0.0223058	      0.0203763	     0.00801068	    0.000557142	      0.0155467	     -0.0432748	      0.0905836	       0.032447
	              0	       0.409049	     -0.0128756	      0.0482823	      0.0225831	      0.0287066	      0.0238216	      -0.108695	       0.255888	      0.0386489
	              0	              0	      0.0293125	     -0.0273699	    -0.00751718	    -0.00165909	    -0.00497861	      0.0106488	      0.0449275	     0.00777455
	              0	              0	              0	      0.0300805	     0.00244408	      0.0164879	     0.00672852	     -0.0438153	        0.11164	    0.000578733
	              0	              0	              0	              0	      0.0222561	      0.0024657	      0.0062458	     -0.0123498	      0.0506257	      0.0110213
	              0	              0	              0	              0	              0	      0.0146019	      0.0200406	      -0.033708	       0.130542	      0.0302542
	              0	              0	              0	              0	              0	              0	      0.0177725	     -0.0212601	      0.0842621	      0.0279403
	              0	              0	              0	              0	              0	              0	              0	      0.0400324	      -0.111662	     -0.0406523
	              0	              0	              0	              0	              0	              0	              0	              0	        0.24959	     0.00542989
	              0	              0	              0	              0	              0	              0	              0	              0	              0	      0.0266406
cholIMIS 11
	       0.186824	     -0.0625303	    -0.00355643	     0.00817691	     0.00182888	    -0.00696528	     0.00437115	     -0.0246501	     -0.0658746	      0.0146637
	              0	       0.252409	    0.000692018	      0.0121224	    1.45984e-05	     0.00865917	    -0.00182608	     0.00223113	     -0.0126819	     -0.0389461
	              0	              0	      0.0374234	     -0.0316406	    -0.00470646	    0.000715621	    -0.00306539	     -0.0103158	      0.0641843	      0.0284977
	              0	              0	              0	      0.0312108	     -0.0025711	      0.0140736	    -0.00801544	     -0.0623751	        0.14812	      0.0129636
	              0	              0	              0	              0	      0.0234535	    -0.00414671	    -0.00456472	      0.0120122	     -0.0720947	     -0.0203612
	              0	              0	              0	              0	              0	      0.0112268	      0.0142403	    0.000819998	      0.0421602	    -0.00497565
	              0	              0	              0	              0	              0	              0	      0.0197594	      0.0130592	      0.0315851	    -0.00907306
	              0	              0	              0	              0	              0	              0	              0	       0.067444	       -0.16601	     -0.0841504
	              0	              0	              0	              0	              0	              0	              0	              0	       0.274341	     0.00642702
	              0	              0	              0	              0	              0	              0	              0	              0	              0	      0.0238598
cholIMIS 12
	       0.176617	      0.0136684	    -0.00551296	     0.00222971	    -0.00501118	     -0.0127346	   -0.000838688	     -0.0129972	     -0.0378131	      0.0146174
	              0	       0.299283	      0.0178651	    -0.00599489	    -0.00175344	     0.00380927	    -0.00769758	    -0.00465913	     -0.0220608	     -0.0182914
	              0	              0	      0.0430551	      -0.043974	    -0.00799089	    -0.00280788	     0.00162016	      0.0237685	       0.145155	     0.00523767
	              0	              0	              0	      0.0320069	    -0.00113346	      0.0130276	     -0.0106205	     -0.0519712	       0.140216	     0.00198276
	              0	              0	              0	              0	       0.027983	    0.000758091	     0.00547537	    0.000390511	     -0.0585523	    -0.00416129
	              0	              0	              0	              0	              0	      0.0140728	      0.0210736	   -3.86284e-05	      0.0183728	    -0.00331133
	              0	              0	              0	              0	              0	              0	      0.0181333	    -0.00514062	       0.115234	       0.012185
	              0	              0	              0	              0	              0	              0	              0	       0.046835	     -0.0718803	     -0.0577402
	              0	              0	              0	              0	              0	              0	              0	              0	       0.297854	     0.00281567
	              0	              0	              0	              0	              0	              0	              0	              0	              0	      0.0188138
cholIMIS 13
	       0.199126	      0.0365132	     -0.0267592	      0.0178668	    -0.00647596	     -0.0115446	    0.000412451	     -0.0231588	     -0.0906142	      0.0267669
	              0	        0.33675	      0.0181062	     -0.0125889	      0.0003527	     0.00186176	    -0.00181088	     -0.0126128	      0.0155715	      0.0034486
	              0	              0	      0.0481568	     -0.0444244	   -0.000519757	    -0.00158936	    -0.00583374	       0.024811	     -0.0184882	    -0.00655002
	              0	              0	              0	      0.0367077	    0.000579133	      0.0122721	    -0.00994113	     -0.0509071	      0.0704349	    -0.00605415
	              0	              0	              0	              0	      0.0271591	    0.000785785	   -0.000786847	     0.00952875	     0.00716457	     -0.0173343
	              0	              0	              0	              0	              0	      0.0126364	      0.0157678	    -0.00370787	     -0.0368751	    -0.00476525
	              0	              0	              0	              0	              0	              0	      0.0199664	     -0.0178241	      0.0354096	       0.027287
	              0	              0	              0	              0	              0	              0	              0	      0.0550595	       -0.10134	     -0.0673931
	              0	              0	              0	              0	              0	              0	              0	              0	        0.33894	      0.0036648
	              0	              0	              0	              0	              0	              0	              0	              0	              0	      0.0234747
cholIMIS 14
	       0.180466	     -0.0104089	     -0.0203946	       0.010186	     0.00189322	    -0.00300287	     0.00784069	    -0.00729213	     -0.0716183	      0.0119795
	              0	       0.315396	      0.0076655	    -0.00514449	     0.00395878	    -0.00066846	    -0.00241844	    -0.00846088	      -0.093332	     -0.0043889
	              0	              0	      0.0317313	     -0.0278335	     0.00313307	     0.00500536	     0.00213698	      0.0129945	      0.0446421	    -0.00372305
	              0	              0	              0	      0.0324649	   -0.000814754	      0.0110243	    -0.00703993	     -0.0493882	      0.0540773	    -0.00112828
	              0	              0	              0	              0	      0.0279342	     0.00982538	     0.00683724	      0.0140338	      0.0456524	      -0.025513
	              0	              0	              0	              0	              0	      0.0178114	      0.0202061	      0.0128125	      0.0752084	     -0.0182201
	              0	              0	              0	              0	              0	              0	      0.0149212	     -0.0121057	      0.0405214	      0.0157146
	              0	              0	              0	              0	              0	              0	              0	      0.0461509	     -0.0856807	     -0.0548922
	              0	              0	              0	              0	              0	              0	              0	              0	        0.37712	     0.00180691
	              0	              0	              0	              0	              0	              0	              0	              0	              0	      0.0218324
